124 0.890625 0.14543269230769232 0.14903846153846154 0.15985576923076922
34 0.48197115384615385 0.14903846153846154 0.14182692307692307 0.15865384615384615
191 0.0829326923076923 0.1502403846153846 0.12860576923076922 0.1502403846153846
123 0.1310096153846154 0.32572115384615385 0.16706730769230768 0.17307692307692307
33 0.7007211538461539 0.5564903846153846 0.14423076923076922 0.18269230769230768
190 0.09615384615384616 0.5612980769230769 0.1310096153846154 0.17548076923076922
191 0.2620192307692308 0.5997596153846154 0.14783653846153846 0.15504807692307693
124 0.8846153846153846 0.6021634615384616 0.16105769230769232 0.17548076923076922
34 0.46153846153846156 0.6129807692307693 0.15625 0.15865384615384615
123 0.13581730769230768 0.7932692307692307 0.15504807692307693 0.17668269230769232
190 0.6862980769230769 0.09975961538461539 0.11538461538461539 0.17548076923076922
33 0.31009615384615385 0.10817307692307693 0.140625 0.16466346153846154