192 0.078125 0.3701923076923077 0.15625 0.17307692307692307
35 0.10336538461538461 0.5829326923076923 0.18509615384615385 0.19951923076923078
192 0.8617788461538461 0.47716346153846156 0.18509615384615385 0.19230769230769232
192 0.28365384615384615 0.5600961538461539 0.1875 0.19230769230769232
35 0.47475961538461536 0.5324519230769231 0.1875 0.1971153846153846
125 0.6730769230769231 0.5096153846153846 0.20673076923076922 0.20192307692307693
125 0.14423076923076922 0.78125 0.20432692307692307 0.1875
192 0.22235576923076922 0.14423076923076922 0.1778846153846154 0.17067307692307693
125 0.4254807692307692 0.11658653846153846 0.20192307692307693 0.18269230769230768
35 0.6262019230769231 0.09254807692307693 0.18028846153846154 0.18269230769230768
125 0.8245192307692307 0.07692307692307693 0.1971153846153846 0.15384615384615385
35 0.06850961538461539 0.1778846153846154 0.13701923076923078 0.17307692307692307