26 0.9170673076923077 0.3557692307692308 0.12139423076923077 0.16947115384615385
116 0.24759615384615385 0.35697115384615385 0.14182692307692307 0.15985576923076922
15 0.078125 0.35697115384615385 0.11658653846153846 0.15985576923076922
116 0.7487980769230769 0.359375 0.14423076923076922 0.16706730769230768
15 0.5877403846153846 0.3641826923076923 0.12139423076923077 0.16706730769230768
26 0.421875 0.36538461538461536 0.12620192307692307 0.1622596153846154
97 0.859375 0.6346153846153846 0.14302884615384615 0.13581730769230768
97 0.6995192307692307 0.6430288461538461 0.14302884615384615 0.12860576923076922
7 0.07932692307692307 0.6442307692307693 0.12139423076923077 0.12860576923076922
7 0.38822115384615385 0.6442307692307693 0.11298076923076923 0.12139423076923077
18 0.23798076923076922 0.6466346153846154 0.11538461538461539 0.12139423076923077
18 0.5420673076923077 0.6466346153846154 0.12980769230769232 0.12980769230769232
97 0.6935096153846154 0.9014423076923077 0.14302884615384615 0.12740384615384615
97 0.8617788461538461 0.9074519230769231 0.14302884615384615 0.1141826923076923
18 0.234375 0.9110576923076923 0.1201923076923077 0.11778846153846154
7 0.3858173076923077 0.9122596153846154 0.12379807692307693 0.13221153846153846
18 0.08533653846153846 0.9158653846153846 0.12379807692307693 0.10336538461538461
7 0.5372596153846154 0.9170673076923077 0.11538461538461539 0.13221153846153846
97 0.7067307692307693 0.11057692307692307 0.15504807692307693 0.13221153846153846
97 0.23918269230769232 0.11057692307692307 0.14543269230769232 0.1201923076923077
18 0.8653846153846154 0.11177884615384616 0.125 0.12379807692307693
18 0.3942307692307692 0.1141826923076923 0.13341346153846154 0.1141826923076923
7 0.08052884615384616 0.1141826923076923 0.11658653846153846 0.14543269230769232
7 0.5552884615384616 0.11658653846153846 0.11899038461538461 0.125