97 0.8329326923076923 0.38822115384615385 0.13221153846153846 0.13341346153846154
18 0.6826923076923077 0.3918269230769231 0.1141826923076923 0.12620192307692307
7 0.22956730769230768 0.3942307692307692 0.12379807692307693 0.12620192307692307
7 0.3798076923076923 0.3954326923076923 0.11658653846153846 0.13221153846153846
97 0.5300480769230769 0.39903846153846156 0.12980769230769232 0.125
18 0.078125 0.40384615384615385 0.11778846153846154 0.125
7 0.5420673076923077 0.6514423076923077 0.125 0.12379807692307693
18 0.8377403846153846 0.6538461538461539 0.12980769230769232 0.12379807692307693
7 0.6911057692307693 0.6574519230769231 0.12139423076923077 0.1201923076923077
18 0.078125 0.6574519230769231 0.125 0.10096153846153846
97 0.2283653846153846 0.6586538461538461 0.13942307692307693 0.12620192307692307
97 0.3858173076923077 0.6586538461538461 0.13341346153846154 0.11658653846153846
116 0.5612980769230769 0.8786057692307693 0.13942307692307693 0.15504807692307693
116 0.234375 0.8822115384615384 0.13341346153846154 0.15144230769230768
26 0.8966346153846154 0.8834134615384616 0.11899038461538461 0.16105769230769232
15 0.7331730769230769 0.8846153846153846 0.11778846153846154 0.15504807692307693
26 0.07932692307692307 0.8846153846153846 0.11899038461538461 0.15504807692307693
15 0.40625 0.8858173076923077 0.11177884615384616 0.16466346153846154
116 0.8894230769230769 0.11538461538461539 0.13581730769230768 0.15264423076923078
26 0.3954326923076923 0.11899038461538461 0.11658653846153846 0.15625
116 0.7271634615384616 0.11899038461538461 0.12980769230769232 0.14302884615384615
15 0.23677884615384615 0.1201923076923077 0.10817307692307693 0.15504807692307693
15 0.5564903846153846 0.12259615384615384 0.10697115384615384 0.15264423076923078
26 0.07451923076923077 0.12379807692307693 0.11057692307692307 0.1502403846153846