97 0.8461538461538461 0.4411057692307692 0.15144230769230768 0.15144230769230768
18 0.6971153846153846 0.421875 0.13221153846153846 0.14182692307692307
7 0.25 0.35336538461538464 0.14182692307692307 0.14423076923076922
7 0.39783653846153844 0.37740384615384615 0.13701923076923078 0.14903846153846154
97 0.5456730769230769 0.4050480769230769 0.1466346153846154 0.14423076923076922
18 0.0985576923076923 0.3389423076923077 0.13701923076923078 0.14182692307692307
7 0.5180288461538461 0.65625 0.14182692307692307 0.14182692307692307
18 0.8100961538461539 0.7043269230769231 0.1466346153846154 0.14182692307692307
7 0.6646634615384616 0.6850961538461539 0.13942307692307693 0.13701923076923078
18 0.06370192307692307 0.5889423076923077 0.12740384615384615 0.1201923076923077
97 0.20673076923076922 0.6141826923076923 0.15625 0.1466346153846154
97 0.3629807692307692 0.6394230769230769 0.14903846153846154 0.13701923076923078
116 0.5012019230769231 0.8834134615384616 0.16105769230769232 0.17548076923076922
116 0.1778846153846154 0.8365384615384616 0.15625 0.17067307692307693
26 0.8305288461538461 0.9254807692307693 0.14182692307692307 0.14903846153846154
15 0.6706730769230769 0.9146634615384616 0.13942307692307693 0.17067307692307693
26 0.046875 0.8137019230769231 0.09375 0.17067307692307693
15 0.3473557692307692 0.8665865384615384 0.13701923076923078 0.18028846153846154
116 0.9326923076923077 0.18028846153846154 0.1346153846153846 0.17307692307692307
26 0.4567307692307692 0.10697115384615384 0.13942307692307693 0.17307692307692307
116 0.7836538461538461 0.15865384615384615 0.15144230769230768 0.16105769230769232
15 0.29927884615384615 0.08413461538461539 0.13221153846153846 0.16826923076923078
15 0.6153846153846154 0.13581730769230768 0.12980769230769232 0.16826923076923078
26 0.13822115384615385 0.07211538461538461 0.13221153846153846 0.14423076923076922