145 0.8689903846153846 0.09014423076923077 0.17067307692307693 0.18028846153846154
51 0.0733173076923077 0.19110576923076922 0.1466346153846154 0.17548076923076922
229 0.47475961538461536 0.1622596153846154 0.1466346153846154 0.1778846153846154
159 0.26802884615384615 0.18389423076923078 0.1778846153846154 0.18028846153846154
226 0.09615384615384616 0.3798076923076923 0.14182692307692307 0.15625
226 0.2824519230769231 0.5961538461538461 0.1346153846153846 0.17307692307692307
48 0.6418269230769231 0.5673076923076923 0.12980769230769232 0.1658653846153846
145 0.4723557692307692 0.5865384615384616 0.17067307692307693 0.17548076923076922
229 0.8137019230769231 0.5925480769230769 0.1346153846153846 0.19230769230769232
51 0.11658653846153846 0.6574519230769231 0.1346153846153846 0.17548076923076922
159 0.15985576923076922 0.8810096153846154 0.18028846153846154 0.1658653846153846
48 0.6778846153846154 0.09975961538461539 0.13701923076923078 0.16346153846153846