116 0.2764423076923077 0.3233173076923077 0.15865384615384615 0.17548076923076922
15 0.9278846153846154 0.4254807692307692 0.14423076923076922 0.18269230769230768
116 0.6057692307692307 0.38221153846153844 0.1466346153846154 0.17307692307692307
15 0.7668269230769231 0.4074519230769231 0.13701923076923078 0.17067307692307693
26 0.11778846153846154 0.30408653846153844 0.14182692307692307 0.16826923076923078
26 0.44471153846153844 0.3605769230769231 0.14182692307692307 0.17548076923076922
97 0.08774038461538461 0.5733173076923077 0.1658653846153846 0.15144230769230768
97 0.38341346153846156 0.6201923076923077 0.15625 0.15625
7 0.23918269230769232 0.5985576923076923 0.13942307692307693 0.14903846153846154
7 0.6850961538461539 0.6742788461538461 0.13942307692307693 0.14423076923076922
18 0.5408653846153846 0.6538461538461539 0.12980769230769232 0.14423076923076922
18 0.8353365384615384 0.7055288461538461 0.1466346153846154 0.15144230769230768
97 0.1971153846153846 0.8509615384615384 0.15384615384615385 0.14903846153846154
7 0.3485576923076923 0.8798076923076923 0.12740384615384615 0.1346153846153846
97 0.06009615384615385 0.8329326923076923 0.1201923076923077 0.14182692307692307
18 0.49278846153846156 0.9050480769230769 0.14182692307692307 0.14423076923076922
7 0.6454326923076923 0.9290865384615384 0.13701923076923078 0.14182692307692307
18 0.7956730769230769 0.9423076923076923 0.14423076923076922 0.11538461538461539
116 0.9447115384615384 0.171875 0.11057692307692307 0.17548076923076922
116 0.48197115384615385 0.09975961538461539 0.15144230769230768 0.16346153846153846
26 0.8028846153846154 0.15144230769230768 0.1466346153846154 0.18269230769230768
15 0.31009615384615385 0.08052884615384616 0.13942307692307693 0.16105769230769232
15 0.6358173076923077 0.12860576923076922 0.13942307692307693 0.18509615384615385
26 0.15504807692307693 0.07091346153846154 0.1466346153846154 0.14182692307692307