26 0.8846153846153846 0.28966346153846156 0.16105769230769232 0.18990384615384615
26 0.7355769230769231 0.3173076923076923 0.14903846153846154 0.18509615384615385
15 0.07091346153846154 0.4375 0.14182692307692307 0.1778846153846154
116 0.5685096153846154 0.35216346153846156 0.16346153846153846 0.1778846153846154
116 0.40024038461538464 0.38221153846153844 0.1466346153846154 0.17307692307692307
15 0.23197115384615385 0.41346153846153844 0.15865384615384615 0.18028846153846154
116 0.921875 0.5300480769230769 0.15625 0.17067307692307693
116 0.7596153846153846 0.5612980769230769 0.16346153846153846 0.18028846153846154
15 0.1201923076923077 0.6754807692307693 0.14903846153846154 0.18509615384615385
26 0.27884615384615385 0.6490384615384616 0.13942307692307693 0.17548076923076922
26 0.4362980769230769 0.6225961538461539 0.15384615384615385 0.1778846153846154
15 0.6009615384615384 0.6069711538461539 0.14423076923076922 0.1875
116 0.4855769230769231 0.8569711538461539 0.15865384615384615 0.18028846153846154
15 0.31971153846153844 0.890625 0.13701923076923078 0.17548076923076922
26 0.9495192307692307 0.7776442307692307 0.10096153846153846 0.18509615384615385
15 0.6442307692307693 0.8377403846153846 0.14182692307692307 0.1778846153846154
26 0.16466346153846154 0.9170673076923077 0.14182692307692307 0.1658653846153846
116 0.359375 0.13581730769230768 0.16105769230769232 0.17067307692307693
116 0.1935096153846154 0.1658653846153846 0.15865384615384615 0.1778846153846154
26 0.5288461538461539 0.10697115384615384 0.14903846153846154 0.1778846153846154
26 0.6887019230769231 0.08173076923076923 0.14182692307692307 0.16346153846153846
15 0.04927884615384615 0.19831730769230768 0.0985576923076923 0.17067307692307693
15 0.8485576923076923 0.07211538461538461 0.1346153846153846 0.14423076923076922