115 0.8834134615384616 0.3485576923076923 0.12980769230769232 0.15384615384615385
25 0.2403846153846154 0.35096153846153844 0.11298076923076923 0.15865384615384615
14 0.078125 0.3545673076923077 0.11538461538461539 0.15625
17 0.39783653846153844 0.38822115384615385 0.11057692307692307 0.16826923076923078
118 0.7151442307692307 0.3918269230769231 0.14182692307692307 0.1778846153846154
28 0.5600961538461539 0.39783653846153844 0.11298076923076923 0.15384615384615385
25 0.40384615384615385 0.5949519230769231 0.10576923076923077 0.15384615384615385
14 0.0829326923076923 0.5985576923076923 0.1201923076923077 0.15625
115 0.7235576923076923 0.6045673076923077 0.12980769230769232 0.15865384615384615
118 0.8846153846153846 0.6298076923076923 0.13942307692307693 0.16826923076923078
28 0.5552884615384616 0.6334134615384616 0.1201923076923077 0.16105769230769232
17 0.23798076923076922 0.6346153846153846 0.11057692307692307 0.16346153846153846
115 0.5697115384615384 0.8329326923076923 0.12980769230769232 0.14903846153846154
25 0.7331730769230769 0.8389423076923077 0.11057692307692307 0.14903846153846154
14 0.07692307692307693 0.8413461538461539 0.11538461538461539 0.17307692307692307
17 0.890625 0.875 0.11778846153846154 0.1658653846153846
28 0.24278846153846154 0.8786057692307693 0.11298076923076923 0.15384615384615385
118 0.3954326923076923 0.8798076923076923 0.1346153846153846 0.16826923076923078
115 0.24519230769230768 0.1141826923076923 0.13221153846153846 0.14182692307692307
25 0.40384615384615385 0.11538461538461539 0.125 0.15144230769230768
14 0.09134615384615384 0.11658653846153846 0.1201923076923077 0.15144230769230768
28 0.5588942307692307 0.1502403846153846 0.12980769230769232 0.15384615384615385
17 0.7175480769230769 0.15264423076923078 0.11538461538461539 0.1658653846153846
118 0.8810096153846154 0.15264423076923078 0.1346153846153846 0.1658653846153846