115 0.6742788461538461 0.2860576923076923 0.11778846153846154 0.12740384615384615
25 0.5540865384615384 0.28365384615384615 0.0985576923076923 0.12740384615384615
14 0.4182692307692308 0.27403846153846156 0.10336538461538461 0.125
118 0.8088942307692307 0.3233173076923077 0.12259615384615384 0.1346153846153846
28 0.28966346153846156 0.28725961538461536 0.10817307692307693 0.13942307692307693
17 0.1658653846153846 0.2824519230769231 0.11538461538461539 0.14903846153846154
115 0.41346153846153844 0.46153846153846156 0.11298076923076923 0.13701923076923078
14 0.28125 0.4543269230769231 0.10576923076923077 0.1346153846153846
25 0.6706730769230769 0.4831730769230769 0.10336538461538461 0.13221153846153846
118 0.5384615384615384 0.4963942307692308 0.11538461538461539 0.1466346153846154
17 0.14903846153846154 0.4699519230769231 0.11538461538461539 0.1346153846153846
28 0.796875 0.5180288461538461 0.10576923076923077 0.12740384615384615
115 0.5300480769230769 0.6574519230769231 0.11778846153846154 0.13701923076923078
14 0.6550480769230769 0.671875 0.09615384615384616 0.13942307692307693
25 0.13942307692307693 0.6370192307692307 0.10096153846153846 0.12740384615384615
118 0.39663461538461536 0.6766826923076923 0.11057692307692307 0.14182692307692307
17 0.7848557692307693 0.7043269230769231 0.1201923076923077 0.15144230769230768
28 0.265625 0.6694711538461539 0.10576923076923077 0.13942307692307693
115 0.4495192307692308 0.07572115384615384 0.11057692307692307 0.1201923076923077
14 0.8293269230769231 0.10336538461538461 0.11778846153846154 0.12980769230769232
25 0.703125 0.09735576923076923 0.10336538461538461 0.12980769230769232
25 0.13221153846153846 0.8233173076923077 0.09375 0.13221153846153846
14 0.390625 0.8425480769230769 0.09615384615384616 0.1346153846153846
115 0.25841346153846156 0.8389423076923077 0.11057692307692307 0.13942307692307693
118 0.5108173076923077 0.8762019230769231 0.11057692307692307 0.1466346153846154
17 0.640625 0.890625 0.10576923076923077 0.13942307692307693
28 0.7680288461538461 0.9050480769230769 0.10096153846153846 0.125
118 0.30649038461538464 0.09615384615384616 0.11057692307692307 0.12740384615384615
28 0.5721153846153846 0.11778846153846154 0.11057692307692307 0.1346153846153846
17 0.171875 0.09375 0.13221153846153846 0.1346153846153846