115 0.6586538461538461 0.27403846153846156 0.109375 0.1201923076923077
25 0.5384615384615384 0.2800480769230769 0.09014423076923077 0.12259615384615384
14 0.4026442307692308 0.2800480769230769 0.09615384615384616 0.11899038461538461
118 0.7956730769230769 0.3016826923076923 0.11298076923076923 0.12740384615384615
28 0.27524038461538464 0.30288461538461536 0.09975961538461539 0.13221153846153846
17 0.15144230769230768 0.30649038461538464 0.1045673076923077 0.14182692307692307
115 0.4110576923076923 0.4675480769230769 0.10336538461538461 0.1310096153846154
14 0.27884615384615385 0.4699519230769231 0.09615384615384616 0.12860576923076922
25 0.6694711538461539 0.47115384615384615 0.09375 0.12620192307692307
118 0.5384615384615384 0.49399038461538464 0.10697115384615384 0.13942307692307693
17 0.14783653846153846 0.49399038461538464 0.10576923076923077 0.12740384615384615
28 0.796875 0.49759615384615385 0.09735576923076923 0.12139423076923077
115 0.5408653846153846 0.6550480769230769 0.109375 0.12860576923076922
14 0.6670673076923077 0.6610576923076923 0.08653846153846154 0.13341346153846154
25 0.1502403846153846 0.6622596153846154 0.09254807692307693 0.1201923076923077
118 0.40865384615384615 0.6838942307692307 0.10216346153846154 0.1346153846153846
17 0.7980769230769231 0.6838942307692307 0.11057692307692307 0.14423076923076922
28 0.2776442307692308 0.6850961538461539 0.09615384615384616 0.13341346153846154
115 0.41947115384615385 0.08052884615384616 0.10216346153846154 0.1141826923076923
14 0.8004807692307693 0.08173076923076923 0.109375 0.12259615384615384
25 0.6742788461538461 0.08413461538461539 0.09615384615384616 0.12379807692307693
25 0.15625 0.8485576923076923 0.08413461538461539 0.12620192307692307
14 0.41466346153846156 0.8497596153846154 0.08774038461538461 0.12860576923076922
115 0.2824519230769231 0.8545673076923077 0.10216346153846154 0.13221153846153846
118 0.5372596153846154 0.875 0.10096153846153846 0.140625
17 0.6670673076923077 0.8798076923076923 0.09615384615384616 0.13221153846153846
28 0.7956730769230769 0.8858173076923077 0.09375 0.11778846153846154
118 0.27884615384615385 0.11057692307692307 0.10216346153846154 0.1201923076923077
28 0.5456730769230769 0.1141826923076923 0.10096153846153846 0.12740384615384615
17 0.14423076923076922 0.11778846153846154 0.12259615384615384 0.12620192307692307