115 0.40625 0.27524038461538464 0.15625 0.16105769230769232
14 0.234375 0.27884615384615385 0.10576923076923077 0.16105769230769232
25 0.7560096153846154 0.28966346153846156 0.11778846153846154 0.17427884615384615
118 0.5769230769230769 0.3173076923076923 0.140625 0.1778846153846154
28 0.9146634615384616 0.31850961538461536 0.12980769230769232 0.1814903846153846
17 0.06610576923076923 0.31971153846153844 0.11177884615384616 0.16826923076923078
115 0.41346153846153844 0.5360576923076923 0.14903846153846154 0.17427884615384615
25 0.7536057692307693 0.5360576923076923 0.11298076923076923 0.16826923076923078
14 0.921875 0.5360576923076923 0.11177884615384616 0.17427884615384615
28 0.5853365384615384 0.5733173076923077 0.12139423076923077 0.16826923076923078
17 0.06971153846153846 0.5805288461538461 0.10576923076923077 0.17067307692307693
118 0.23677884615384615 0.5889423076923077 0.140625 0.18870192307692307