115 0.3798076923076923 0.28846153846153844 0.17548076923076922 0.1778846153846154
14 0.2091346153846154 0.3125 0.125 0.17307692307692307
25 0.7283653846153846 0.25961538461538464 0.13701923076923078 0.1875
118 0.5540865384615384 0.3088942307692308 0.16105769230769232 0.19471153846153846
28 0.8894230769230769 0.2692307692307692 0.15144230769230768 0.1971153846153846
17 0.056490384615384616 0.3737980769230769 0.11298076923076923 0.18028846153846154
115 0.4182692307692308 0.546875 0.16826923076923078 0.19230769230769232
25 0.7560096153846154 0.5048076923076923 0.13221153846153846 0.18028846153846154
14 0.9230769230769231 0.484375 0.13221153846153846 0.1875
28 0.59375 0.5625 0.14182692307692307 0.18269230769230768
17 0.0829326923076923 0.6322115384615384 0.125 0.18269230769230768
118 0.25 0.6201923076923077 0.16346153846153846 0.20432692307692307