48 0.2704326923076923 0.12980769230769232 0.11778846153846154 0.15625
145 0.6454326923076923 0.13341346153846154 0.17668269230769232 0.16826923076923078
226 0.109375 0.13701923076923078 0.10697115384615384 0.15745192307692307
159 0.8581730769230769 0.16826923076923078 0.16346153846153846 0.171875
51 0.4423076923076923 0.1778846153846154 0.12259615384615384 0.15865384615384615
229 0.10336538461538461 0.40865384615384615 0.14182692307692307 0.16346153846153846
145 0.3076923076923077 0.6117788461538461 0.15985576923076922 0.17067307692307693
48 0.11057692307692307 0.6117788461538461 0.11658653846153846 0.14903846153846154
51 0.4855769230769231 0.6454326923076923 0.11057692307692307 0.16826923076923078
226 0.10817307692307693 0.8449519230769231 0.1201923076923077 0.15384615384615385
159 0.4639423076923077 0.8798076923076923 0.16346153846153846 0.16346153846153846
229 0.2776442307692308 0.8798076923076923 0.13942307692307693 0.17427884615384615