98 0.8930288461538461 0.14302884615384615 0.15144230769230768 0.14182692307692307
19 0.4050480769230769 0.15144230769230768 0.1346153846153846 0.12860576923076922
8 0.09375 0.15504807692307693 0.1310096153846154 0.1346153846153846
16 0.23197115384615385 0.35216346153846156 0.10817307692307693 0.17427884615384615
117 0.39783653846153844 0.3545673076923077 0.13221153846153846 0.16466346153846154
27 0.5588942307692307 0.36177884615384615 0.11177884615384616 0.18509615384615385
98 0.8918269230769231 0.38822115384615385 0.14302884615384615 0.15264423076923078
8 0.0829326923076923 0.3942307692307692 0.14423076923076922 0.13822115384615385
19 0.7331730769230769 0.3942307692307692 0.13221153846153846 0.13942307692307693
27 0.07451923076923077 0.5877403846153846 0.10817307692307693 0.18028846153846154
16 0.3918269230769231 0.5901442307692307 0.11658653846153846 0.17908653846153846
117 0.5588942307692307 0.5901442307692307 0.12139423076923077 0.17427884615384615
8 0.24879807692307693 0.6298076923076923 0.12980769230769232 0.13701923076923078
19 0.9014423076923077 0.6310096153846154 0.125 0.13221153846153846
98 0.734375 0.6322115384615384 0.15745192307692307 0.1502403846153846
117 0.5576923076923077 0.8269230769230769 0.12379807692307693 0.1814903846153846
27 0.078125 0.8293269230769231 0.11538461538461539 0.17668269230769232
16 0.23317307692307693 0.8293269230769231 0.11057692307692307 0.18629807692307693
98 0.7331730769230769 0.8641826923076923 0.1466346153846154 0.140625
8 0.8978365384615384 0.8689903846153846 0.13341346153846154 0.1346153846153846
19 0.4098557692307692 0.8725961538461539 0.13581730769230768 0.13221153846153846
117 0.7115384615384616 0.11177884615384616 0.12980769230769232 0.1658653846153846
16 0.5492788461538461 0.11177884615384616 0.1201923076923077 0.16947115384615385
27 0.23317307692307693 0.11778846153846154 0.10817307692307693 0.17427884615384615