98 0.9170673076923077 0.171875 0.16105769230769232 0.15144230769230768
19 0.42908653846153844 0.14543269230769232 0.14423076923076922 0.13701923076923078
8 0.11899038461538461 0.12740384615384615 0.13942307692307693 0.14423076923076922
16 0.24278846153846154 0.33413461538461536 0.1201923076923077 0.18028846153846154
117 0.40865384615384615 0.3473557692307692 0.14423076923076922 0.17307692307692307
27 0.5685096153846154 0.36658653846153844 0.125 0.19230769230769232
98 0.8990384615384616 0.41586538461538464 0.15384615384615385 0.16105769230769232
8 0.09134615384615384 0.36538461538461536 0.15384615384615385 0.14903846153846154
19 0.7403846153846154 0.4110576923076923 0.14182692307692307 0.14903846153846154
27 0.06971153846153846 0.5576923076923077 0.1201923076923077 0.1875
16 0.3858173076923077 0.5829326923076923 0.12980769230769232 0.1875
117 0.5528846153846154 0.59375 0.13221153846153846 0.18269230769230768
8 0.2403846153846154 0.6117788461538461 0.13942307692307693 0.1466346153846154
19 0.8918269230769231 0.6586538461538461 0.1346153846153846 0.13942307692307693
98 0.7247596153846154 0.6478365384615384 0.16826923076923078 0.16105769230769232
117 0.5348557692307693 0.8305288461538461 0.13701923076923078 0.18990384615384615
27 0.06009615384615385 0.7992788461538461 0.1201923076923077 0.18509615384615385
16 0.21033653846153846 0.8100961538461539 0.12259615384615384 0.19471153846153846
98 0.7067307692307693 0.8798076923076923 0.15625 0.15144230769230768
8 0.8713942307692307 0.8954326923076923 0.14182692307692307 0.14423076923076922
19 0.38461538461538464 0.8653846153846154 0.14423076923076922 0.14182692307692307
117 0.7379807692307693 0.12740384615384615 0.14182692307692307 0.17548076923076922
16 0.5757211538461539 0.11658653846153846 0.13221153846153846 0.1778846153846154
27 0.2608173076923077 0.09975961538461539 0.1201923076923077 0.18028846153846154