99 0.8665865384615384 0.2824519230769231 0.16105769230769232 0.1875
10 0.3942307692307692 0.36778846153846156 0.12740384615384615 0.17307692307692307
100 0.22716346153846154 0.39783653846153844 0.15625 0.18269230769230768
9 0.06610576923076923 0.4266826923076923 0.13221153846153846 0.17548076923076922
21 0.546875 0.34375 0.13701923076923078 0.17548076923076922
20 0.7091346153846154 0.31490384615384615 0.13942307692307693 0.17548076923076922
100 0.42908653846153844 0.6009615384615384 0.1466346153846154 0.18028846153846154
10 0.10697115384615384 0.6598557692307693 0.14423076923076922 0.18990384615384615
99 0.59375 0.5769230769230769 0.16105769230769232 0.1875
20 0.2704326923076923 0.6370192307692307 0.13221153846153846 0.18269230769230768
9 0.9182692307692307 0.5240384615384616 0.12980769230769232 0.17548076923076922
21 0.7584134615384616 0.5564903846153846 0.1466346153846154 0.18990384615384615
21 0.4795673076923077 0.8461538461538461 0.13701923076923078 0.18509615384615385
9 0.15865384615384615 0.9026442307692307 0.14903846153846154 0.18509615384615385
99 0.6370192307692307 0.8197115384615384 0.15865384615384615 0.17307692307692307
20 0.9411057692307693 0.7632211538461539 0.11778846153846154 0.18990384615384615
100 0.3161057692307692 0.8774038461538461 0.15865384615384615 0.18509615384615385
10 0.7992788461538461 0.7980769230769231 0.14182692307692307 0.18990384615384615
100 0.5108173076923077 0.1045673076923077 0.16826923076923078 0.17548076923076922
99 0.1875 0.16346153846153846 0.15865384615384615 0.17067307692307693
9 0.6694711538461539 0.08173076923076923 0.1466346153846154 0.16346153846153846
21 0.35216346153846156 0.13581730769230768 0.13221153846153846 0.18028846153846154
20 0.8305288461538461 0.07091346153846154 0.14182692307692307 0.14182692307692307
10 0.04927884615384615 0.1935096153846154 0.0985576923076923 0.17548076923076922