145 0.31009615384615385 0.14182692307692307 0.17307692307692307 0.16826923076923078
159 0.1045673076923077 0.19951923076923078 0.19471153846153846 0.18269230769230768
229 0.4795673076923077 0.15865384615384615 0.13701923076923078 0.16826923076923078
51 0.109375 0.4326923076923077 0.1346153846153846 0.15865384615384615
226 0.29447115384615385 0.6021634615384616 0.13221153846153846 0.1658653846153846
145 0.4807692307692308 0.5817307692307693 0.1778846153846154 0.19230769230769232
48 0.65625 0.5637019230769231 0.12259615384615384 0.1778846153846154
159 0.8497596153846154 0.5721153846153846 0.18028846153846154 0.1971153846153846
229 0.14302884615384615 0.6670673076923077 0.13942307692307693 0.17307692307692307
229 0.17307692307692307 0.890625 0.13942307692307693 0.17067307692307693
226 0.6358173076923077 0.09615384615384616 0.13221153846153846 0.16346153846153846
48 0.7920673076923077 0.078125 0.13701923076923078 0.15625