102 0.8413461538461539 0.08653846153846154 0.18269230769230768 0.17307692307692307
12 0.4387019230769231 0.1466346153846154 0.16826923076923078 0.18028846153846154
23 0.06009615384615385 0.2127403846153846 0.1201923076923077 0.17548076923076922
22 0.08774038461538461 0.3894230769230769 0.13701923076923078 0.19230769230769232
101 0.5096153846153846 0.5877403846153846 0.17307692307692307 0.20432692307692307
101 0.32091346153846156 0.6153846153846154 0.1658653846153846 0.19951923076923078
23 0.109375 0.6875 0.17067307692307693 0.18269230769230768
12 0.6947115384615384 0.6057692307692307 0.17067307692307693 0.18990384615384615
102 0.9086538461538461 0.5793269230769231 0.18269230769230768 0.18269230769230768
22 0.15865384615384615 0.8834134615384616 0.17067307692307693 0.21875
11 0.6622596153846154 0.0829326923076923 0.13701923076923078 0.1658653846153846
101 0.2620192307692308 0.12980769230769232 0.15865384615384615 0.18990384615384615