23 0.6454326923076923 0.14543269230769232 0.17067307692307693 0.17548076923076922
12 0.06370192307692307 0.1875 0.12740384615384615 0.15384615384615385
102 0.265625 0.1778846153846154 0.15625 0.16346153846153846
11 0.08653846153846154 0.36658653846153844 0.125 0.18028846153846154
101 0.3088942307692308 0.5973557692307693 0.14423076923076922 0.20432692307692307
11 0.4951923076923077 0.5841346153846154 0.13701923076923078 0.20432692307692307
22 0.8737980769230769 0.5625 0.125 0.19471153846153846
23 0.6514423076923077 0.6165865384615384 0.17307692307692307 0.16826923076923078
12 0.08533653846153846 0.65625 0.15625 0.18028846153846154
102 0.11298076923076923 0.8774038461538461 0.16346153846153846 0.16346153846153846
101 0.859375 0.08413461538461539 0.1466346153846154 0.16826923076923078
22 0.47475961538461536 0.11538461538461539 0.12740384615384615 0.17307692307692307