22 0.31850961538461536 0.11778846153846154 0.12740384615384615 0.18028846153846154
101 0.1201923076923077 0.11177884615384616 0.14903846153846154 0.16826923076923078
11 0.9206730769230769 0.14182692307692307 0.12980769230769232 0.18990384615384615
102 0.6923076923076923 0.17427884615384615 0.17307692307692307 0.1658653846153846
23 0.47475961538461536 0.16947115384615385 0.14903846153846154 0.15865384615384615
12 0.08774038461538461 0.38822115384615385 0.15625 0.16346153846153846
101 0.10576923076923077 0.5877403846153846 0.1466346153846154 0.19230769230769232
22 0.5204326923076923 0.609375 0.13701923076923078 0.19230769230769232
11 0.6959134615384616 0.6165865384615384 0.12740384615384615 0.18269230769230768
23 0.8569711538461539 0.6550480769230769 0.16105769230769232 0.1875
102 0.28365384615384615 0.6466346153846154 0.1778846153846154 0.16826923076923078
12 0.07692307692307693 0.8737980769230769 0.14903846153846154 0.16826923076923078