102 0.8088942307692307 0.11177884615384616 0.1778846153846154 0.19471153846153846
12 0.4050480769230769 0.16346153846153846 0.1658653846153846 0.17307692307692307
23 0.08052884615384616 0.44711538461538464 0.16105769230769232 0.1778846153846154
22 0.3269230769230769 0.6177884615384616 0.13221153846153846 0.18028846153846154
101 0.5060096153846154 0.5973557692307693 0.15144230769230768 0.18990384615384615
12 0.8774038461538461 0.5949519230769231 0.16105769230769232 0.17067307692307693
102 0.10817307692307693 0.6923076923076923 0.1778846153846154 0.1658653846153846
23 0.6826923076923077 0.6225961538461539 0.15865384615384615 0.16826923076923078
11 0.13942307692307693 0.8810096153846154 0.1346153846153846 0.18990384615384615
101 0.06850961538461539 0.16346153846153846 0.13701923076923078 0.1778846153846154
22 0.6237980769230769 0.0985576923076923 0.13942307692307693 0.1778846153846154
11 0.24158653846153846 0.1466346153846154 0.13701923076923078 0.20192307692307693