102 0.8533653846153846 0.15264423076923078 0.15745192307692307 0.17668269230769232
12 0.44711538461538464 0.15384615384615385 0.14903846153846154 0.15625
23 0.0829326923076923 0.39663461538461536 0.15985576923076922 0.15865384615384615
22 0.3137019230769231 0.5961538461538461 0.11298076923076923 0.16826923076923078
101 0.49399038461538464 0.5973557692307693 0.13221153846153846 0.17548076923076922
12 0.8629807692307693 0.640625 0.14423076923076922 0.15504807692307693
102 0.08774038461538461 0.6430288461538461 0.16105769230769232 0.14783653846153846
23 0.6658653846153846 0.6442307692307693 0.14182692307692307 0.15264423076923078
11 0.09615384615384616 0.8341346153846154 0.11298076923076923 0.17668269230769232
101 0.10216346153846154 0.11298076923076923 0.14182692307692307 0.16105769230769232
22 0.671875 0.11658653846153846 0.12139423076923077 0.16346153846153846
11 0.2860576923076923 0.11778846153846154 0.11538461538461539 0.18870192307692307