159 0.6514423076923077 0.15985576923076922 0.17307692307692307 0.17307692307692307
51 0.3112980769230769 0.13221153846153846 0.1201923076923077 0.17307692307692307
229 0.8221153846153846 0.17908653846153846 0.125 0.15384615384615385
145 0.1502403846153846 0.30528846153846156 0.1778846153846154 0.16105769230769232
226 0.3016826923076923 0.5432692307692307 0.125 0.15865384615384615
145 0.12860576923076922 0.5396634615384616 0.17067307692307693 0.16346153846153846
159 0.47716346153846156 0.59375 0.1658653846153846 0.17307692307692307
229 0.6454326923076923 0.6165865384615384 0.12740384615384615 0.1658653846153846
51 0.8004807692307693 0.6322115384615384 0.125 0.16826923076923078
48 0.09254807692307693 0.75 0.12980769230769232 0.16826923076923078
48 0.14543269230769232 0.07572115384615384 0.13701923076923078 0.15144230769230768
226 0.47716346153846156 0.10697115384615384 0.125 0.15865384615384615