159 0.5649038461538461 0.13341346153846154 0.18269230769230768 0.18269230769230768
51 0.2283653846153846 0.18870192307692307 0.13221153846153846 0.18028846153846154
229 0.7355769230769231 0.11057692307692307 0.13221153846153846 0.16105769230769232
145 0.11298076923076923 0.3954326923076923 0.18509615384615385 0.17067307692307693
226 0.31850961538461536 0.5901442307692307 0.1346153846153846 0.1658653846153846
145 0.14903846153846154 0.6286057692307693 0.18028846153846154 0.17307692307692307
159 0.5012019230769231 0.5961538461538461 0.17548076923076922 0.18269230769230768
229 0.6694711538461539 0.578125 0.13701923076923078 0.17307692307692307
51 0.8245192307692307 0.5552884615384616 0.1346153846153846 0.17307692307692307
48 0.16466346153846154 0.8413461538461539 0.13942307692307693 0.17548076923076922
48 0.0625 0.17307692307692307 0.125 0.16346153846153846
226 0.38341346153846156 0.12379807692307693 0.1346153846153846 0.1658653846153846