159 0.6213942307692307 0.14783653846153846 0.15985576923076922 0.15865384615384615
51 0.2800480769230769 0.1502403846153846 0.10697115384615384 0.16466346153846154
229 0.7932692307692307 0.15264423076923078 0.11177884615384616 0.14543269230769232
145 0.1346153846153846 0.33653846153846156 0.16466346153846154 0.14783653846153846
226 0.30649038461538464 0.5600961538461539 0.11298076923076923 0.14903846153846154
145 0.13341346153846154 0.5721153846153846 0.15745192307692307 0.15144230769230768
159 0.4855769230769231 0.5949519230769231 0.15144230769230768 0.16105769230769232
229 0.6550480769230769 0.6033653846153846 0.1141826923076923 0.15625
51 0.8112980769230769 0.6057692307692307 0.11057692307692307 0.15865384615384615
48 0.11538461538461539 0.7848557692307693 0.11658653846153846 0.15985576923076922
48 0.11057692307692307 0.10697115384615384 0.12379807692307693 0.14543269230769232
226 0.44350961538461536 0.11057692307692307 0.11298076923076923 0.1502403846153846