103 0.12620192307692307 0.28725961538461536 0.20432692307692307 0.18990384615384615
24 0.109375 0.5192307692307693 0.18269230769230768 0.1971153846153846
103 0.6790865384615384 0.5637019230769231 0.20673076923076922 0.19230769230769232
13 0.8774038461538461 0.5841346153846154 0.18509615384615385 0.2091346153846154
13 0.4891826923076923 0.5564903846153846 0.18269230769230768 0.19230769230769232
24 0.2980769230769231 0.5444711538461539 0.18509615384615385 0.19951923076923078
13 0.5168269230769231 0.10216346153846154 0.18269230769230768 0.18028846153846154
13 0.3329326923076923 0.09134615384615384 0.16346153846153846 0.17548076923076922
24 0.9122596153846154 0.13221153846153846 0.17548076923076922 0.19230769230769232
24 0.14543269230769232 0.08413461538461539 0.18028846153846154 0.16826923076923078
103 0.7055288461538461 0.11899038461538461 0.1971153846153846 0.20192307692307693