103 0.11298076923076923 0.12139423076923077 0.19230769230769232 0.1622596153846154
24 0.10817307692307693 0.3329326923076923 0.19110576923076922 0.18389423076923078
103 0.10817307692307693 0.5480769230769231 0.17548076923076922 0.17908653846153846
24 0.30528846153846156 0.5576923076923077 0.16706730769230768 0.17307692307692307
103 0.6862980769230769 0.5637019230769231 0.1875 0.1875
13 0.8846153846153846 0.5649038461538461 0.16466346153846154 0.17908653846153846
13 0.4951923076923077 0.5673076923076923 0.16826923076923078 0.20072115384615385
24 0.11057692307692307 0.7776442307692307 0.16346153846153846 0.18509615384615385
103 0.8786057692307693 0.11298076923076923 0.17668269230769232 0.18028846153846154
24 0.3076923076923077 0.11538461538461539 0.171875 0.17067307692307693
13 0.4951923076923077 0.11538461538461539 0.16826923076923078 0.1658653846153846
13 0.6947115384615384 0.11899038461538461 0.171875 0.18509615384615385