103 0.08052884615384616 0.19471153846153846 0.16105769230769232 0.19230769230769232
24 0.09735576923076923 0.4026442307692308 0.19471153846153846 0.21394230769230768
103 0.12259615384615384 0.6153846153846154 0.20432692307692307 0.20673076923076922
24 0.31850961538461536 0.5901442307692307 0.19471153846153846 0.19951923076923078
103 0.6947115384615384 0.5300480769230769 0.21634615384615385 0.21634615384615385
13 0.890625 0.49759615384615385 0.19230769230769232 0.20432692307692307
13 0.5072115384615384 0.5673076923076923 0.19951923076923078 0.22596153846153846
24 0.16466346153846154 0.8413461538461539 0.19230769230769232 0.21153846153846154
103 0.8040865384615384 0.078125 0.20432692307692307 0.15625
24 0.2439903846153846 0.15504807692307693 0.19951923076923078 0.1971153846153846
13 0.42788461538461536 0.12259615384615384 0.19471153846153846 0.19230769230769232
13 0.625 0.0985576923076923 0.20192307692307693 0.1971153846153846