103 0.140625 0.09495192307692307 0.20432692307692307 0.17548076923076922
24 0.1201923076923077 0.30649038461538464 0.20432692307692307 0.1971153846153846
103 0.10576923076923077 0.5204326923076923 0.1875 0.18990384615384615
24 0.3016826923076923 0.5444711538461539 0.1778846153846154 0.18509615384615385
103 0.6814903846153846 0.5769230769230769 0.19951923076923078 0.19951923076923078
13 0.8786057692307693 0.5913461538461539 0.1778846153846154 0.18990384615384615
13 0.49038461538461536 0.5673076923076923 0.18269230769230768 0.21153846153846154
24 0.09254807692307693 0.75 0.17548076923076922 0.1971153846153846
103 0.9050480769230769 0.140625 0.18990384615384615 0.19230769230769232
24 0.33533653846153844 0.10336538461538461 0.18269230769230768 0.18269230769230768
13 0.5216346153846154 0.11658653846153846 0.18028846153846154 0.1778846153846154
13 0.7211538461538461 0.13341346153846154 0.18509615384615385 0.1971153846153846