13 0.10576923076923077 0.33413461538461536 0.1778846153846154 0.1778846153846154
24 0.4951923076923077 0.5384615384615384 0.15865384615384615 0.18269230769230768
24 0.30288461538461536 0.5528846153846154 0.17548076923076922 0.1971153846153846
13 0.1141826923076923 0.5625 0.17067307692307693 0.18509615384615385
103 0.8725961538461539 0.5276442307692307 0.18269230769230768 0.18269230769230768
13 0.6790865384615384 0.5396634615384616 0.1875 0.1875
103 0.12740384615384615 0.7740384615384616 0.18269230769230768 0.16826923076923078
103 0.09375 0.11899038461538461 0.18509615384615385 0.17067307692307693
24 0.8629807692307693 0.0829326923076923 0.16826923076923078 0.1658653846153846
24 0.6742788461538461 0.09134615384615384 0.1658653846153846 0.17548076923076922
103 0.4795673076923077 0.1045673076923077 0.18509615384615385 0.17067307692307693
13 0.28846153846153844 0.11899038461538461 0.17067307692307693 0.1778846153846154