13 0.12980769230769232 0.28725961538461536 0.18028846153846154 0.18028846153846154
24 0.49038461538461536 0.5384615384615384 0.16105769230769232 0.18509615384615385
24 0.2980769230769231 0.5276442307692307 0.1778846153846154 0.20192307692307693
13 0.109375 0.5144230769230769 0.17307692307692307 0.1875
103 0.8665865384615384 0.5721153846153846 0.18509615384615385 0.18509615384615385
13 0.6730769230769231 0.5612980769230769 0.18990384615384615 0.18990384615384615
103 0.09735576923076923 0.7259615384615384 0.18509615384615385 0.17067307692307693
103 0.14182692307692307 0.07932692307692307 0.1875 0.15865384615384615
24 0.9122596153846154 0.12740384615384615 0.17067307692307693 0.17548076923076922
24 0.7235576923076923 0.11538461538461539 0.16826923076923078 0.1778846153846154
103 0.5276442307692307 0.10576923076923077 0.1875 0.17307692307692307
13 0.33653846153846156 0.09615384615384616 0.17307692307692307 0.18269230769230768