13 0.11538461538461539 0.3137019230769231 0.16826923076923078 0.16826923076923078
24 0.49278846153846156 0.5384615384615384 0.1502403846153846 0.17548076923076922
24 0.3004807692307692 0.5420673076923077 0.16466346153846154 0.18990384615384615
13 0.11177884615384616 0.5420673076923077 0.16105769230769232 0.1778846153846154
103 0.8701923076923077 0.546875 0.17427884615384615 0.17307692307692307
13 0.6766826923076923 0.5492788461538461 0.1778846153846154 0.1778846153846154
103 0.1141826923076923 0.7536057692307693 0.17548076923076922 0.15865384615384615
103 0.1141826923076923 0.0985576923076923 0.17668269230769232 0.16105769230769232
24 0.8858173076923077 0.09975961538461539 0.15985576923076922 0.1658653846153846
24 0.6959134615384616 0.10096153846153846 0.15745192307692307 0.16826923076923078
103 0.5 0.1045673076923077 0.17668269230769232 0.1622596153846154
13 0.3088942307692308 0.10817307692307693 0.16105769230769232 0.17067307692307693