216 0.07451923076923077 0.3076923076923077 0.13341346153846154 0.14302884615384615
216 0.9110576923076923 0.3112980769230769 0.15384615384615385 0.1346153846153846
182 0.4110576923076923 0.3125 0.15504807692307693 0.13581730769230768
72 0.7439903846153846 0.3125 0.1310096153846154 0.13581730769230768
216 0.23557692307692307 0.3137019230769231 0.13341346153846154 0.14423076923076922
72 0.5865384615384616 0.3161057692307692 0.12980769230769232 0.14783653846153846
174 0.21514423076923078 0.53125 0.14543269230769232 0.11899038461538461
64 0.06490384615384616 0.5324519230769231 0.12139423076923077 0.1141826923076923
208 0.36899038461538464 0.5336538461538461 0.14302884615384615 0.11658653846153846
174 0.5288461538461539 0.5336538461538461 0.14182692307692307 0.11658653846153846
64 0.6742788461538461 0.5348557692307693 0.11899038461538461 0.109375
208 0.8209134615384616 0.5384615384615384 0.12259615384615384 0.1201923076923077
174 0.078125 0.7403846153846154 0.13942307692307693 0.10216346153846154
64 0.8245192307692307 0.7451923076923077 0.125 0.09975961538461539
174 0.23197115384615385 0.7463942307692307 0.13942307692307693 0.10817307692307693
208 0.3858173076923077 0.7463942307692307 0.1310096153846154 0.1045673076923077
64 0.5276442307692307 0.7475961538461539 0.13341346153846154 0.10216346153846154
208 0.6778846153846154 0.7524038461538461 0.12860576923076922 0.109375
182 0.5733173076923077 0.09975961538461539 0.13581730769230768 0.12620192307692307
72 0.3954326923076923 0.09975961538461539 0.13822115384615385 0.13581730769230768
182 0.7439903846153846 0.10096153846153846 0.14783653846153846 0.13701923076923078
216 0.9134615384615384 0.10096153846153846 0.13341346153846154 0.13942307692307693
216 0.07211538461538461 0.10216346153846154 0.14182692307692307 0.13942307692307693
72 0.23918269230769232 0.1045673076923077 0.12620192307692307 0.13581730769230768