174 0.234375 0.31009615384615385 0.14423076923076922 0.109375
208 0.078125 0.3125 0.13942307692307693 0.11538461538461539
64 0.8197115384615384 0.3125 0.11538461538461539 0.10216346153846154
64 0.6754807692307693 0.3161057692307692 0.12860576923076922 0.10216346153846154
208 0.38341346153846156 0.3161057692307692 0.13341346153846154 0.109375
174 0.5384615384615384 0.3161057692307692 0.1346153846153846 0.10697115384615384
208 0.08653846153846154 0.5084134615384616 0.12860576923076922 0.11778846153846154
64 0.36778846153846156 0.5144230769230769 0.12740384615384615 0.11057692307692307
64 0.22115384615384615 0.5168269230769231 0.12980769230769232 0.10697115384615384
208 0.6646634615384616 0.5216346153846154 0.1310096153846154 0.109375
174 0.8221153846153846 0.5216346153846154 0.14182692307692307 0.10216346153846154
174 0.5168269230769231 0.5276442307692307 0.13942307692307693 0.1141826923076923
208 0.08173076923076923 0.7235576923076923 0.13341346153846154 0.109375
174 0.8173076923076923 0.7247596153846154 0.140625 0.09495192307692307
208 0.23076923076923078 0.7271634615384616 0.1310096153846154 0.10336538461538461
64 0.5108173076923077 0.7283653846153846 0.11778846153846154 0.10336538461538461
174 0.6622596153846154 0.7295673076923077 0.13822115384615385 0.0985576923076923
64 0.3762019230769231 0.7307692307692307 0.1201923076923077 0.10096153846153846
182 0.08774038461538461 0.09014423076923077 0.14543269230769232 0.12980769230769232
216 0.7415865384615384 0.09495192307692307 0.1310096153846154 0.13942307692307693
182 0.9098557692307693 0.09495192307692307 0.1502403846153846 0.13942307692307693
72 0.41346153846153844 0.09615384615384616 0.1310096153846154 0.13221153846153846
216 0.5757211538461539 0.09735576923076923 0.13341346153846154 0.13341346153846154
72 0.24879807692307693 0.09735576923076923 0.13341346153846154 0.12740384615384615