174 0.22235576923076922 0.3293269230769231 0.15144230769230768 0.1201923076923077
208 0.06971153846153846 0.34134615384615385 0.13942307692307693 0.125
64 0.8052884615384616 0.29086538461538464 0.12259615384615384 0.11057692307692307
64 0.6622596153846154 0.30408653846153844 0.1346153846153846 0.11057692307692307
208 0.3713942307692308 0.3245192307692308 0.14182692307692307 0.11778846153846154
174 0.5252403846153846 0.3137019230769231 0.14182692307692307 0.11538461538461539
208 0.08774038461538461 0.5372596153846154 0.13701923076923078 0.12740384615384615
64 0.36899038461538464 0.5240384615384616 0.1346153846153846 0.1201923076923077
64 0.22355769230769232 0.5360576923076923 0.13701923076923078 0.11538461538461539
208 0.6658653846153846 0.5096153846153846 0.13942307692307693 0.11778846153846154
174 0.8233173076923077 0.4987980769230769 0.14903846153846154 0.11298076923076923
174 0.5192307692307693 0.5264423076923077 0.1466346153846154 0.12259615384615384
208 0.0985576923076923 0.7524038461538461 0.14182692307692307 0.11778846153846154
174 0.8317307692307693 0.7019230769230769 0.1466346153846154 0.10336538461538461
208 0.24759615384615385 0.7451923076923077 0.13701923076923078 0.11298076923076923
64 0.5264423076923077 0.7271634615384616 0.125 0.11057692307692307
174 0.6778846153846154 0.7175480769230769 0.14423076923076922 0.10817307692307693
64 0.39302884615384615 0.7391826923076923 0.12740384615384615 0.10817307692307693
182 0.06850961538461539 0.1201923076923077 0.13701923076923078 0.13942307692307693
216 0.7127403846153846 0.07932692307692307 0.13942307692307693 0.14903846153846154
182 0.8798076923076923 0.07091346153846154 0.15865384615384615 0.14182692307692307
72 0.3858173076923077 0.10336538461538461 0.13942307692307693 0.14182692307692307
216 0.546875 0.09254807692307693 0.14182692307692307 0.14182692307692307
72 0.22115384615384615 0.11538461538461539 0.14182692307692307 0.13701923076923078