215 0.4014423076923077 0.2860576923076923 0.12620192307692307 0.12980769230769232
181 0.23798076923076922 0.28846153846153844 0.14543269230769232 0.13341346153846154
71 0.0733173076923077 0.29086538461538464 0.12259615384615384 0.12740384615384615
74 0.8858173076923077 0.3161057692307692 0.1141826923076923 0.13221153846153846
218 0.5564903846153846 0.3173076923076923 0.12620192307692307 0.1310096153846154
184 0.7259615384615384 0.3233173076923077 0.13341346153846154 0.1310096153846154
71 0.07451923076923077 0.4831730769230769 0.11899038461538461 0.12740384615384615
181 0.5576923076923077 0.49038461538461536 0.13942307692307693 0.125
215 0.7223557692307693 0.49038461538461536 0.1310096153846154 0.13221153846153846
184 0.38822115384615385 0.5096153846153846 0.14302884615384615 0.140625
218 0.8810096153846154 0.5144230769230769 0.13942307692307693 0.14543269230769232
74 0.22716346153846154 0.5180288461538461 0.12259615384615384 0.12980769230769232
181 0.8798076923076923 0.6766826923076923 0.13822115384615385 0.1346153846153846
71 0.3954326923076923 0.6850961538461539 0.1201923076923077 0.13822115384615385
215 0.5528846153846154 0.6887019230769231 0.12860576923076922 0.140625
218 0.7115384615384616 0.7115384615384616 0.12860576923076922 0.13341346153846154
184 0.23798076923076922 0.7175480769230769 0.13822115384615385 0.1310096153846154
74 0.07932692307692307 0.7175480769230769 0.11899038461538461 0.13221153846153846
71 0.5552884615384616 0.8798076923076923 0.12259615384615384 0.12860576923076922
181 0.7151442307692307 0.8822115384615384 0.13701923076923078 0.1346153846153846
215 0.40024038461538464 0.8822115384615384 0.12980769230769232 0.12620192307692307
181 0.40384615384615385 0.0889423076923077 0.1310096153846154 0.125
184 0.8846153846153846 0.90625 0.12860576923076922 0.13822115384615385
74 0.07692307692307693 0.9110576923076923 0.1201923076923077 0.12860576923076922
218 0.23557692307692307 0.9134615384615384 0.12980769230769232 0.1310096153846154
215 0.23317307692307693 0.09254807692307693 0.14302884615384615 0.125
71 0.07451923076923077 0.09495192307692307 0.12620192307692307 0.12259615384615384
184 0.8798076923076923 0.12139423076923077 0.13942307692307693 0.14423076923076922
74 0.5576923076923077 0.12259615384615384 0.12139423076923077 0.125
218 0.7151442307692307 0.12379807692307693 0.125 0.12860576923076922