51 0.4831730769230769 0.15384615384615385 0.14182692307692307 0.1875
159 0.3004807692307692 0.18269230769230768 0.18269230769230768 0.19471153846153846
229 0.10216346153846154 0.4483173076923077 0.16346153846153846 0.19230769230769232
226 0.12379807692307693 0.6526442307692307 0.14423076923076922 0.17307692307692307
48 0.8737980769230769 0.5492788461538461 0.1466346153846154 0.19951923076923078
145 0.4795673076923077 0.6069711538461539 0.21153846153846154 0.1971153846153846
159 0.6983173076923077 0.6153846153846154 0.18269230769230768 0.19951923076923078
229 0.3016826923076923 0.6766826923076923 0.1346153846153846 0.17067307692307693
51 0.16466346153846154 0.9134615384615384 0.15625 0.17307692307692307
145 0.09254807692307693 0.16105769230769232 0.18509615384615385 0.19230769230769232
48 0.6442307692307693 0.09014423076923077 0.15865384615384615 0.1778846153846154
226 0.8221153846153846 0.07692307692307693 0.14423076923076922 0.15384615384615385