71 0.9350961538461539 0.3161057692307692 0.12980769230769232 0.1466346153846154
181 0.4338942307692308 0.27524038461538464 0.15625 0.15384615384615385
215 0.6033653846153846 0.28966346153846156 0.14182692307692307 0.14423076923076922
218 0.7644230769230769 0.33052884615384615 0.15384615384615385 0.15144230769230768
184 0.25240384615384615 0.28846153846153844 0.15625 0.15865384615384615
74 0.0889423076923077 0.2764423076923077 0.13942307692307693 0.14423076923076922
181 0.7403846153846154 0.5012019230769231 0.14903846153846154 0.1466346153846154
215 0.24158653846153846 0.4675480769230769 0.14182692307692307 0.1466346153846154
71 0.5673076923076923 0.4963942307692308 0.14423076923076922 0.15625
74 0.4074519230769231 0.5072115384615384 0.13221153846153846 0.14903846153846154
184 0.9050480769230769 0.5528846153846154 0.16346153846153846 0.16105769230769232
218 0.07932692307692307 0.48197115384615385 0.1346153846153846 0.14423076923076922
215 0.890625 0.7235576923076923 0.14182692307692307 0.14903846153846154
71 0.7331730769230769 0.7127403846153846 0.12980769230769232 0.15865384615384615
181 0.3870192307692308 0.6826923076923077 0.15865384615384615 0.14423076923076922
218 0.06610576923076923 0.6850961538461539 0.13221153846153846 0.14423076923076922
184 0.5661057692307693 0.7319711538461539 0.14903846153846154 0.15625
74 0.22115384615384615 0.7019230769230769 0.14182692307692307 0.13942307692307693
71 0.27283653846153844 0.06129807692307692 0.14182692307692307 0.12259615384615384
215 0.6117788461538461 0.08413461538461539 0.14182692307692307 0.14182692307692307
181 0.43990384615384615 0.07572115384615384 0.15384615384615385 0.15144230769230768
74 0.1045673076923077 0.07211538461538461 0.12740384615384615 0.14423076923076922
218 0.7752403846153846 0.12980769230769232 0.14182692307692307 0.14423076923076922
184 0.9338942307692307 0.14543269230769232 0.13221153846153846 0.15625