183 0.4831730769230769 0.18509615384615385 0.17067307692307693 0.19230769230769232
217 0.09014423076923077 0.203125 0.15865384615384615 0.1778846153846154
73 0.2776442307692308 0.20192307692307693 0.16826923076923078 0.18028846153846154
65 0.6814903846153846 0.22235576923076922 0.18028846153846154 0.14903846153846154
175 0.8870192307692307 0.21995192307692307 0.18990384615384615 0.15384615384615385
209 0.10817307692307693 0.46153846153846156 0.18269230769230768 0.15384615384615385
73 0.49759615384615385 0.6502403846153846 0.15625 0.18990384615384615
183 0.30408653846153844 0.6586538461538461 0.18269230769230768 0.18028846153846154
217 0.10697115384615384 0.6682692307692307 0.15384615384615385 0.18509615384615385
65 0.8978365384615384 0.6730769230769231 0.1778846153846154 0.15144230769230768
209 0.7115384615384616 0.6862980769230769 0.1778846153846154 0.14903846153846154
175 0.12139423076923077 0.9290865384615384 0.19471153846153846 0.14182692307692307