65 0.328125 0.13942307692307693 0.18269230769230768 0.1346153846153846
209 0.7271634615384616 0.16826923076923078 0.18028846153846154 0.14423076923076922
175 0.12980769230769232 0.33533653846153844 0.20192307692307693 0.1658653846153846
183 0.30408653846153844 0.5540865384615384 0.18028846153846154 0.18028846153846154
73 0.5024038461538461 0.5685096153846154 0.16105769230769232 0.1875
175 0.8870192307692307 0.6298076923076923 0.18509615384615385 0.16105769230769232
209 0.11057692307692307 0.5769230769230769 0.17307692307692307 0.1466346153846154
65 0.6875 0.6177884615384616 0.1778846153846154 0.16346153846153846
217 0.09254807692307693 0.765625 0.1658653846153846 0.1778846153846154
73 0.9134615384615384 0.13701923076923078 0.16826923076923078 0.18028846153846154
183 0.5216346153846154 0.11057692307692307 0.1778846153846154 0.18269230769230768
217 0.13341346153846154 0.08653846153846154 0.1658653846153846 0.17307692307692307