175 0.859375 0.14182692307692307 0.18028846153846154 0.13701923076923078
209 0.10817307692307693 0.14302884615384615 0.16466346153846154 0.12980769230769232
65 0.6658653846153846 0.14423076923076922 0.15985576923076922 0.13221153846153846
183 0.09735576923076923 0.32091346153846156 0.18028846153846154 0.1622596153846154
73 0.4735576923076923 0.5552884615384616 0.16346153846153846 0.171875
217 0.28125 0.5564903846153846 0.15504807692307693 0.1622596153846154
183 0.6658653846153846 0.5576923076923077 0.16346153846153846 0.1778846153846154
175 0.8701923076923077 0.59375 0.18269230769230768 0.13822115384615385
209 0.0985576923076923 0.6021634615384616 0.17067307692307693 0.14302884615384615
65 0.10096153846153846 0.8197115384615384 0.16826923076923078 0.1346153846153846
73 0.28125 0.10817307692307693 0.1346153846153846 0.1622596153846154
217 0.4651442307692308 0.10817307692307693 0.15264423076923078 0.1814903846153846