209 0.3425480769230769 0.13341346153846154 0.17067307692307693 0.14423076923076922
65 0.15384615384615385 0.12379807692307693 0.1658653846153846 0.15144230769230768
175 0.14543269230769232 0.3449519230769231 0.18269230769230768 0.1466346153846154
183 0.3125 0.5456730769230769 0.1658653846153846 0.1778846153846154
217 0.6995192307692307 0.578125 0.16826923076923078 0.18509615384615385
175 0.8942307692307693 0.6189903846153846 0.18509615384615385 0.15865384615384615
209 0.5084134615384616 0.5925480769230769 0.1778846153846154 0.14423076923076922
65 0.11538461538461539 0.5733173076923077 0.18269230769230768 0.15865384615384615
73 0.09975961538461539 0.7487980769230769 0.15865384615384615 0.1778846153846154
73 0.7151442307692307 0.1201923076923077 0.14903846153846154 0.18269230769230768
183 0.9110576923076923 0.1346153846153846 0.17067307692307693 0.1778846153846154
217 0.5252403846153846 0.11538461538461539 0.16105769230769232 0.17307692307692307