209 0.3173076923076923 0.14543269230769232 0.1622596153846154 0.13341346153846154
65 0.12860576923076922 0.14903846153846154 0.15745192307692307 0.14182692307692307
175 0.13581730769230768 0.3701923076923077 0.17307692307692307 0.1346153846153846
183 0.3161057692307692 0.5588942307692307 0.15504807692307693 0.16826923076923078
217 0.7043269230769231 0.5637019230769231 0.15745192307692307 0.17427884615384615
175 0.9014423076923077 0.5913461538461539 0.17548076923076922 0.14783653846153846
209 0.5144230769230769 0.5913461538461539 0.16826923076923078 0.13221153846153846
65 0.12139423076923077 0.5997596153846154 0.17307692307692307 0.14783653846153846
73 0.11778846153846154 0.7764423076923077 0.14783653846153846 0.16706730769230768
73 0.6887019230769231 0.10576923076923077 0.13822115384615385 0.17427884615384615
183 0.8846153846153846 0.10697115384615384 0.15985576923076922 0.16826923076923078
217 0.4987980769230769 0.1141826923076923 0.14903846153846154 0.1622596153846154