209 0.7043269230769231 0.15144230769230768 0.1778846153846154 0.15384615384615385
65 0.11057692307692307 0.15745192307692307 0.16346153846153846 0.16826923076923078
175 0.11899038461538461 0.375 0.19471153846153846 0.1346153846153846
183 0.9014423076923077 0.5877403846153846 0.1778846153846154 0.19230769230769232
217 0.6983173076923077 0.5877403846153846 0.15865384615384615 0.17307692307692307
209 0.5012019230769231 0.6177884615384616 0.18269230769230768 0.13942307692307693
65 0.09975961538461539 0.6141826923076923 0.17307692307692307 0.15384615384615385
175 0.29927884615384615 0.6237980769230769 0.18269230769230768 0.14182692307692307
73 0.09014423076923077 0.8064903846153846 0.15865384615384615 0.18269230769230768
183 0.5024038461538461 0.11177884615384616 0.17548076923076922 0.18269230769230768
73 0.2920673076923077 0.11057692307692307 0.14423076923076922 0.18990384615384615
217 0.8966346153846154 0.125 0.15144230769230768 0.18269230769230768