229 0.11658653846153846 0.14543269230769232 0.12139423076923077 0.1778846153846154
51 0.45913461538461536 0.15384615384615385 0.11658653846153846 0.15985576923076922
159 0.14783653846153846 0.38341346153846156 0.1658653846153846 0.15865384615384615
145 0.31490384615384615 0.5805288461538461 0.1658653846153846 0.1658653846153846
226 0.6935096153846154 0.5829326923076923 0.13701923076923078 0.1622596153846154
48 0.11658653846153846 0.5841346153846154 0.11177884615384616 0.1622596153846154
159 0.5204326923076923 0.6165865384615384 0.15625 0.16826923076923078
51 0.8653846153846154 0.6310096153846154 0.12139423076923077 0.1622596153846154
229 0.11899038461538461 0.859375 0.1201923076923077 0.16105769230769232
48 0.28125 0.10817307692307693 0.11057692307692307 0.15625
226 0.8329326923076923 0.11298076923076923 0.12620192307692307 0.15384615384615385
145 0.6514423076923077 0.11298076923076923 0.1622596153846154 0.16947115384615385