229 0.0985576923076923 0.1658653846153846 0.12980769230769232 0.18509615384615385
51 0.4411057692307692 0.15625 0.125 0.1658653846153846
159 0.14182692307692307 0.4014423076923077 0.17307692307692307 0.16826923076923078
145 0.31971153846153844 0.5901442307692307 0.17548076923076922 0.17548076923076922
226 0.6971153846153846 0.5721153846153846 0.14423076923076922 0.16826923076923078
48 0.12139423076923077 0.6045673076923077 0.1201923076923077 0.16826923076923078
159 0.5264423076923077 0.6153846153846154 0.1658653846153846 0.17548076923076922
51 0.8713942307692307 0.6117788461538461 0.12980769230769232 0.16826923076923078
229 0.13822115384615385 0.8786057692307693 0.12740384615384615 0.16826923076923078
48 0.2608173076923077 0.1201923076923077 0.11778846153846154 0.16105769230769232
226 0.8125 0.09615384615384616 0.1346153846153846 0.16105769230769232
145 0.6310096153846154 0.10576923076923077 0.17067307692307693 0.1778846153846154