175 0.24639423076923078 0.17908653846153846 0.20192307692307693 0.16826923076923078
209 0.6334134615384616 0.12259615384615384 0.18028846153846154 0.15625
65 0.09134615384615384 0.4326923076923077 0.18269230769230768 0.16826923076923078
73 0.30528846153846156 0.5925480769230769 0.17307692307692307 0.18990384615384615
217 0.875 0.5024038461538461 0.18028846153846154 0.20432692307692307
183 0.12139423076923077 0.625 0.18509615384615385 0.18990384615384615
209 0.5108173076923077 0.6021634615384616 0.18269230769230768 0.15865384615384615
65 0.7007211538461539 0.5721153846153846 0.18990384615384615 0.15865384615384615
175 0.16826923076923078 0.8701923076923077 0.2091346153846154 0.18990384615384615
217 0.4254807692307692 0.1141826923076923 0.17067307692307693 0.18509615384615385
73 0.06129807692307692 0.17908653846153846 0.12259615384615384 0.19471153846153846
183 0.8185096153846154 0.07692307692307693 0.18028846153846154 0.15384615384615385