175 0.3112980769230769 0.13581730769230768 0.1875 0.1466346153846154
209 0.703125 0.15504807692307693 0.1658653846153846 0.13942307692307693
65 0.109375 0.35697115384615385 0.17548076923076922 0.14903846153846154
73 0.29086538461538464 0.5540865384615384 0.15384615384615385 0.17548076923076922
217 0.8677884615384616 0.5745192307692307 0.15865384615384615 0.1875
183 0.1045673076923077 0.5504807692307693 0.1658653846153846 0.17307692307692307
209 0.49158653846153844 0.6021634615384616 0.16826923076923078 0.13942307692307693
65 0.6838942307692307 0.6081730769230769 0.17548076923076922 0.13942307692307693
175 0.10336538461538461 0.8004807692307693 0.18990384615384615 0.17067307692307693
217 0.5 0.10697115384615384 0.15384615384615385 0.17067307692307693
73 0.10336538461538461 0.09495192307692307 0.16346153846153846 0.1778846153846154
183 0.8978365384615384 0.12860576923076922 0.16105769230769232 0.17307692307692307