175 0.29927884615384615 0.14302884615384615 0.18269230769230768 0.140625
209 0.6911057692307693 0.14783653846153846 0.16105769230769232 0.13341346153846154
65 0.1045673076923077 0.3701923076923077 0.16947115384615385 0.14302884615384615
73 0.2932692307692308 0.5612980769230769 0.14783653846153846 0.16947115384615385
217 0.8701923076923077 0.5612980769230769 0.15264423076923078 0.1814903846153846
183 0.10697115384615384 0.5637019230769231 0.15985576923076922 0.16706730769230768
209 0.4951923076923077 0.6021634615384616 0.16466346153846154 0.1346153846153846
65 0.6875 0.6021634615384616 0.17067307692307693 0.13341346153846154
175 0.1141826923076923 0.8137019230769231 0.18509615384615385 0.16346153846153846
217 0.48677884615384615 0.10697115384615384 0.14783653846153846 0.16466346153846154
73 0.0889423076923077 0.109375 0.15745192307692307 0.171875
183 0.8846153846153846 0.11538461538461539 0.15625 0.16826923076923078