73 0.46875 0.3269230769230769 0.17067307692307693 0.19951923076923078
217 0.08774038461538461 0.3762019230769231 0.17548076923076922 0.2091346153846154
65 0.8701923076923077 0.3161057692307692 0.18509615384615385 0.17307692307692307
175 0.2956730769230769 0.38822115384615385 0.19471153846153846 0.19230769230769232
209 0.6766826923076923 0.3425480769230769 0.19230769230769232 0.16346153846153846
217 0.8966346153846154 0.5168269230769231 0.16826923076923078 0.18509615384615385
183 0.109375 0.6129807692307693 0.19230769230769232 0.19471153846153846
209 0.328125 0.6286057692307693 0.1875 0.16105769230769232
175 0.7175480769230769 0.5829326923076923 0.19951923076923078 0.16105769230769232
65 0.515625 0.609375 0.18269230769230768 0.16105769230769232
73 0.1310096153846154 0.8413461538461539 0.1778846153846154 0.19230769230769232
183 0.07451923076923077 0.16105769230769232 0.14903846153846154 0.19230769230769232