209 0.6899038461538461 0.1466346153846154 0.17427884615384615 0.15264423076923078
175 0.11538461538461539 0.15264423076923078 0.17427884615384615 0.13581730769230768
65 0.109375 0.3605769230769231 0.17067307692307693 0.1502403846153846
217 0.6850961538461539 0.5625 0.15144230769230768 0.171875
183 0.8858173076923077 0.5661057692307693 0.16826923076923078 0.18269230769230768
175 0.109375 0.6009615384615384 0.18870192307692307 0.14302884615384615
65 0.31009615384615385 0.6045673076923077 0.16826923076923078 0.14182692307692307
209 0.4963942307692308 0.6057692307692307 0.1778846153846154 0.13822115384615385
73 0.10096153846153846 0.7872596153846154 0.1502403846153846 0.171875
73 0.48677884615384615 0.11057692307692307 0.14783653846153846 0.16346153846153846
183 0.8870192307692307 0.11057692307692307 0.15264423076923078 0.17307692307692307
217 0.29927884615384615 0.11298076923076923 0.1502403846153846 0.1622596153846154