208 0.9110576923076923 0.1310096153846154 0.15264423076923078 0.140625
176 0.13581730769230768 0.33774038461538464 0.17307692307692307 0.16466346153846154
67 0.7283653846153846 0.5829326923076923 0.15985576923076922 0.17668269230769232
211 0.09615384615384616 0.5865384615384616 0.15985576923076922 0.171875
176 0.3125 0.5889423076923077 0.16346153846153846 0.171875
210 0.5084134615384616 0.5889423076923077 0.1778846153846154 0.17908653846153846
66 0.30649038461538464 0.8161057692307693 0.15144230769230768 0.18389423076923078
177 0.10817307692307693 0.8185096153846154 0.171875 0.17908653846153846
66 0.7163461538461539 0.10576923076923077 0.15625 0.16706730769230768
67 0.5132211538461539 0.109375 0.14783653846153846 0.17067307692307693
211 0.09975961538461539 0.109375 0.171875 0.16706730769230768
177 0.31009615384615385 0.11298076923076923 0.171875 0.16706730769230768