64 0.8846153846153846 0.12139423076923077 0.15144230769230768 0.13341346153846154
176 0.12139423076923077 0.3293269230769231 0.16706730769230768 0.17548076923076922
210 0.09134615384615384 0.5637019230769231 0.15745192307692307 0.17427884615384615
176 0.4891826923076923 0.5637019230769231 0.17908653846153846 0.17067307692307693
177 0.6983173076923077 0.5661057692307693 0.18389423076923078 0.18028846153846154
66 0.28966346153846156 0.5709134615384616 0.13822115384615385 0.17307692307692307
64 0.8918269230769231 0.5805288461538461 0.140625 0.12620192307692307
211 0.11298076923076923 0.7956730769230769 0.1658653846153846 0.17067307692307693
210 0.09735576923076923 0.1045673076923077 0.15504807692307693 0.16466346153846154
67 0.48677884615384615 0.10576923076923077 0.15264423076923078 0.15985576923076922
211 0.29086538461538464 0.10697115384615384 0.1622596153846154 0.1658653846153846
177 0.6923076923076923 0.10817307692307693 0.1658653846153846 0.15264423076923078