64 0.9266826923076923 0.18629807692307693 0.1466346153846154 0.15625
176 0.15264423076923078 0.27163461538461536 0.19230769230769232 0.19951923076923078
210 0.0889423076923077 0.49759615384615385 0.1778846153846154 0.1971153846153846
176 0.4795673076923077 0.5612980769230769 0.20432692307692307 0.1971153846153846
177 0.6850961538461539 0.5961538461538461 0.2091346153846154 0.20673076923076922
66 0.28125 0.5372596153846154 0.16346153846153846 0.19230769230769232
64 0.875 0.640625 0.15865384615384615 0.1466346153846154
211 0.0829326923076923 0.7319711538461539 0.1658653846153846 0.19471153846153846
210 0.16346153846153846 0.06971153846153846 0.1778846153846154 0.13942307692307693
67 0.5480769230769231 0.10817307692307693 0.17548076923076922 0.18269230769230768
211 0.3545673076923077 0.08653846153846154 0.18509615384615385 0.17307692307692307
177 0.7512019230769231 0.14302884615384615 0.1875 0.1778846153846154