64 0.9170673076923077 0.1466346153846154 0.1658653846153846 0.1778846153846154
211 0.1310096153846154 0.30408653846153844 0.17548076923076922 0.17548076923076922
211 0.10216346153846154 0.53125 0.15865384615384615 0.17307692307692307
66 0.6971153846153846 0.5661057692307693 0.17307692307692307 0.17548076923076922
176 0.4987980769230769 0.5576923076923077 0.18269230769230768 0.16826923076923078
210 0.3016826923076923 0.5480769230769231 0.15865384615384615 0.17548076923076922
64 0.8774038461538461 0.5889423076923077 0.15384615384615385 0.14423076923076922
177 0.11658653846153846 0.7668269230769231 0.1778846153846154 0.16826923076923078
176 0.5108173076923077 0.09134615384615384 0.18269230769230768 0.16346153846153846
210 0.12860576923076922 0.07692307692307693 0.16105769230769232 0.15384615384615385
177 0.7151442307692307 0.10576923076923077 0.18509615384615385 0.16346153846153846
67 0.3173076923076923 0.08653846153846154 0.15384615384615385 0.16105769230769232