145 0.6213942307692307 0.125 0.15865384615384615 0.15384615384615385
48 0.2824519230769231 0.12620192307692307 0.10817307692307693 0.14903846153846154
226 0.4387019230769231 0.12860576923076922 0.1346153846153846 0.14182692307692307
159 0.828125 0.1622596153846154 0.15865384615384615 0.16346153846153846
51 0.11057692307692307 0.171875 0.13221153846153846 0.13942307692307693
229 0.10576923076923077 0.38461538461538464 0.12259615384615384 0.15144230769230768
48 0.30288461538461536 0.5817307692307693 0.11057692307692307 0.15384615384615385
145 0.1346153846153846 0.5817307692307693 0.14903846153846154 0.14903846153846154
226 0.47115384615384615 0.5841346153846154 0.11538461538461539 0.15384615384615385
51 0.6225961538461539 0.6189903846153846 0.12980769230769232 0.14903846153846154
229 0.7908653846153846 0.625 0.1201923076923077 0.15865384615384615
159 0.13701923076923078 0.8377403846153846 0.15625 0.15865384615384615