66 0.3317307692307692 0.375 0.17067307692307693 0.1778846153846154
211 0.10336538461538461 0.38100961538461536 0.17307692307692307 0.19951923076923078
176 0.125 0.6418269230769231 0.1875 0.18028846153846154
66 0.5697115384615384 0.6382211538461539 0.1875 0.18028846153846154
210 0.3485576923076923 0.6526442307692307 0.16346153846153846 0.18509615384615385
177 0.7848557692307693 0.6466346153846154 0.1971153846153846 0.19951923076923078
67 0.3401442307692308 0.8918269230769231 0.18509615384615385 0.18269230769230768
211 0.1201923076923077 0.9014423076923077 0.18269230769230768 0.17548076923076922
177 0.5588942307692307 0.11778846153846154 0.1875 0.18509615384615385
176 0.11057692307692307 0.12740384615384615 0.20192307692307693 0.17548076923076922
210 0.7824519230769231 0.11778846153846154 0.19230769230769232 0.18990384615384615
67 0.3329326923076923 0.12740384615384615 0.16105769230769232 0.18269230769230768