66 0.3485576923076923 0.3557692307692308 0.18509615384615385 0.19230769230769232
211 0.12139423076923077 0.3329326923076923 0.18990384615384615 0.21153846153846154
176 0.11057692307692307 0.5961538461538461 0.20192307692307693 0.19471153846153846
66 0.5528846153846154 0.6454326923076923 0.20192307692307693 0.1971153846153846
210 0.3317307692307692 0.6334134615384616 0.1778846153846154 0.19951923076923078
177 0.765625 0.6802884615384616 0.21394230769230768 0.21634615384615385
67 0.2932692307692308 0.8701923076923077 0.19951923076923078 0.1971153846153846
211 0.08533653846153846 0.8521634615384616 0.17067307692307693 0.18990384615384615
177 0.6057692307692307 0.12740384615384615 0.20192307692307693 0.19951923076923078
176 0.15865384615384615 0.0889423076923077 0.21634615384615385 0.1778846153846154
210 0.828125 0.15504807692307693 0.2091346153846154 0.20432692307692307
67 0.3786057692307692 0.11057692307692307 0.17548076923076922 0.19471153846153846