211 0.06850961538461539 0.1935096153846154 0.13701923076923078 0.20432692307692307
66 0.4411057692307692 0.13581730769230768 0.19951923076923078 0.19230769230769232
177 0.2403846153846154 0.16947115384615385 0.20432692307692307 0.20673076923076922
210 0.6394230769230769 0.10697115384615384 0.18269230769230768 0.19230769230769232
64 0.8317307692307693 0.10216346153846154 0.18509615384615385 0.15865384615384615
176 0.0985576923076923 0.4230769230769231 0.1971153846153846 0.1875
177 0.703125 0.5673076923076923 0.2091346153846154 0.19471153846153846
211 0.11778846153846154 0.6610576923076923 0.18509615384615385 0.1875
66 0.30649038461538464 0.6358173076923077 0.17548076923076922 0.1971153846153846
210 0.5048076923076923 0.6069711538461539 0.20192307692307693 0.2091346153846154
64 0.9038461538461539 0.5504807692307693 0.19230769230769232 0.18269230769230768
176 0.17548076923076922 0.8918269230769231 0.21153846153846154 0.19471153846153846