211 0.09254807692307693 0.1346153846153846 0.16105769230769232 0.18509615384615385
66 0.49278846153846156 0.1310096153846154 0.18028846153846154 0.16826923076923078
177 0.28966346153846156 0.13701923076923078 0.18269230769230768 0.18509615384615385
210 0.6935096153846154 0.12980769230769232 0.16105769230769232 0.17307692307692307
64 0.8834134615384616 0.15144230769230768 0.16826923076923078 0.13701923076923078
176 0.11298076923076923 0.36899038461538464 0.17548076923076922 0.1658653846153846
177 0.6911057692307693 0.5949519230769231 0.1875 0.17067307692307693
211 0.0985576923076923 0.6069711538461539 0.1658653846153846 0.1658653846153846
66 0.28966346153846156 0.6069711538461539 0.15384615384615385 0.1778846153846154
210 0.49038461538461536 0.6069711538461539 0.1778846153846154 0.1875
64 0.8942307692307693 0.6057692307692307 0.17548076923076922 0.16105769230769232
176 0.12379807692307693 0.84375 0.19230769230769232 0.17067307692307693