177 0.5444711538461539 0.12379807692307693 0.18990384615384615 0.17548076923076922
67 0.33533653846153844 0.10697115384615384 0.17548076923076922 0.18028846153846154
66 0.32211538461538464 0.33653846153846156 0.18028846153846154 0.18028846153846154
176 0.11899038461538461 0.32091346153846156 0.19230769230769232 0.1875
210 0.7115384615384616 0.6177884615384616 0.1778846153846154 0.18509615384615385
211 0.09495192307692307 0.5661057692307693 0.18509615384615385 0.19951923076923078
176 0.5012019230769231 0.6033653846153846 0.18990384615384615 0.21153846153846154
66 0.2980769230769231 0.5877403846153846 0.17548076923076922 0.18509615384615385
64 0.8990384615384616 0.6538461538461539 0.16105769230769232 0.13942307692307693
177 0.10697115384615384 0.8004807692307693 0.20432692307692307 0.18028846153846154
210 0.14182692307692307 0.0889423076923077 0.1778846153846154 0.1778846153846154
211 0.7584134615384616 0.14182692307692307 0.18269230769230768 0.19951923076923078