213 0.2800480769230769 0.13822115384615385 0.13701923076923078 0.14182692307692307
69 0.484375 0.14423076923076922 0.13221153846153846 0.12980769230769232
179 0.09014423076923077 0.33052884615384615 0.15144230769230768 0.15144230769230768
212 0.08653846153846154 0.5180288461538461 0.14903846153846154 0.15865384615384615
174 0.9098557692307693 0.5480769230769231 0.15144230769230768 0.11778846153846154
69 0.4807692307692308 0.5576923076923077 0.14182692307692307 0.14423076923076922
179 0.27524038461538464 0.5612980769230769 0.15144230769230768 0.14903846153846154
213 0.6983173076923077 0.5721153846153846 0.14903846153846154 0.14182692307692307
68 0.109375 0.7091346153846154 0.14182692307692307 0.17307692307692307
178 0.703125 0.10817307692307693 0.15144230769230768 0.15144230769230768
212 0.09615384615384616 0.0985576923076923 0.14182692307692307 0.15384615384615385
68 0.8858173076923077 0.11778846153846154 0.1658653846153846 0.15384615384615385