179 0.31490384615384615 0.12980769230769232 0.14543269230769232 0.14783653846153846
213 0.08533653846153846 0.13581730769230768 0.14423076923076922 0.14783653846153846
68 0.14543269230769232 0.2980769230769231 0.13942307692307693 0.1622596153846154
178 0.5048076923076923 0.5096153846153846 0.15865384615384615 0.16826923076923078
212 0.09375 0.5144230769230769 0.14423076923076922 0.15625
64 0.9182692307692307 0.5408653846153846 0.13581730769230768 0.11658653846153846
213 0.2848557692307692 0.5528846153846154 0.13701923076923078 0.13942307692307693
179 0.7007211538461539 0.5540865384615384 0.15745192307692307 0.140625
68 0.13341346153846154 0.7127403846153846 0.1466346153846154 0.16947115384615385
178 0.7247596153846154 0.09014423076923077 0.16105769230769232 0.14783653846153846
212 0.5300480769230769 0.09375 0.14543269230769232 0.15144230769230768
64 0.9182692307692307 0.11899038461538461 0.13581730769230768 0.12980769230769232