213 0.453125 0.15745192307692307 0.15865384615384615 0.15865384615384615
69 0.6574519230769231 0.1466346153846154 0.1658653846153846 0.14903846153846154
213 0.07692307692307693 0.39903846153846156 0.15384615384615385 0.14423076923076922
212 0.09375 0.5817307692307693 0.14423076923076922 0.1658653846153846
68 0.4831730769230769 0.5480769230769231 0.15625 0.1778846153846154
213 0.6778846153846154 0.5600961538461539 0.14903846153846154 0.15384615384615385
179 0.8930288461538461 0.5456730769230769 0.16826923076923078 0.15625
69 0.2764423076923077 0.6021634615384616 0.14903846153846154 0.15625
178 0.11658653846153846 0.78125 0.16346153846153846 0.16826923076923078
68 0.8677884615384616 0.08413461538461539 0.1466346153846154 0.1658653846153846
212 0.06850961538461539 0.15625 0.13701923076923078 0.16826923076923078
178 0.25721153846153844 0.13942307692307693 0.1658653846153846 0.17067307692307693