213 0.4651442307692308 0.15625 0.15384615384615385 0.15384615384615385
69 0.6694711538461539 0.15264423076923078 0.16105769230769232 0.14423076923076922
213 0.07932692307692307 0.3858173076923077 0.15384615384615385 0.13942307692307693
212 0.09014423076923077 0.5673076923076923 0.13942307692307693 0.16105769230769232
68 0.48197115384615385 0.5480769230769231 0.15144230769230768 0.17307692307692307
213 0.6754807692307693 0.5661057692307693 0.1466346153846154 0.14903846153846154
179 0.890625 0.5588942307692307 0.1658653846153846 0.15144230769230768
69 0.27283653846153844 0.59375 0.14423076923076922 0.15144230769230768
178 0.10697115384615384 0.7668269230769231 0.15865384615384615 0.16346153846153846
68 0.8822115384615384 0.09735576923076923 0.14182692307692307 0.16105769230769232
212 0.0733173076923077 0.13942307692307693 0.1466346153846154 0.16346153846153846
178 0.2704326923076923 0.13221153846153846 0.15865384615384615 0.1658653846153846