213 0.4831730769230769 0.15504807692307693 0.14543269230769232 0.14543269230769232
69 0.6875 0.1622596153846154 0.15504807692307693 0.13701923076923078
213 0.08533653846153846 0.3641826923076923 0.14783653846153846 0.1310096153846154
212 0.08774038461538461 0.5456730769230769 0.13221153846153846 0.15504807692307693
68 0.4795673076923077 0.546875 0.14302884615384615 0.1658653846153846
213 0.671875 0.5757211538461539 0.13822115384615385 0.14302884615384615
179 0.8870192307692307 0.5793269230769231 0.15745192307692307 0.14302884615384615
69 0.26802884615384615 0.5817307692307693 0.13581730769230768 0.14543269230769232
178 0.09375 0.7463942307692307 0.15144230769230768 0.15625
68 0.9026442307692307 0.11778846153846154 0.13341346153846154 0.15384615384615385
212 0.09014423076923077 0.11899038461538461 0.14302884615384615 0.15625
178 0.28966346153846156 0.1201923076923077 0.15144230769230768 0.15865384615384615