174 0.9158653846153846 0.13581730769230768 0.15264423076923078 0.12620192307692307
213 0.4855769230769231 0.15625 0.14903846153846154 0.13341346153846154
69 0.6923076923076923 0.15865384615384615 0.14423076923076922 0.14302884615384615
68 0.15625 0.31971153846153844 0.12740384615384615 0.15625
178 0.8966346153846154 0.5252403846153846 0.16947115384615385 0.16466346153846154
212 0.5168269230769231 0.5348557692307693 0.16105769230769232 0.16105769230769232
68 0.7055288461538461 0.5360576923076923 0.14302884615384615 0.15625
213 0.10576923076923077 0.5637019230769231 0.13581730769230768 0.15504807692307693
69 0.31490384615384615 0.5721153846153846 0.15264423076923078 0.13581730769230768
179 0.10817307692307693 0.7740384615384616 0.16466346153846154 0.13581730769230768
178 0.30288461538461536 0.109375 0.14302884615384615 0.15865384615384615
212 0.10576923076923077 0.1201923076923077 0.14543269230769232 0.14423076923076922