174 0.8822115384615384 0.10096153846153846 0.16346153846153846 0.13942307692307693
213 0.45552884615384615 0.15865384615384615 0.16105769230769232 0.1466346153846154
69 0.6622596153846154 0.14302884615384615 0.15625 0.15625
68 0.14182692307692307 0.34975961538461536 0.13942307692307693 0.1658653846153846
178 0.8978365384615384 0.49038461538461536 0.18269230769230768 0.1778846153846154
212 0.5192307692307693 0.5336538461538461 0.17548076923076922 0.17548076923076922
68 0.7079326923076923 0.5180288461538461 0.15625 0.16826923076923078
213 0.11298076923076923 0.5973557692307693 0.14903846153846154 0.1658653846153846
69 0.32211538461538464 0.5877403846153846 0.16346153846153846 0.14903846153846154
179 0.13341346153846154 0.8076923076923077 0.17548076923076922 0.14903846153846154
178 0.2692307692307692 0.12860576923076922 0.15625 0.17067307692307693
212 0.07572115384615384 0.15504807692307693 0.15144230769230768 0.15625