213 0.12980769230769232 0.08173076923076923 0.15625 0.15144230769230768
69 0.9146634615384616 0.18269230769230768 0.16105769230769232 0.15384615384615385
179 0.11538461538461539 0.2848557692307692 0.17067307692307693 0.15144230769230768
68 0.7223557692307693 0.5444711538461539 0.15144230769230768 0.17307692307692307
212 0.9098557692307693 0.5709134615384616 0.15144230769230768 0.1778846153846154
179 0.29927884615384615 0.5228365384615384 0.16826923076923078 0.1658653846153846
69 0.5084134615384616 0.5540865384615384 0.15144230769230768 0.15144230769230768
213 0.08533653846153846 0.5036057692307693 0.1466346153846154 0.14903846153846154
178 0.07692307692307693 0.6682692307692307 0.15384615384615385 0.16826923076923078
212 0.35336538461538464 0.07692307692307693 0.16826923076923078 0.15384615384615385
178 0.5480769230769231 0.09735576923076923 0.16826923076923078 0.1658653846153846
68 0.7403846153846154 0.12379807692307693 0.15384615384615385 0.16826923076923078