213 0.08173076923076923 0.12980769230769232 0.14182692307692307 0.13581730769230768
69 0.8725961538461539 0.1346153846153846 0.1466346153846154 0.13581730769230768
179 0.09254807692307693 0.3329326923076923 0.15625 0.13341346153846154
68 0.7259615384615384 0.5168269230769231 0.13221153846153846 0.15745192307692307
212 0.9158653846153846 0.5204326923076923 0.13341346153846154 0.1622596153846154
179 0.30408653846153844 0.546875 0.1502403846153846 0.14903846153846154
69 0.5144230769230769 0.5528846153846154 0.1346153846153846 0.13701923076923078
213 0.0889423076923077 0.5540865384615384 0.13221153846153846 0.13341346153846154
178 0.09375 0.7199519230769231 0.1502403846153846 0.1502403846153846
212 0.3016826923076923 0.09134615384615384 0.15144230769230768 0.15264423076923078
178 0.4987980769230769 0.09495192307692307 0.15144230769230768 0.14783653846153846
68 0.6923076923076923 0.09735576923076923 0.13581730769230768 0.15384615384615385