69 0.30528846153846156 0.15264423076923078 0.16105769230769232 0.14423076923076922
179 0.09615384615384616 0.14182692307692307 0.14903846153846154 0.14423076923076922
212 0.08533653846153846 0.3112980769230769 0.15384615384615385 0.16346153846153846
68 0.5084134615384616 0.5456730769230769 0.15144230769230768 0.17307692307692307
212 0.9122596153846154 0.5733173076923077 0.15625 0.1778846153846154
213 0.29086538461538464 0.5805288461538461 0.15625 0.14903846153846154
69 0.6911057692307693 0.6021634615384616 0.15865384615384615 0.15625
179 0.078125 0.5721153846153846 0.15625 0.15865384615384615
178 0.06971153846153846 0.734375 0.13942307692307693 0.16105769230769232
178 0.5336538461538461 0.11899038461538461 0.16826923076923078 0.17067307692307693
212 0.7403846153846154 0.1310096153846154 0.1466346153846154 0.16105769230769232
68 0.9290865384615384 0.14423076923076922 0.13701923076923078 0.16346153846153846