69 0.28725961538461536 0.16346153846153846 0.15384615384615385 0.13701923076923078
179 0.078125 0.16346153846153846 0.14182692307692307 0.13581730769230768
212 0.07572115384615384 0.3329326923076923 0.14543269230769232 0.15625
68 0.5108173076923077 0.5456730769230769 0.14182692307692307 0.16706730769230768
212 0.9158653846153846 0.5516826923076923 0.14783653846153846 0.16947115384615385
213 0.2956730769230769 0.5913461538461539 0.14903846153846154 0.140625
69 0.6959134615384616 0.5925480769230769 0.1502403846153846 0.14903846153846154
179 0.08173076923076923 0.59375 0.15144230769230768 0.1502403846153846
178 0.07692307692307693 0.7584134615384616 0.14543269230769232 0.15384615384615385
178 0.5132211538461539 0.11778846153846154 0.16105769230769232 0.16346153846153846
212 0.7211538461538461 0.11899038461538461 0.13942307692307693 0.15384615384615385
68 0.9098557692307693 0.12259615384615384 0.12980769230769232 0.15625