213 0.4735576923076923 0.14903846153846154 0.14903846153846154 0.13341346153846154
179 0.6947115384615384 0.15264423076923078 0.15144230769230768 0.12980769230769232
69 0.07932692307692307 0.3545673076923077 0.13221153846153846 0.13221153846153846
212 0.8894230769230769 0.5204326923076923 0.14543269230769232 0.17067307692307693
178 0.09254807692307693 0.5228365384615384 0.14903846153846154 0.15384615384615385
68 0.2776442307692308 0.5324519230769231 0.1346153846153846 0.1622596153846154
69 0.6730769230769231 0.5661057692307693 0.1346153846153846 0.14182692307692307
213 0.47836538461538464 0.5673076923076923 0.15144230769230768 0.13581730769230768
179 0.0889423076923077 0.7632211538461539 0.15144230769230768 0.14903846153846154
68 0.9038461538461539 0.10336538461538461 0.1310096153846154 0.16826923076923078
212 0.27884615384615385 0.10576923076923077 0.14543269230769232 0.15625
178 0.09014423076923077 0.10817307692307693 0.15144230769230768 0.15264423076923078