213 0.4254807692307692 0.15625 0.1658653846153846 0.15384615384615385
179 0.6442307692307693 0.12860576923076922 0.16826923076923078 0.14903846153846154
69 0.06850961538461539 0.41346153846153844 0.13701923076923078 0.14903846153846154
212 0.8882211538461539 0.46634615384615385 0.16826923076923078 0.18990384615384615
178 0.09975961538461539 0.5793269230769231 0.16826923076923078 0.17307692307692307
68 0.2848557692307692 0.5625 0.15625 0.18028846153846154
69 0.6802884615384616 0.5408653846153846 0.15384615384615385 0.15865384615384615
213 0.4879807692307692 0.5697115384615384 0.16826923076923078 0.15625
179 0.12980769230769232 0.8173076923076923 0.17067307692307693 0.16826923076923078
68 0.84375 0.07091346153846154 0.15384615384615385 0.14182692307692307
212 0.22596153846153846 0.140625 0.1658653846153846 0.17548076923076922
178 0.0625 0.16826923076923078 0.125 0.17307692307692307