69 0.0625 0.20432692307692307 0.125 0.15865384615384615
213 0.25841346153846156 0.18269230769230768 0.1778846153846154 0.13942307692307693
179 0.0829326923076923 0.4050480769230769 0.1658653846153846 0.1658653846153846
212 0.29447115384615385 0.5576923076923077 0.15384615384615385 0.1778846153846154
178 0.7199519230769231 0.5120192307692307 0.18028846153846154 0.18028846153846154
68 0.09975961538461539 0.5925480769230769 0.14903846153846154 0.18028846153846154
213 0.9074519230769231 0.5252403846153846 0.1658653846153846 0.16105769230769232
179 0.4963942307692308 0.5793269230769231 0.18028846153846154 0.16346153846153846
69 0.11778846153846154 0.84375 0.17307692307692307 0.15865384615384615
178 0.8677884615384616 0.0733173076923077 0.16346153846153846 0.1466346153846154
68 0.4735576923076923 0.11057692307692307 0.15384615384615385 0.16826923076923078
212 0.6634615384615384 0.0889423076923077 0.15625 0.17067307692307693