214 0.1971153846153846 0.08413461538461539 0.20673076923076922 0.16826923076923078
180 0.39663461538461536 0.28966346153846156 0.19951923076923078 0.16826923076923078
214 0.609375 0.3137019230769231 0.1971153846153846 0.17067307692307693
180 0.17668269230769232 0.2704326923076923 0.20673076923076922 0.1875
214 0.8209134615384616 0.3389423076923077 0.1971153846153846 0.1658653846153846
70 0.15144230769230768 0.46274038461538464 0.21153846153846154 0.18028846153846154
180 0.7788461538461539 0.5324519230769231 0.20673076923076922 0.17067307692307693
70 0.5661057692307693 0.5108173076923077 0.19471153846153846 0.17067307692307693
180 0.36177884615384615 0.49038461538461536 0.20192307692307693 0.1778846153846154
180 0.34615384615384615 0.6947115384615384 0.20192307692307693 0.18028846153846154
214 0.1310096153846154 0.6814903846153846 0.20192307692307693 0.1658653846153846
70 0.7608173076923077 0.7475961538461539 0.1971153846153846 0.17307692307692307
70 0.5540865384615384 0.7319711538461539 0.19471153846153846 0.1778846153846154
180 0.11658653846153846 0.8665865384615384 0.20673076923076922 0.18509615384615385
214 0.33533653846153844 0.8978365384615384 0.19951923076923078 0.17307692307692307
214 0.8052884615384616 0.13822115384615385 0.2091346153846154 0.17548076923076922
70 0.40625 0.09735576923076923 0.19471153846153846 0.16826923076923078
70 0.6045673076923077 0.11899038461538461 0.19230769230769232 0.15865384615384615