250 0.43028846153846156 0.27524038461538464 0.13341346153846154 0.12740384615384615
205 0.9302884615384616 0.2776442307692308 0.12620192307692307 0.13942307692307693
94 0.27163461538461536 0.27884615384615385 0.12980769230769232 0.13221153846153846
250 0.59375 0.27884615384615385 0.13942307692307693 0.13221153846153846
205 0.1045673076923077 0.2800480769230769 0.12980769230769232 0.13701923076923078
94 0.7728365384615384 0.28125 0.13221153846153846 0.13581730769230768
86 0.546875 0.49399038461538464 0.12980769230769232 0.1141826923076923
242 0.24639423076923078 0.49399038461538464 0.12740384615384615 0.09615384615384616
86 0.4026442307692308 0.4951923076923077 0.12379807692307693 0.10336538461538461
242 0.8317307692307693 0.5 0.13822115384615385 0.11298076923076923
197 0.0985576923076923 0.5048076923076923 0.13581730769230768 0.10576923076923077
197 0.6959134615384616 0.5060096153846154 0.1201923076923077 0.10336538461538461
250 0.5973557692307693 0.6826923076923077 0.12980769230769232 0.12620192307692307
94 0.4387019230769231 0.6838942307692307 0.12379807692307693 0.12980769230769232
250 0.2668269230769231 0.6850961538461539 0.13822115384615385 0.1346153846153846
94 0.7680288461538461 0.6850961538461539 0.13822115384615385 0.13942307692307693
205 0.10096153846153846 0.6850961538461539 0.13221153846153846 0.13942307692307693
205 0.9278846153846154 0.6875 0.125 0.13942307692307693
242 0.3918269230769231 0.09014423076923077 0.12740384615384615 0.09735576923076923
86 0.25600961538461536 0.8954326923076923 0.125 0.12259615384615384
242 0.8413461538461539 0.8990384615384616 0.13221153846153846 0.09615384615384616
242 0.5432692307692307 0.8990384615384616 0.12379807692307693 0.10336538461538461
197 0.10336538461538461 0.9026442307692307 0.13581730769230768 0.109375
197 0.6887019230769231 0.9074519230769231 0.1201923076923077 0.11538461538461539
86 0.4014423076923077 0.9074519230769231 0.11899038461538461 0.10096153846153846
86 0.84375 0.09375 0.13341346153846154 0.10096153846153846
86 0.2512019230769231 0.09375 0.12860576923076922 0.10216346153846154
242 0.6911057692307693 0.09495192307692307 0.125 0.09014423076923077
197 0.5432692307692307 0.09735576923076923 0.12740384615384615 0.09615384615384616
197 0.09735576923076923 0.10576923076923077 0.13341346153846154 0.11177884615384616