250 0.5661057692307693 0.29927884615384615 0.13701923076923078 0.14423076923076922
205 0.9038461538461539 0.29086538461538464 0.1346153846153846 0.15384615384615385
94 0.4074519230769231 0.31009615384615385 0.1346153846153846 0.12980769230769232
250 0.06850961538461539 0.32091346153846156 0.13701923076923078 0.1466346153846154
205 0.2403846153846154 0.32091346153846156 0.12980769230769232 0.1466346153846154
94 0.7451923076923077 0.30528846153846156 0.15625 0.14903846153846154
205 0.7451923076923077 0.49399038461538464 0.1346153846153846 0.14903846153846154
94 0.24158653846153846 0.515625 0.13942307692307693 0.14903846153846154
205 0.4074519230769231 0.5132211538461539 0.1346153846153846 0.13221153846153846
250 0.0733173076923077 0.5252403846153846 0.1346153846153846 0.16105769230769232
94 0.9170673076923077 0.4987980769230769 0.15144230769230768 0.15384615384615385
250 0.5721153846153846 0.5144230769230769 0.14903846153846154 0.14903846153846154
94 0.9230769230769231 0.6947115384615384 0.13701923076923078 0.15144230769230768
250 0.08533653846153846 0.7247596153846154 0.1346153846153846 0.12740384615384615
205 0.4182692307692308 0.7151442307692307 0.14182692307692307 0.15865384615384615
94 0.5901442307692307 0.7091346153846154 0.1466346153846154 0.14903846153846154
205 0.24759615384615385 0.7223557692307693 0.13221153846153846 0.14423076923076922
250 0.7548076923076923 0.7055288461538461 0.13221153846153846 0.1346153846153846
242 0.09014423076923077 0.9435096153846154 0.12259615384615384 0.10336538461538461
242 0.23557692307692307 0.9399038461538461 0.14423076923076922 0.09615384615384616
197 0.390625 0.9362980769230769 0.12740384615384615 0.10817307692307693
197 0.6850961538461539 0.9266826923076923 0.13221153846153846 0.11778846153846154
86 0.8401442307692307 0.9206730769230769 0.13701923076923078 0.0985576923076923
86 0.5420673076923077 0.9362980769230769 0.13942307692307693 0.11538461538461539
94 0.23918269230769232 0.11057692307692307 0.12980769230769232 0.14423076923076922
205 0.0673076923076923 0.11899038461538461 0.1346153846153846 0.13221153846153846
250 0.5685096153846154 0.10336538461538461 0.14182692307692307 0.14182692307692307
205 0.4026442307692308 0.11177884615384616 0.12740384615384615 0.14182692307692307
250 0.8918269230769231 0.09375 0.13942307692307693 0.13942307692307693
94 0.7427884615384616 0.10096153846153846 0.1466346153846154 0.15625