250 0.5733173076923077 0.3016826923076923 0.13221153846153846 0.140625
205 0.9110576923076923 0.30528846153846156 0.12860576923076922 0.1502403846153846
94 0.41466346153846156 0.30649038461538464 0.1310096153846154 0.125
250 0.07451923076923077 0.3076923076923077 0.1346153846153846 0.14302884615384615
205 0.24639423076923078 0.3125 0.125 0.14182692307692307
94 0.7524038461538461 0.3137019230769231 0.15144230769230768 0.14423076923076922
205 0.7451923076923077 0.5024038461538461 0.12980769230769232 0.14423076923076922
94 0.24158653846153846 0.5060096153846154 0.1346153846153846 0.14543269230769232
205 0.4074519230769231 0.5096153846153846 0.1310096153846154 0.12740384615384615
250 0.07211538461538461 0.5108173076923077 0.12980769230769232 0.15745192307692307
94 0.9170673076923077 0.5132211538461539 0.14543269230769232 0.14783653846153846
250 0.5721153846153846 0.5168269230769231 0.14423076923076922 0.14423076923076922
94 0.9158653846153846 0.7091346153846154 0.13221153846153846 0.14783653846153846
250 0.078125 0.7103365384615384 0.1310096153846154 0.12259615384615384
205 0.4110576923076923 0.7127403846153846 0.13701923076923078 0.15504807692307693
94 0.5829326923076923 0.7127403846153846 0.140625 0.14302884615384615
205 0.2403846153846154 0.7139423076923077 0.12860576923076922 0.13942307692307693
250 0.7475961538461539 0.7139423076923077 0.12860576923076922 0.1310096153846154
242 0.07451923076923077 0.9290865384615384 0.11899038461538461 0.0985576923076923
242 0.21995192307692307 0.9302884615384616 0.14182692307692307 0.09014423076923077
197 0.375 0.9326923076923077 0.125 0.1045673076923077
197 0.6706730769230769 0.9326923076923077 0.12860576923076922 0.11298076923076923
86 0.8257211538461539 0.9326923076923077 0.1346153846153846 0.09375
86 0.5264423076923077 0.9375 0.1346153846153846 0.11057692307692307
94 0.25240384615384615 0.10216346153846154 0.125 0.140625
205 0.07572115384615384 0.1045673076923077 0.14182692307692307 0.12740384615384615
250 0.5817307692307693 0.10576923076923077 0.13701923076923078 0.13822115384615385
205 0.41586538461538464 0.10817307692307693 0.12379807692307693 0.13701923076923078
250 0.90625 0.10817307692307693 0.1346153846153846 0.1346153846153846
94 0.7560096153846154 0.109375 0.140625 0.1502403846153846