250 0.41466346153846156 0.28725961538461536 0.140625 0.12740384615384615
250 0.5805288461538461 0.2920673076923077 0.14783653846153846 0.13701923076923078
94 0.7584134615384616 0.2920673076923077 0.13942307692307693 0.14783653846153846
94 0.9182692307692307 0.2920673076923077 0.15144230769230768 0.15625
205 0.24278846153846154 0.30288461538461536 0.13341346153846154 0.14302884615384615
94 0.07091346153846154 0.30408653846153844 0.13341346153846154 0.15144230769230768
250 0.5805288461538461 0.4951923076923077 0.14783653846153846 0.1346153846153846
94 0.07692307692307693 0.4987980769230769 0.13221153846153846 0.13701923076923078
94 0.2439903846153846 0.5 0.14903846153846154 0.14182692307692307
250 0.9254807692307693 0.5024038461538461 0.13701923076923078 0.13701923076923078
205 0.41586538461538464 0.5096153846153846 0.12259615384615384 0.15985576923076922
205 0.7584134615384616 0.5108173076923077 0.12860576923076922 0.13701923076923078