250 0.4074519230769231 0.29086538461538464 0.14423076923076922 0.13221153846153846
250 0.5733173076923077 0.28966346153846156 0.15144230769230768 0.14182692307692307
94 0.7512019230769231 0.28365384615384615 0.14423076923076922 0.15144230769230768
94 0.9110576923076923 0.2776442307692308 0.15625 0.16105769230769232
205 0.23557692307692307 0.3125 0.13942307692307693 0.1466346153846154
94 0.0673076923076923 0.31850961538461536 0.1346153846153846 0.15625
250 0.5805288461538461 0.49278846153846156 0.15144230769230768 0.13942307692307693
94 0.07692307692307693 0.5132211538461539 0.13701923076923078 0.14182692307692307
94 0.2439903846153846 0.5084134615384616 0.15384615384615385 0.1466346153846154
250 0.9254807692307693 0.4879807692307692 0.14182692307692307 0.14182692307692307
205 0.41586538461538464 0.5120192307692307 0.12740384615384615 0.16346153846153846
205 0.7584134615384616 0.5012019230769231 0.13221153846153846 0.14182692307692307