250 0.4338942307692308 0.2800480769230769 0.15144230769230768 0.13942307692307693
250 0.5985576923076923 0.29927884615384615 0.15865384615384615 0.14903846153846154
94 0.7752403846153846 0.31490384615384615 0.15144230769230768 0.15865384615384615
94 0.9266826923076923 0.3293269230769231 0.1466346153846154 0.16826923076923078
205 0.2608173076923077 0.28125 0.14423076923076922 0.15384615384615385
94 0.09014423076923077 0.26802884615384615 0.1466346153846154 0.16346153846153846
250 0.5805288461538461 0.5024038461538461 0.15865384615384615 0.1466346153846154
94 0.078125 0.46153846153846156 0.14423076923076922 0.14903846153846154
94 0.24519230769230768 0.47716346153846156 0.16105769230769232 0.15384615384615385
250 0.9230769230769231 0.5396634615384616 0.14903846153846154 0.14903846153846154
205 0.41586538461538464 0.5024038461538461 0.13701923076923078 0.17067307692307693
205 0.7560096153846154 0.5336538461538461 0.13942307692307693 0.1466346153846154