249 0.7223557692307693 0.265625 0.14182692307692307 0.16105769230769232
93 0.21634615384615385 0.31971153846153844 0.15384615384615385 0.1466346153846154
204 0.05889423076923077 0.33774038461538464 0.11778846153846154 0.1466346153846154
252 0.8870192307692307 0.2704326923076923 0.14903846153846154 0.1658653846153846
207 0.390625 0.328125 0.14423076923076922 0.15144230769230768
96 0.5673076923076923 0.3112980769230769 0.14423076923076922 0.15625
249 0.7415865384615384 0.46875 0.15625 0.14903846153846154
93 0.9146634615384616 0.453125 0.1466346153846154 0.15144230769230768
204 0.578125 0.49158653846153844 0.1346153846153846 0.16105769230769232
96 0.41346153846153844 0.5336538461538461 0.15144230769230768 0.16346153846153846
252 0.24158653846153846 0.5540865384615384 0.14423076923076922 0.15865384615384615
207 0.08052884615384616 0.5733173076923077 0.14182692307692307 0.16105769230769232
249 0.7644230769230769 0.6730769230769231 0.14423076923076922 0.14423076923076922
204 0.43509615384615385 0.7103365384615384 0.13701923076923078 0.14423076923076922
93 0.6069711538461539 0.6947115384615384 0.14423076923076922 0.15384615384615385
252 0.9254807692307693 0.6850961538461539 0.14903846153846154 0.15865384615384615
207 0.0985576923076923 0.7740384615384616 0.14182692307692307 0.15144230769230768
96 0.2704326923076923 0.7572115384615384 0.13701923076923078 0.15625
249 0.19230769230769232 0.1141826923076923 0.14903846153846154 0.15625
204 0.04807692307692308 0.13341346153846154 0.09615384615384616 0.14182692307692307
93 0.5336538461538461 0.0829326923076923 0.15384615384615385 0.15144230769230768
96 0.36778846153846156 0.12139423076923077 0.15625 0.15865384615384615
252 0.6911057692307693 0.09014423076923077 0.15384615384615385 0.15144230769230768
207 0.8689903846153846 0.07451923076923077 0.1466346153846154 0.14903846153846154