204 0.4230769230769231 0.23557692307692307 0.1310096153846154 0.13942307692307693
93 0.24759615384615385 0.2403846153846154 0.13581730769230768 0.1310096153846154
249 0.7572115384615384 0.2403846153846154 0.140625 0.12620192307692307
252 0.9242788461538461 0.2692307692307692 0.1310096153846154 0.140625
96 0.5913461538461539 0.27403846153846156 0.13221153846153846 0.140625
207 0.07692307692307693 0.27403846153846156 0.1310096153846154 0.14903846153846154
204 0.5925480769230769 0.4483173076923077 0.1346153846153846 0.13701923076923078
249 0.24158653846153846 0.45072115384615385 0.12620192307692307 0.13221153846153846
93 0.9290865384615384 0.45072115384615385 0.12860576923076922 0.13822115384615385
252 0.7548076923076923 0.47836538461538464 0.13221153846153846 0.1466346153846154
207 0.07211538461538461 0.4795673076923077 0.12980769230769232 0.1310096153846154
96 0.4182692307692308 0.48677884615384615 0.14423076923076922 0.14423076923076922