251 0.5673076923076923 0.28725961538461536 0.12860576923076922 0.13581730769230768
95 0.7379807692307693 0.28846153846153844 0.140625 0.15384615384615385
206 0.40625 0.29447115384615385 0.12139423076923077 0.14302884615384615
243 0.2512019230769231 0.31971153846153844 0.15504807692307693 0.13221153846153846
198 0.08052884615384616 0.32572115384615385 0.15504807692307693 0.12259615384615384
87 0.9146634615384616 0.32572115384615385 0.14423076923076922 0.11899038461538461
251 0.06850961538461539 0.49038461538461536 0.12139423076923077 0.140625
95 0.23557692307692307 0.4963942307692308 0.12620192307692307 0.14903846153846154
206 0.3954326923076923 0.5012019230769231 0.13221153846153846 0.15504807692307693
198 0.578125 0.5168269230769231 0.15865384615384615 0.13221153846153846
243 0.90625 0.5228365384615384 0.15264423076923078 0.13581730769230768
87 0.7475961538461539 0.5240384615384616 0.14423076923076922 0.12139423076923077
251 0.06610576923076923 0.6862980769230769 0.12620192307692307 0.14182692307692307
95 0.4050480769230769 0.6911057692307693 0.12740384615384615 0.14423076923076922
206 0.7295673076923077 0.6995192307692307 0.12620192307692307 0.15384615384615385
87 0.9074519230769231 0.7211538461538461 0.15504807692307693 0.13701923076923078
198 0.24639423076923078 0.7271634615384616 0.1466346153846154 0.12980769230769232
243 0.5721153846153846 0.7271634615384616 0.15504807692307693 0.12740384615384615
251 0.7247596153846154 0.08533653846153846 0.13341346153846154 0.14423076923076922
206 0.8942307692307693 0.0889423076923077 0.14182692307692307 0.15144230769230768
95 0.2439903846153846 0.09134615384615384 0.13221153846153846 0.15504807692307693
243 0.4110576923076923 0.1201923076923077 0.1502403846153846 0.12620192307692307
87 0.5757211538461539 0.12259615384615384 0.14783653846153846 0.12139423076923077
198 0.08653846153846154 0.12259615384615384 0.15144230769230768 0.125