206 0.6225961538461539 0.21634615384615385 0.15144230769230768 0.16346153846153846
251 0.2764423076923077 0.16466346153846154 0.15384615384615385 0.15865384615384615
95 0.9447115384615384 0.27884615384615385 0.11057692307692307 0.16826923076923078
243 0.8052884615384616 0.27163461538461536 0.18509615384615385 0.16105769230769232
87 0.11778846153846154 0.17067307692307693 0.15865384615384615 0.13942307692307693
198 0.453125 0.22596153846153846 0.17548076923076922 0.14423076923076922
95 0.24759615384615385 0.36899038461538464 0.15384615384615385 0.17307692307692307
251 0.9254807692307693 0.47716346153846156 0.14903846153846154 0.1658653846153846
206 0.41586538461538464 0.39783653846153844 0.15625 0.17067307692307693
198 0.7680288461538461 0.47716346153846156 0.1778846153846154 0.15865384615384615
243 0.5877403846153846 0.45552884615384615 0.1778846153846154 0.15384615384615385
87 0.0829326923076923 0.3798076923076923 0.15865384615384615 0.15144230769230768