88 0.5829326923076923 0.3641826923076923 0.19230769230769232 0.21153846153846154
245 0.35336538461538464 0.3473557692307692 0.19471153846153846 0.1971153846153846
244 0.796875 0.3870192307692308 0.19951923076923078 0.19951923076923078
200 0.12860576923076922 0.33533653846153844 0.1875 0.18990384615384615
199 0.10336538461538461 0.5949519230769231 0.18269230769230768 0.20432692307692307
245 0.3317307692307692 0.6141826923076923 0.2091346153846154 0.19951923076923078
200 0.5528846153846154 0.640625 0.19230769230769232 0.20673076923076922
89 0.78125 0.6622596153846154 0.1875 0.20673076923076922
88 0.08653846153846154 0.8449519230769231 0.17307692307692307 0.19471153846153846
244 0.3004807692307692 0.8677884615384616 0.20432692307692307 0.18269230769230768
89 0.3858173076923077 0.10817307692307693 0.18269230769230768 0.18028846153846154
199 0.16346153846153846 0.09254807692307693 0.19230769230769232 0.18509615384615385