244 0.109375 0.359375 0.19591346153846154 0.1814903846153846
89 0.3449519230769231 0.36177884615384615 0.16947115384615385 0.18028846153846154
245 0.11658653846153846 0.6201923076923077 0.18269230769230768 0.18629807692307693
88 0.34375 0.6262019230769231 0.20552884615384615 0.1971153846153846
199 0.5757211538461539 0.6262019230769231 0.18990384615384615 0.1875
244 0.8100961538461539 0.6298076923076923 0.18990384615384615 0.17427884615384615
89 0.11658653846153846 0.8737980769230769 0.18509615384615385 0.20072115384615385
200 0.35216346153846156 0.8870192307692307 0.1658653846153846 0.18028846153846154
245 0.11658653846153846 0.10576923076923077 0.16826923076923078 0.1814903846153846
199 0.796875 0.11057692307692307 0.171875 0.1875
200 0.3401442307692308 0.11298076923076923 0.17668269230769232 0.18509615384615385
88 0.5793269230769231 0.1141826923076923 0.171875 0.17548076923076922