89 0.09975961538461539 0.41346153846153844 0.1971153846153846 0.20432692307692307
200 0.31850961538461536 0.39783653846153844 0.20192307692307693 0.20192307692307693
244 0.11899038461538461 0.6778846153846154 0.1971153846153846 0.20432692307692307
89 0.5721153846153846 0.6225961538461539 0.19951923076923078 0.21394230769230768
244 0.7920673076923077 0.6045673076923077 0.2091346153846154 0.2091346153846154
200 0.34375 0.6610576923076923 0.18990384615384615 0.20192307692307693
88 0.38221153846153844 0.9002403846153846 0.20192307692307693 0.19951923076923078
199 0.15985576923076922 0.9182692307692307 0.20432692307692307 0.16346153846153846
245 0.07692307692307693 0.16826923076923078 0.15384615384615385 0.1971153846153846
88 0.7355769230769231 0.09375 0.20673076923076922 0.1875
244 0.5012019230769231 0.11899038461538461 0.1971153846153846 0.1971153846153846
199 0.29086538461538464 0.14783653846153846 0.18269230769230768 0.20432692307692307