88 0.1045673076923077 0.3581730769230769 0.18509615384615385 0.1778846153846154
245 0.3173076923076923 0.35697115384615385 0.18028846153846154 0.18509615384615385
89 0.7788461538461539 0.5829326923076923 0.18028846153846154 0.20432692307692307
199 0.3425480769230769 0.6081730769230769 0.18269230769230768 0.18509615384615385
244 0.11057692307692307 0.6213942307692307 0.18509615384615385 0.1778846153846154
88 0.5769230769230769 0.5973557692307693 0.1875 0.19230769230769232
245 0.3425480769230769 0.8509615384615384 0.1971153846153846 0.1875
200 0.13221153846153846 0.8737980769230769 0.17307692307692307 0.20192307692307693
89 0.3112980769230769 0.10697115384615384 0.17548076923076922 0.18028846153846154
244 0.09134615384615384 0.11899038461538461 0.18269230769230768 0.18028846153846154
199 0.5300480769230769 0.09735576923076923 0.17307692307692307 0.17307692307692307
200 0.7415865384615384 0.09134615384615384 0.18028846153846154 0.18269230769230768