244 0.09975961538461539 0.41346153846153844 0.19951923076923078 0.21634615384615385
199 0.32211538461538464 0.37740384615384615 0.21153846153846154 0.21634615384615385
244 0.7896634615384616 0.5516826923076923 0.22355769230769232 0.2091346153846154
89 0.14543269230769232 0.6694711538461539 0.20192307692307693 0.1971153846153846
245 0.35096153846153844 0.6358173076923077 0.20192307692307693 0.20432692307692307
199 0.5649038461538461 0.5997596153846154 0.1971153846153846 0.2283653846153846
200 0.4026442307692308 0.859375 0.20192307692307693 0.2091346153846154
88 0.18509615384615385 0.8990384615384616 0.20673076923076922 0.20192307692307693
245 0.6862980769230769 0.08052884615384616 0.19471153846153846 0.16105769230769232
200 0.4879807692307692 0.10096153846153846 0.19230769230769232 0.19471153846153846
88 0.2692307692307692 0.14182692307692307 0.20192307692307693 0.20673076923076922
89 0.078125 0.18028846153846154 0.15625 0.20673076923076922