244 0.30649038461538464 0.3473557692307692 0.1875 0.18028846153846154
245 0.09495192307692307 0.35697115384615385 0.16105769230769232 0.17548076923076922
89 0.7463942307692307 0.5925480769230769 0.18269230769230768 0.18509615384615385
245 0.30649038461538464 0.6021634615384616 0.16826923076923078 0.17548076923076922
88 0.10817307692307693 0.6057692307692307 0.15865384615384615 0.1778846153846154
199 0.5240384615384616 0.6033653846153846 0.18509615384615385 0.1875
200 0.11177884615384616 0.8425480769230769 0.17307692307692307 0.19230769230769232
244 0.3173076923076923 0.8425480769230769 0.20192307692307693 0.17067307692307693
200 0.3088942307692308 0.11298076923076923 0.17548076923076922 0.17307692307692307
199 0.5264423076923077 0.11177884615384616 0.15865384615384615 0.1778846153846154
88 0.0985576923076923 0.12139423076923077 0.18269230769230768 0.17307692307692307
89 0.7463942307692307 0.11177884615384616 0.1658653846153846 0.1875