91 0.7632211538461539 0.16706730769230768 0.1658653846153846 0.17067307692307693
247 0.3449519230769231 0.3918269230769231 0.17067307692307693 0.1814903846153846
202 0.1045673076923077 0.39903846153846156 0.17548076923076922 0.14302884615384615
201 0.11899038461538461 0.6009615384615384 0.16826923076923078 0.18629807692307693
91 0.33533653846153844 0.6334134615384616 0.16346153846153846 0.15865384615384615
247 0.5661057692307693 0.6382211538461539 0.14903846153846154 0.17908653846153846
202 0.8112980769230769 0.6394230769230769 0.18509615384615385 0.1502403846153846
90 0.11298076923076923 0.8221153846153846 0.15144230769230768 0.17908653846153846
246 0.3137019230769231 0.8233173076923077 0.1658653846153846 0.18028846153846154
246 0.5396634615384616 0.12139423076923077 0.16826923076923078 0.1778846153846154
90 0.33774038461538464 0.12259615384615384 0.16105769230769232 0.17908653846153846
201 0.10576923076923077 0.125 0.171875 0.171875