91 0.3713942307692308 0.11899038461538461 0.18028846153846154 0.1875
247 0.8185096153846154 0.17908653846153846 0.20192307692307693 0.1778846153846154
201 0.3894230769230769 0.31009615384615385 0.1778846153846154 0.20192307692307693
202 0.12980769230769232 0.3088942307692308 0.18028846153846154 0.1778846153846154
90 0.5865384615384616 0.5637019230769231 0.19471153846153846 0.19951923076923078
201 0.7956730769230769 0.5913461538461539 0.20432692307692307 0.20192307692307693
91 0.10817307692307693 0.5492788461538461 0.1875 0.1658653846153846
202 0.34134615384615385 0.5793269230769231 0.16105769230769232 0.16826923076923078
246 0.08173076923076923 0.7331730769230769 0.16346153846153846 0.19230769230769232
247 0.28365384615384615 0.7932692307692307 0.18269230769230768 0.19230769230769232
90 0.16947115384615385 0.0733173076923077 0.18028846153846154 0.1466346153846154
201 0.6057692307692307 0.11057692307692307 0.1778846153846154 0.19951923076923078