139 0.14783653846153846 0.14543269230769232 0.1935096153846154 0.1502403846153846
50 0.6382211538461539 0.3293269230769231 0.12860576923076922 0.17427884615384615
228 0.11057692307692307 0.33413461538461536 0.12620192307692307 0.16706730769230768
158 0.46634615384615385 0.33653846153846156 0.16706730769230768 0.17668269230769232
220 0.29447115384615385 0.3701923076923077 0.13942307692307693 0.13221153846153846
42 0.8305288461538461 0.37259615384615385 0.15985576923076922 0.15144230769230768
228 0.11658653846153846 0.5649038461538461 0.11899038461538461 0.18990384615384615
158 0.6622596153846154 0.5745192307692307 0.16105769230769232 0.18990384615384615
220 0.49278846153846156 0.6057692307692307 0.1346153846153846 0.13701923076923078
139 0.31971153846153844 0.6081730769230769 0.17307692307692307 0.13942307692307693
42 0.8521634615384616 0.6165865384615384 0.15264423076923078 0.15865384615384615
50 0.11899038461538461 0.7944711538461539 0.12740384615384615 0.17548076923076922