139 0.18028846153846154 0.11658653846153846 0.20673076923076922 0.1658653846153846
50 0.6526442307692307 0.3425480769230769 0.14423076923076922 0.18509615384615385
228 0.12620192307692307 0.3004807692307692 0.13942307692307693 0.1778846153846154
158 0.4807692307692308 0.33413461538461536 0.18269230769230768 0.18990384615384615
220 0.30649038461538464 0.35336538461538464 0.15144230769230768 0.14423076923076922
42 0.8401442307692307 0.4014423076923077 0.17307692307692307 0.1658653846153846
228 0.11298076923076923 0.53125 0.1346153846153846 0.19951923076923078
158 0.6550480769230769 0.5889423076923077 0.1778846153846154 0.20432692307692307
220 0.4831730769230769 0.6045673076923077 0.1466346153846154 0.14903846153846154
139 0.3112980769230769 0.5925480769230769 0.18509615384615385 0.15384615384615385
42 0.8401442307692307 0.6466346153846154 0.1658653846153846 0.17067307692307693
50 0.09495192307692307 0.7596153846153846 0.14182692307692307 0.18509615384615385