91 0.078125 0.20673076923076922 0.15625 0.1778846153846154
247 0.2848557692307692 0.17908653846153846 0.17307692307692307 0.16826923076923078
201 0.10576923076923077 0.3798076923076923 0.17548076923076922 0.20192307692307693
202 0.31490384615384615 0.390625 0.17067307692307693 0.17307692307692307
90 0.5733173076923077 0.5360576923076923 0.18990384615384615 0.20432692307692307
201 0.3737980769230769 0.5721153846153846 0.17067307692307693 0.1971153846153846
91 0.1502403846153846 0.6502403846153846 0.18509615384615385 0.1778846153846154
202 0.7896634615384616 0.5432692307692307 0.16105769230769232 0.17067307692307693
246 0.39783653846153844 0.7788461538461539 0.18269230769230768 0.19230769230769232
247 0.17908653846153846 0.8629807692307693 0.19471153846153846 0.17307692307692307
246 0.5048076923076923 0.09014423076923077 0.1778846153846154 0.18028846153846154
90 0.7175480769230769 0.078125 0.17067307692307693 0.15625