247 0.07932692307692307 0.20432692307692307 0.15865384615384615 0.1875
91 0.3161057692307692 0.18269230769230768 0.18269230769230768 0.17067307692307693
246 0.33413461538461536 0.3605769230769231 0.18028846153846154 0.1971153846153846
202 0.09014423076923077 0.43990384615384615 0.18028846153846154 0.1778846153846154
201 0.36538461538461536 0.6177884615384616 0.19230769230769232 0.20432692307692307
90 0.84375 0.5685096153846154 0.1875 0.21634615384615385
91 0.6033653846153846 0.6394230769230769 0.1778846153846154 0.17548076923076922
247 0.11778846153846154 0.6911057692307693 0.17548076923076922 0.18028846153846154
246 0.3858173076923077 0.8533653846153846 0.19471153846153846 0.19230769230769232
202 0.14182692307692307 0.9146634615384616 0.18269230769230768 0.17067307692307693
201 0.5588942307692307 0.109375 0.18509615384615385 0.19951923076923078
90 0.7920673076923077 0.09495192307692307 0.19471153846153846 0.18990384615384615