248 0.13341346153846154 0.3016826923076923 0.22355769230769232 0.19471153846153846
92 0.3713942307692308 0.32211538461538464 0.22355769230769232 0.21875
248 0.12139423076923077 0.5348557692307693 0.2283653846153846 0.18509615384615385
92 0.3629807692307692 0.5528846153846154 0.21634615384615385 0.22596153846153846
203 0.8401442307692307 0.5841346153846154 0.22596153846153846 0.20192307692307693
203 0.5961538461538461 0.5733173076923077 0.21875 0.2091346153846154
92 0.11899038461538461 0.7608173076923077 0.20432692307692307 0.1875
248 0.34975961538461536 0.7884615384615384 0.23317307692307693 0.20432692307692307
203 0.39302884615384615 0.0985576923076923 0.23076923076923078 0.19471153846153846
203 0.16105769230769232 0.0889423076923077 0.21634615384615385 0.1778846153846154
92 0.6298076923076923 0.1141826923076923 0.22115384615384615 0.1875
248 0.8581730769230769 0.1310096153846154 0.22115384615384615 0.19230769230769232