203 0.3737980769230769 0.32572115384615385 0.21634615384615385 0.19230769230769232
92 0.12860576923076922 0.3293269230769231 0.21634615384615385 0.20673076923076922
248 0.3581730769230769 0.5649038461538461 0.21634615384615385 0.18509615384615385
92 0.12379807692307693 0.5612980769230769 0.22115384615384615 0.20192307692307693
92 0.5973557692307693 0.5733173076923077 0.21634615384615385 0.19230769230769232
203 0.8389423076923077 0.578125 0.22596153846153846 0.19951923076923078
203 0.12740384615384615 0.7992788461538461 0.22596153846153846 0.19951923076923078
248 0.3713942307692308 0.8040865384615384 0.2283653846153846 0.19471153846153846
203 0.37740384615384615 0.1045673076923077 0.21634615384615385 0.19230769230769232
248 0.8533653846153846 0.11658653846153846 0.23076923076923078 0.19951923076923078
92 0.12980769230769232 0.1045673076923077 0.21153846153846154 0.17307692307692307
248 0.6129807692307693 0.1141826923076923 0.21153846153846154 0.18269230769230768