228 0.5024038461538461 0.12259615384615384 0.12980769230769232 0.19230769230769232
139 0.32572115384615385 0.14423076923076922 0.19951923076923078 0.16346153846153846
220 0.13701923076923078 0.13822115384615385 0.1658653846153846 0.17307692307692307
42 0.12620192307692307 0.36538461538461536 0.17548076923076922 0.16105769230769232
158 0.6322115384615384 0.6081730769230769 0.20192307692307693 0.21394230769230768
228 0.09014423076923077 0.5769230769230769 0.14423076923076922 0.19471153846153846
50 0.4375 0.6021634615384616 0.13942307692307693 0.19951923076923078
220 0.8269230769230769 0.6730769230769231 0.15384615384615385 0.15865384615384615
42 0.2692307692307692 0.6358173076923077 0.15865384615384615 0.1658653846153846
139 0.1141826923076923 0.859375 0.20673076923076922 0.16826923076923078
50 0.8725961538461539 0.14423076923076922 0.125 0.1875
158 0.6959134615384616 0.1346153846153846 0.18269230769230768 0.20673076923076922