228 0.5348557692307693 0.125 0.14423076923076922 0.19951923076923078
139 0.3581730769230769 0.1310096153846154 0.21153846153846154 0.18028846153846154
220 0.17067307692307693 0.10817307692307693 0.1778846153846154 0.18509615384615385
42 0.13942307692307693 0.3329326923076923 0.1875 0.17548076923076922
158 0.6225961538461539 0.6189903846153846 0.21634615384615385 0.2283653846153846
228 0.08413461538461539 0.5408653846153846 0.15865384615384615 0.20432692307692307
50 0.42908653846153844 0.5961538461538461 0.15384615384615385 0.2091346153846154
220 0.8100961538461539 0.7007211538461539 0.16346153846153846 0.17067307692307693
42 0.25841346153846156 0.6153846153846154 0.17067307692307693 0.17548076923076922
139 0.09615384615384616 0.8245192307692307 0.19230769230769232 0.18269230769230768
50 0.9026442307692307 0.1778846153846154 0.13942307692307693 0.19471153846153846
158 0.7271634615384616 0.15264423076923078 0.1971153846153846 0.21875