104 0.21995192307692307 0.6394230769230769 0.14423076923076922 0.11057692307692307
52 0.06850961538461539 0.6358173076923077 0.125 0.12980769230769232
104 0.9026442307692307 0.6658653846153846 0.1346153846153846 0.13701923076923078
52 0.7608173076923077 0.6622596153846154 0.1201923076923077 0.13701923076923078
126 0.5949519230769231 0.6586538461538461 0.17307692307692307 0.14903846153846154
126 0.40865384615384615 0.6574519230769231 0.17307692307692307 0.1466346153846154
52 0.7403846153846154 0.9050480769230769 0.13942307692307693 0.12259615384615384
104 0.25961538461538464 0.890625 0.13701923076923078 0.11778846153846154
126 0.09375 0.8858173076923077 0.1778846153846154 0.14903846153846154
126 0.43509615384615385 0.8990384615384616 0.1875 0.13701923076923078
104 0.890625 0.9194711538461539 0.1466346153846154 0.12980769230769232
52 0.6021634615384616 0.9098557692307693 0.1201923076923077 0.12259615384615384