104 0.2247596153846154 0.6490384615384616 0.13942307692307693 0.10697115384615384
52 0.0733173076923077 0.6502403846153846 0.12139423076923077 0.125
104 0.9086538461538461 0.6514423076923077 0.1310096153846154 0.13221153846153846
52 0.7668269230769231 0.6526442307692307 0.11658653846153846 0.13341346153846154
126 0.6009615384615384 0.6550480769230769 0.16826923076923078 0.14423076923076922
126 0.41466346153846156 0.6610576923076923 0.16826923076923078 0.140625
52 0.7548076923076923 0.8966346153846154 0.1346153846153846 0.11899038461538461
104 0.27283653846153844 0.8990384615384616 0.13221153846153846 0.11298076923076923
126 0.10697115384615384 0.9002403846153846 0.171875 0.14423076923076922
126 0.4495192307692308 0.9014423076923077 0.18269230769230768 0.1310096153846154
104 0.9050480769230769 0.9050480769230769 0.14302884615384615 0.125
52 0.6165865384615384 0.90625 0.11658653846153846 0.11899038461538461