134 0.23557692307692307 0.34375 0.1658653846153846 0.15865384615384615
60 0.3798076923076923 0.3293269230769231 0.1346153846153846 0.15384615384615385
60 0.5240384615384616 0.3137019230769231 0.13221153846153846 0.15144230769230768
112 0.671875 0.296875 0.13221153846153846 0.15384615384615385
112 0.0625 0.3737980769230769 0.125 0.15144230769230768
134 0.8485576923076923 0.28125 0.1778846153846154 0.17067307692307693
112 0.08533653846153846 0.5817307692307693 0.14182692307692307 0.16826923076923078
60 0.8822115384615384 0.484375 0.12980769230769232 0.15625
60 0.234375 0.5661057692307693 0.12740384615384615 0.15144230769230768
112 0.37740384615384615 0.5492788461538461 0.13701923076923078 0.15384615384615385
134 0.5552884615384616 0.5288461538461539 0.16346153846153846 0.15384615384615385
134 0.7319711538461539 0.5096153846153846 0.18028846153846154 0.16826923076923078
126 0.5060096153846154 0.7668269230769231 0.15865384615384615 0.12980769230769232
104 0.23317307692307693 0.8028846153846154 0.12259615384615384 0.13221153846153846
52 0.3581730769230769 0.7872596153846154 0.1201923076923077 0.12259615384615384
126 0.6670673076923077 0.75 0.17067307692307693 0.13701923076923078
104 0.8125 0.7331730769230769 0.11778846153846154 0.11538461538461539
52 0.109375 0.8221153846153846 0.125 0.10817307692307693
60 0.6478365384615384 0.07572115384615384 0.13221153846153846 0.15144230769230768
60 0.04447115384615385 0.15264423076923078 0.0889423076923077 0.1658653846153846
134 0.8197115384615384 0.06971153846153846 0.1875 0.13942307692307693
112 0.16706730769230768 0.13701923076923078 0.14182692307692307 0.15865384615384615
112 0.32091346153846156 0.12139423076923077 0.13701923076923078 0.14903846153846154
134 0.4963942307692308 0.10096153846153846 0.17548076923076922 0.18028846153846154