136 0.3088942307692308 0.1466346153846154 0.17548076923076922 0.17668269230769232
62 0.49399038461538464 0.15625 0.13822115384615385 0.171875
111 0.2512019230769231 0.3473557692307692 0.1466346153846154 0.15504807692307693
114 0.07932692307692307 0.3918269230769231 0.13581730769230768 0.1814903846153846
59 0.28365384615384615 0.5913461538461539 0.1201923076923077 0.16947115384615385
111 0.46274038461538464 0.5925480769230769 0.14543269230769232 0.18629807692307693
133 0.1045673076923077 0.59375 0.17427884615384615 0.14903846153846154
136 0.6634615384615384 0.6298076923076923 0.18990384615384615 0.17427884615384615
114 0.07692307692307693 0.8689903846153846 0.13822115384615385 0.1814903846153846
62 0.25 0.8786057692307693 0.13581730769230768 0.17668269230769232
59 0.6634615384615384 0.10817307692307693 0.1310096153846154 0.16105769230769232
133 0.10336538461538461 0.11658653846153846 0.17548076923076922 0.16466346153846154