136 0.36658653846153844 0.12139423076923077 0.20192307692307693 0.20192307692307693
62 0.5480769230769231 0.15985576923076922 0.16346153846153846 0.19230769230769232
111 0.2776442307692308 0.31009615384615385 0.16826923076923078 0.17548076923076922
114 0.10096153846153846 0.3269230769230769 0.16346153846153846 0.19951923076923078
59 0.27163461538461536 0.5564903846153846 0.14423076923076922 0.18509615384615385
111 0.4483173076923077 0.5853365384615384 0.17307692307692307 0.20673076923076922
133 0.09615384615384616 0.5300480769230769 0.19230769230769232 0.17548076923076922
136 0.640625 0.6538461538461539 0.21394230769230768 0.20192307692307693
114 0.052884615384615384 0.7980769230769231 0.10576923076923077 0.20192307692307693
62 0.1935096153846154 0.8353365384615384 0.16105769230769232 0.19471153846153846
59 0.7223557692307693 0.13822115384615385 0.15384615384615385 0.18028846153846154
133 0.16706730769230768 0.07692307692307693 0.19951923076923078 0.15384615384615385