114 0.4387019230769231 0.12379807692307693 0.14903846153846154 0.16105769230769232
62 0.2704326923076923 0.140625 0.14423076923076922 0.16346153846153846
111 0.08533653846153846 0.33413461538461536 0.14903846153846154 0.17067307692307693
59 0.25240384615384615 0.3245192307692308 0.1466346153846154 0.15865384615384615
133 0.453125 0.3161057692307692 0.20673076923076922 0.18509615384615385
59 0.3173076923076923 0.5600961538461539 0.1466346153846154 0.17307692307692307
133 0.5048076923076923 0.5516826923076923 0.19471153846153846 0.18028846153846154
136 0.13221153846153846 0.6165865384615384 0.19230769230769232 0.1875
62 0.6826923076923077 0.5721153846153846 0.13942307692307693 0.18028846153846154
111 0.12980769230769232 0.8233173076923077 0.15384615384615385 0.18269230769230768
114 0.3076923076923077 0.8449519230769231 0.17067307692307693 0.18028846153846154
136 0.09254807692307693 0.1502403846153846 0.18509615384615385 0.18509615384615385