136 0.1502403846153846 0.09735576923076923 0.19951923076923078 0.19471153846153846
133 0.14182692307692307 0.29086538461538464 0.2091346153846154 0.18509615384615385
114 0.32211538461538464 0.3485576923076923 0.15625 0.19230769230769232
62 0.5108173076923077 0.38341346153846156 0.18509615384615385 0.18509615384615385
59 0.07692307692307693 0.5456730769230769 0.14903846153846154 0.16826923076923078
126 0.2692307692307692 0.5805288461538461 0.20673076923076922 0.16346153846153846
59 0.3473557692307692 0.07451923076923077 0.1466346153846154 0.14903846153846154
133 0.29086538461538464 0.8161057692307693 0.20432692307692307 0.1971153846153846
111 0.08533653846153846 0.7944711538461539 0.17067307692307693 0.19471153846153846
114 0.6646634615384616 0.8942307692307693 0.17067307692307693 0.19471153846153846
62 0.4723557692307692 0.8834134615384616 0.15144230769230768 0.18028846153846154
111 0.5240384615384616 0.09615384615384616 0.17067307692307693 0.18269230769230768