59 0.14903846153846154 0.0733173076923077 0.15384615384615385 0.1466346153846154
126 0.33413461538461536 0.11057692307692307 0.19951923076923078 0.16346153846153846
133 0.6862980769230769 0.3870192307692308 0.22115384615384615 0.2283653846153846
111 0.47596153846153844 0.3545673076923077 0.16105769230769232 0.1875
114 0.2848557692307692 0.3641826923076923 0.17067307692307693 0.1971153846153846
62 0.11899038461538461 0.34134615384615385 0.1778846153846154 0.20432692307692307
133 0.2668269230769231 0.5805288461538461 0.19471153846153846 0.19230769230769232
62 0.0673076923076923 0.5793269230769231 0.1346153846153846 0.18269230769230768
111 0.21514423076923078 0.8052884615384616 0.16826923076923078 0.18509615384615385
59 0.609375 0.8689903846153846 0.16346153846153846 0.19471153846153846
136 0.41947115384615385 0.8701923076923077 0.19471153846153846 0.18509615384615385
114 0.06129807692307692 0.8125 0.12259615384615384 0.19230769230769232