59 0.09254807692307693 0.11778846153846154 0.1346153846153846 0.14903846153846154
126 0.28125 0.13822115384615385 0.18269230769230768 0.13942307692307693
133 0.6682692307692307 0.36177884615384615 0.19471153846153846 0.20432692307692307
111 0.45552884615384615 0.359375 0.13942307692307693 0.17067307692307693
114 0.2668269230769231 0.3954326923076923 0.1466346153846154 0.18028846153846154
62 0.09975961538461539 0.3954326923076923 0.15384615384615385 0.1875
133 0.2800480769230769 0.6129807692307693 0.17548076923076922 0.17067307692307693
62 0.0733173076923077 0.6418269230769231 0.13221153846153846 0.1658653846153846
111 0.2608173076923077 0.8425480769230769 0.14903846153846154 0.1658653846153846
59 0.6598557692307693 0.8497596153846154 0.13942307692307693 0.17548076923076922
136 0.4723557692307692 0.8786057692307693 0.17548076923076922 0.16346153846153846
114 0.0829326923076923 0.875 0.15865384615384615 0.17307692307692307