62 0.0829326923076923 0.15985576923076922 0.1310096153846154 0.15625
59 0.2692307692307692 0.34134615384615385 0.12139423076923077 0.15384615384615385
133 0.4651442307692308 0.34615384615384615 0.17908653846153846 0.18269230769230768
111 0.09975961538461539 0.34975961538461536 0.13581730769230768 0.140625
136 0.6790865384615384 0.3762019230769231 0.16346153846153846 0.19471153846153846
114 0.8521634615384616 0.3894230769230769 0.14182692307692307 0.14302884615384615
133 0.2848557692307692 0.5865384615384616 0.17067307692307693 0.18629807692307693
111 0.46875 0.5877403846153846 0.13822115384615385 0.14543269230769232
136 0.6682692307692307 0.6310096153846154 0.17908653846153846 0.16346153846153846
62 0.08774038461538461 0.6382211538461539 0.13581730769230768 0.16466346153846154
59 0.27403846153846156 0.8149038461538461 0.1310096153846154 0.1502403846153846
114 0.09375 0.8677884615384616 0.16105769230769232 0.17067307692307693