59 0.25961538461538464 0.11899038461538461 0.1310096153846154 0.15745192307692307
111 0.08533653846153846 0.12379807692307693 0.1346153846153846 0.15504807692307693
126 0.44591346153846156 0.125 0.16706730769230768 0.11899038461538461
133 0.30288461538461536 0.3401442307692308 0.17668269230769232 0.16105769230769232
62 0.4807692307692308 0.3701923076923077 0.1201923076923077 0.18269230769230768
114 0.10817307692307693 0.38100961538461536 0.14423076923076922 0.16947115384615385
111 0.07932692307692307 0.5709134615384616 0.12860576923076922 0.15745192307692307
133 0.28125 0.5817307692307693 0.18028846153846154 0.17307692307692307
114 0.4639423076923077 0.6117788461538461 0.12379807692307693 0.17668269230769232
136 0.6598557692307693 0.6177884615384616 0.17668269230769232 0.16947115384615385
59 0.08173076923076923 0.8004807692307693 0.11899038461538461 0.15625
62 0.23557692307692307 0.8341346153846154 0.12980769230769232 0.1778846153846154