59 0.27283653846153844 0.11057692307692307 0.13701923076923078 0.16105769230769232
111 0.0985576923076923 0.109375 0.13942307692307693 0.15865384615384615
126 0.45913461538461536 0.12379807692307693 0.17067307692307693 0.125
133 0.3088942307692308 0.3329326923076923 0.18269230769230768 0.16826923076923078
62 0.4855769230769231 0.3701923076923077 0.12740384615384615 0.1875
114 0.11298076923076923 0.36778846153846156 0.14903846153846154 0.17548076923076922
111 0.07692307692307693 0.5564903846153846 0.1346153846153846 0.16105769230769232
133 0.27884615384615385 0.5745192307692307 0.18509615384615385 0.18028846153846154
114 0.46033653846153844 0.6105769230769231 0.12980769230769232 0.18028846153846154
136 0.6550480769230769 0.6237980769230769 0.18269230769230768 0.17548076923076922
59 0.07091346153846154 0.7860576923076923 0.125 0.16105769230769232
62 0.22355769230769232 0.8245192307692307 0.13701923076923078 0.18269230769230768