59 0.28725961538461536 0.10336538461538461 0.14182692307692307 0.1658653846153846
111 0.11298076923076923 0.09615384615384616 0.14423076923076922 0.16346153846153846
126 0.4723557692307692 0.12259615384615384 0.17548076923076922 0.12980769230769232
133 0.31490384615384615 0.3269230769230769 0.1875 0.17307692307692307
62 0.49038461538461536 0.36899038461538464 0.13221153846153846 0.18990384615384615
114 0.11778846153846154 0.3545673076923077 0.15625 0.18028846153846154
111 0.07572115384615384 0.5408653846153846 0.13942307692307693 0.1658653846153846
133 0.2764423076923077 0.5661057692307693 0.19230769230769232 0.18509615384615385
114 0.4567307692307692 0.609375 0.13701923076923078 0.18509615384615385
136 0.6514423076923077 0.6286057692307693 0.1875 0.18028846153846154
59 0.0625 0.7692307692307693 0.125 0.16346153846153846
62 0.2127403846153846 0.8149038461538461 0.14182692307692307 0.1875