136 0.35697115384615385 0.10697115384615384 0.20673076923076922 0.20192307692307693
114 0.15745192307692307 0.08774038461538461 0.17548076923076922 0.17548076923076922
133 0.32091346153846156 0.30408653846153844 0.19471153846153846 0.20192307692307693
62 0.12620192307692307 0.3076923076923077 0.15625 0.17548076923076922
111 0.8389423076923077 0.6153846153846154 0.14423076923076922 0.18990384615384615
59 0.26802884615384615 0.5300480769230769 0.13701923076923078 0.16105769230769232
133 0.4579326923076923 0.5625 0.1971153846153846 0.19471153846153846
136 0.6490384615384616 0.6262019230769231 0.21394230769230768 0.21394230769230768
114 0.08533653846153846 0.5444711538461539 0.16826923076923078 0.1778846153846154
62 0.0673076923076923 0.7608173076923077 0.1346153846153846 0.18509615384615385
59 0.5504807692307693 0.109375 0.14182692307692307 0.17548076923076922
111 0.7019230769230769 0.1346153846153846 0.15625 0.17067307692307693