127 0.31971153846153844 0.1346153846153846 0.19831730769230768 0.140625
105 0.1201923076923077 0.140625 0.17307692307692307 0.14783653846153846
135 0.3076923076923077 0.33774038461538464 0.1814903846153846 0.1971153846153846
113 0.09735576923076923 0.3389423076923077 0.1466346153846154 0.18870192307692307
53 0.5120192307692307 0.36177884615384615 0.1622596153846154 0.17548076923076922
61 0.6610576923076923 0.5793269230769231 0.12860576923076922 0.17067307692307693
135 0.48197115384615385 0.5877403846153846 0.17067307692307693 0.18629807692307693
53 0.3004807692307692 0.6213942307692307 0.16826923076923078 0.13942307692307693
105 0.11778846153846154 0.6262019230769231 0.17307692307692307 0.14903846153846154
113 0.1045673076923077 0.8257211538461539 0.13341346153846154 0.1778846153846154
127 0.3269230769230769 0.859375 0.21634615384615385 0.17548076923076922
61 0.4963942307692308 0.09375 0.12620192307692307 0.171875