127 0.6658653846153846 0.14182692307692307 0.19951923076923078 0.16105769230769232
105 0.10697115384615384 0.13701923076923078 0.15625 0.16346153846153846
53 0.09495192307692307 0.36538461538461536 0.15144230769230768 0.15625
61 0.07932692307692307 0.5661057692307693 0.1201923076923077 0.18028846153846154
135 0.6237980769230769 0.7992788461538461 0.17548076923076922 0.1971153846153846
113 0.08052884615384616 0.7932692307692307 0.13701923076923078 0.1778846153846154
127 0.8329326923076923 0.8329326923076923 0.18990384615384615 0.16105769230769232
105 0.265625 0.8293269230769231 0.17307692307692307 0.15865384615384615
53 0.4375 0.8353365384615384 0.1346153846153846 0.1346153846153846
135 0.2980769230769231 0.10336538461538461 0.16105769230769232 0.18269230769230768
61 0.4639423076923077 0.10576923076923077 0.125 0.16826923076923078
113 0.8461538461538461 0.1141826923076923 0.12980769230769232 0.17307692307692307