127 0.6598557692307693 0.13942307692307693 0.19591346153846154 0.15745192307692307
105 0.10096153846153846 0.14423076923076922 0.15384615384615385 0.16105769230769232
53 0.09254807692307693 0.37259615384615385 0.14903846153846154 0.15384615384615385
61 0.08052884615384616 0.5733173076923077 0.11658653846153846 0.17908653846153846
135 0.6286057692307693 0.796875 0.171875 0.19471153846153846
113 0.08533653846153846 0.8004807692307693 0.1346153846153846 0.17548076923076922
127 0.8389423076923077 0.8269230769230769 0.1875 0.15745192307692307
105 0.27163461538461536 0.8329326923076923 0.17067307692307693 0.15504807692307693
53 0.44350961538461536 0.8365384615384616 0.13341346153846154 0.13341346153846154
135 0.29086538461538464 0.10697115384615384 0.15745192307692307 0.18028846153846154
61 0.4567307692307692 0.10697115384615384 0.12259615384615384 0.16706730769230768
113 0.8389423076923077 0.10817307692307693 0.12620192307692307 0.17067307692307693