50 0.8521634615384616 0.12740384615384615 0.12740384615384615 0.18990384615384615
139 0.3173076923076923 0.15264423076923078 0.18269230769230768 0.1658653846153846
220 0.4951923076923077 0.16105769230769232 0.14423076923076922 0.15144230769230768
42 0.125 0.3858173076923077 0.16826923076923078 0.14423076923076922
50 0.27163461538461536 0.5841346153846154 0.11778846153846154 0.18509615384615385
158 0.6430288461538461 0.5985576923076923 0.17067307692307693 0.19230769230769232
220 0.11298076923076923 0.6165865384615384 0.14903846153846154 0.1658653846153846
42 0.4567307692307692 0.6394230769230769 0.15625 0.1466346153846154
139 0.8497596153846154 0.6478365384615384 0.18509615384615385 0.15384615384615385
228 0.09975961538461539 0.8221153846153846 0.13942307692307693 0.18990384615384615
158 0.6742788461538461 0.1201923076923077 0.15384615384615385 0.19951923076923078
228 0.10817307692307693 0.11177884615384616 0.14903846153846154 0.19230769230769232