105 0.53125 0.15985576923076922 0.17548076923076922 0.1502403846153846
127 0.7367788461538461 0.16826923076923078 0.20432692307692307 0.14903846153846154
53 0.10697115384615384 0.4074519230769231 0.16105769230769232 0.16346153846153846
113 0.9014423076923077 0.6237980769230769 0.13581730769230768 0.1875
135 0.12620192307692307 0.6237980769230769 0.18870192307692307 0.18990384615384615
61 0.31850961538461536 0.625 0.12620192307692307 0.17908653846153846
53 0.5048076923076923 0.6634615384615384 0.15504807692307693 0.15745192307692307
127 0.7019230769230769 0.6670673076923077 0.203125 0.15504807692307693
105 0.11899038461538461 0.9110576923076923 0.18990384615384615 0.15985576923076922
113 0.32211538461538464 0.1201923076923077 0.1466346153846154 0.18269230769230768
135 0.12980769230769232 0.12139423076923077 0.17548076923076922 0.17908653846153846
61 0.9194711538461539 0.12259615384615384 0.12740384615384615 0.17548076923076922