105 0.47716346153846156 0.15865384615384615 0.1971153846153846 0.17548076923076922
127 0.6814903846153846 0.13581730769230768 0.22596153846153846 0.18028846153846154
53 0.09735576923076923 0.4699519230769231 0.18509615384615385 0.1875
113 0.9158653846153846 0.5588942307692307 0.16346153846153846 0.20673076923076922
135 0.1502403846153846 0.6802884615384616 0.21634615384615385 0.21634615384615385
61 0.3401442307692308 0.6514423076923077 0.15384615384615385 0.1971153846153846
53 0.5300480769230769 0.6610576923076923 0.1778846153846154 0.18028846153846154
127 0.7259615384615384 0.6334134615384616 0.22596153846153846 0.18509615384615385
105 0.1875 0.9350961538461539 0.21153846153846154 0.12980769230769232
113 0.2644230769230769 0.15264423076923078 0.17307692307692307 0.20432692307692307
135 0.08774038461538461 0.18389423076923078 0.17548076923076922 0.20432692307692307
61 0.8557692307692307 0.078125 0.15384615384615385 0.15625