105 0.5552884615384616 0.16346153846153846 0.18509615384615385 0.16105769230769232
127 0.7596153846153846 0.18509615384615385 0.21394230769230768 0.16346153846153846
53 0.1141826923076923 0.3798076923076923 0.17307692307692307 0.17548076923076922
113 0.8918269230769231 0.6514423076923077 0.14903846153846154 0.1971153846153846
135 0.11899038461538461 0.5973557692307693 0.20192307692307693 0.20192307692307693
61 0.31009615384615385 0.6117788461538461 0.13942307692307693 0.1875
53 0.49399038461538464 0.6634615384615384 0.1658653846153846 0.16826923076923078
127 0.6899038461538461 0.6802884615384616 0.21394230769230768 0.16826923076923078
105 0.09495192307692307 0.8822115384615384 0.18990384615384615 0.17307692307692307
113 0.3485576923076923 0.10817307692307693 0.15865384615384615 0.19230769230769232
135 0.15745192307692307 0.09615384615384616 0.1875 0.18990384615384615
61 0.9375 0.15264423076923078 0.125 0.18509615384615385