135 0.08533653846153846 0.18990384615384615 0.17067307692307693 0.22115384615384615
61 0.8365384615384616 0.0889423076923077 0.1778846153846154 0.1778846153846154
105 0.2848557692307692 0.1935096153846154 0.2091346153846154 0.18509615384615385
127 0.49158653846153844 0.1622596153846154 0.21153846153846154 0.17548076923076922
53 0.0985576923076923 0.46634615384615385 0.17548076923076922 0.18028846153846154
61 0.703125 0.5889423076923077 0.15384615384615385 0.20673076923076922
113 0.3425480769230769 0.6538461538461539 0.16105769230769232 0.2091346153846154
53 0.8930288461538461 0.6033653846153846 0.1778846153846154 0.18269230769230768
105 0.5480769230769231 0.6586538461538461 0.1875 0.18509615384615385
127 0.16826923076923078 0.7247596153846154 0.21634615384615385 0.18269230769230768
135 0.18870192307692307 0.9086538461538461 0.2091346153846154 0.18269230769230768
113 0.6682692307692307 0.09735576923076923 0.16346153846153846 0.19471153846153846