105 0.9074519230769231 0.15144230769230768 0.16826923076923078 0.16346153846153846
127 0.12139423076923077 0.16346153846153846 0.19230769230769232 0.17307692307692307
53 0.0985576923076923 0.39783653846153844 0.15865384615384615 0.1466346153846154
61 0.6911057692307693 0.5901442307692307 0.12980769230769232 0.18269230769230768
113 0.5132211538461539 0.6033653846153846 0.13221153846153846 0.18269230769230768
127 0.12379807692307693 0.6310096153846154 0.1971153846153846 0.16826923076923078
105 0.8822115384615384 0.6334134615384616 0.17067307692307693 0.15865384615384615
127 0.33774038461538464 0.640625 0.18269230769230768 0.16105769230769232
53 0.09735576923076923 0.8822115384615384 0.14903846153846154 0.15625
135 0.5024038461538461 0.10697115384615384 0.22115384615384615 0.16346153846153846
113 0.7067307692307693 0.11658653846153846 0.15865384615384615 0.17307692307692307
61 0.29447115384615385 0.1201923076923077 0.12259615384615384 0.18269230769230768