107 0.09615384615384616 0.35096153846153844 0.13701923076923078 0.17548076923076922
54 0.27884615384615385 0.6009615384615384 0.13942307692307693 0.171875
129 0.7079326923076923 0.6033653846153846 0.1778846153846154 0.18269230769230768
107 0.09495192307692307 0.6069711538461539 0.1310096153846154 0.16826923076923078
55 0.8918269230769231 0.6081730769230769 0.125 0.1658653846153846
128 0.49038461538461536 0.6105769230769231 0.17067307692307693 0.18028846153846154
106 0.0985576923076923 0.8473557692307693 0.13822115384615385 0.18990384615384615
106 0.7151442307692307 0.10817307692307693 0.13581730769230768 0.1778846153846154
128 0.12620192307692307 0.11057692307692307 0.16466346153846154 0.17067307692307693
54 0.5372596153846154 0.11177884615384616 0.1201923076923077 0.1658653846153846
55 0.8930288461538461 0.11177884615384616 0.125 0.17427884615384615
129 0.34375 0.11298076923076923 0.1814903846153846 0.17548076923076922