107 0.0829326923076923 0.3942307692307692 0.15384615384615385 0.18990384615384615
54 0.29086538461538464 0.6237980769230769 0.15625 0.18509615384615385
129 0.7175480769230769 0.5805288461538461 0.1971153846153846 0.19951923076923078
107 0.10817307692307693 0.6490384615384616 0.14903846153846154 0.18028846153846154
55 0.9014423076923077 0.5661057692307693 0.14182692307692307 0.1778846153846154
128 0.5024038461538461 0.6105769230769231 0.1875 0.1971153846153846
106 0.13701923076923078 0.8870192307692307 0.15625 0.20432692307692307
106 0.6730769230769231 0.09134615384615384 0.15384615384615385 0.18269230769230768
128 0.0889423076923077 0.15144230769230768 0.1778846153846154 0.1875
54 0.4963942307692308 0.11057692307692307 0.13701923076923078 0.1778846153846154
55 0.8497596153846154 0.0829326923076923 0.14182692307692307 0.1658653846153846
129 0.30408653846153844 0.1310096153846154 0.19951923076923078 0.19230769230769232