106 0.08173076923076923 0.3485576923076923 0.14903846153846154 0.17307692307692307
128 0.3004807692307692 0.5949519230769231 0.1971153846153846 0.18269230769230768
107 0.07572115384615384 0.5949519230769231 0.14302884615384615 0.17548076923076922
55 0.49278846153846156 0.5949519230769231 0.140625 0.171875
55 0.8810096153846154 0.5985576923076923 0.1310096153846154 0.18269230769230768
106 0.6947115384615384 0.6033653846153846 0.1466346153846154 0.16947115384615385
54 0.07932692307692307 0.8449519230769231 0.13341346153846154 0.17668269230769232
55 0.6850961538461539 0.109375 0.13341346153846154 0.16466346153846154
129 0.30528846153846156 0.11057692307692307 0.17908653846153846 0.171875
54 0.5084134615384616 0.11057692307692307 0.11899038461538461 0.16466346153846154
128 0.9026442307692307 0.11177884615384616 0.17668269230769232 0.18509615384615385
107 0.0829326923076923 0.11538461538461539 0.14182692307692307 0.16346153846153846