106 0.11057692307692307 0.2848557692307692 0.17307692307692307 0.19471153846153846
128 0.28846153846153844 0.5625 0.22355769230769232 0.21153846153846154
107 0.07451923076923077 0.5276442307692307 0.14903846153846154 0.19471153846153846
55 0.47836538461538464 0.5925480769230769 0.1658653846153846 0.19230769230769232
55 0.8605769230769231 0.6574519230769231 0.15865384615384615 0.20192307692307693
106 0.6766826923076923 0.6322115384615384 0.17067307692307693 0.18990384615384615
54 0.054086538461538464 0.7752403846153846 0.10817307692307693 0.19471153846153846
55 0.7439903846153846 0.14302884615384615 0.15865384615384615 0.18269230769230768
129 0.36899038461538464 0.09134615384615384 0.20432692307692307 0.18269230769230768
54 0.5697115384615384 0.11658653846153846 0.14423076923076922 0.18028846153846154
128 0.9278846153846154 0.1778846153846154 0.14423076923076922 0.21153846153846154
107 0.14783653846153846 0.0733173076923077 0.1658653846153846 0.1466346153846154