129 0.31009615384615385 0.12860576923076922 0.1814903846153846 0.17427884615384615
54 0.09014423076923077 0.36538461538461536 0.14423076923076922 0.15745192307692307
55 0.46153846153846156 0.6105769230769231 0.11658653846153846 0.18028846153846154
107 0.2848557692307692 0.6117788461538461 0.12980769230769232 0.18389423076923078
54 0.6346153846153846 0.6165865384615384 0.11778846153846154 0.18629807692307693
106 0.0985576923076923 0.6177884615384616 0.14543269230769232 0.17307692307692307
129 0.8401442307692307 0.6201923076923077 0.17427884615384615 0.17548076923076922
128 0.12379807692307693 0.8569711538461539 0.18269230769230768 0.17307692307692307
128 0.7127403846153846 0.12139423076923077 0.18629807692307693 0.16947115384615385
55 0.9110576923076923 0.12139423076923077 0.12740384615384615 0.17548076923076922
106 0.09735576923076923 0.12259615384615384 0.13822115384615385 0.16346153846153846
107 0.5108173076923077 0.12379807692307693 0.13822115384615385 0.16466346153846154