129 0.12860576923076922 0.31971153846153844 0.19471153846153846 0.1971153846153846
129 0.2824519230769231 0.5865384615384616 0.19951923076923078 0.20673076923076922
54 0.078125 0.5685096153846154 0.1466346153846154 0.18509615384615385
107 0.47716346153846156 0.6117788461538461 0.15144230769230768 0.19230769230769232
128 0.8822115384615384 0.6466346153846154 0.19230769230769232 0.1971153846153846
106 0.6622596153846154 0.6382211538461539 0.15384615384615385 0.1875
55 0.06490384615384616 0.8221153846153846 0.12980769230769232 0.1875
54 0.11658653846153846 0.08413461538461539 0.13221153846153846 0.16826923076923078
107 0.2920673076923077 0.0985576923076923 0.15865384615384615 0.17548076923076922
106 0.4831730769230769 0.11658653846153846 0.17307692307692307 0.1778846153846154
55 0.8858173076923077 0.15504807692307693 0.13701923076923078 0.17548076923076922
128 0.7043269230769231 0.140625 0.18990384615384615 0.18990384615384615