129 0.12259615384615384 0.3329326923076923 0.18990384615384615 0.19230769230769232
129 0.2860576923076923 0.59375 0.19230769230769232 0.19951923076923078
54 0.08052884615384616 0.5829326923076923 0.13942307692307693 0.18269230769230768
107 0.4807692307692308 0.6117788461538461 0.1466346153846154 0.1875
128 0.8870192307692307 0.6334134615384616 0.1875 0.19230769230769232
106 0.6670673076923077 0.6322115384615384 0.1466346153846154 0.18269230769230768
55 0.06971153846153846 0.8365384615384616 0.13942307692307693 0.18269230769230768
54 0.10336538461538461 0.09254807692307693 0.12740384615384615 0.17548076923076922
107 0.27884615384615385 0.10576923076923077 0.15384615384615385 0.17067307692307693
106 0.4699519230769231 0.11658653846153846 0.16826923076923078 0.17307692307692307
55 0.8737980769230769 0.14182692307692307 0.13221153846153846 0.17067307692307693
128 0.6911057692307693 0.13341346153846154 0.18509615384615385 0.18269230769230768