109 0.6045673076923077 0.12860576923076922 0.14903846153846154 0.16105769230769232
131 0.8329326923076923 0.1141826923076923 0.17307692307692307 0.16105769230769232
57 0.06490384615384616 0.39302884615384615 0.12980769230769232 0.15144230769230768
108 0.7295673076923077 0.5168269230769231 0.1466346153846154 0.18269230769230768
130 0.11778846153846154 0.5733173076923077 0.16346153846153846 0.18509615384615385
52 0.8966346153846154 0.5276442307692307 0.12980769230769232 0.12740384615384615
109 0.29447115384615385 0.5973557692307693 0.15144230769230768 0.16346153846153846
131 0.5240384615384616 0.5793269230769231 0.17548076923076922 0.17548076923076922
56 0.16826923076923078 0.7836538461538461 0.13221153846153846 0.1658653846153846
56 0.43149038461538464 0.10336538461538461 0.12259615384615384 0.17067307692307693
108 0.265625 0.11899038461538461 0.13221153846153846 0.17307692307692307
130 0.0829326923076923 0.1346153846153846 0.1658653846153846 0.1778846153846154