109 0.6370192307692307 0.13942307692307693 0.13701923076923078 0.14903846153846154
131 0.8653846153846154 0.14423076923076922 0.15985576923076922 0.14783653846153846
57 0.06850961538461539 0.3545673076923077 0.13581730769230768 0.140625
108 0.7271634615384616 0.5372596153846154 0.13341346153846154 0.17067307692307693
130 0.11298076923076923 0.5396634615384616 0.1502403846153846 0.171875
52 0.8930288461538461 0.5625 0.11899038461538461 0.11658653846153846
109 0.28725961538461536 0.5793269230769231 0.13822115384615385 0.15144230769230768
131 0.5168269230769231 0.5805288461538461 0.16105769230769232 0.1622596153846154
56 0.14423076923076922 0.7536057692307693 0.11899038461538461 0.15625
56 0.46634615384615385 0.0985576923076923 0.10817307692307693 0.1622596153846154
108 0.29927884615384615 0.09975961538461539 0.11899038461538461 0.16346153846153846
130 0.11538461538461539 0.09975961538461539 0.15384615384615385 0.16466346153846154