57 0.2860576923076923 0.12259615384615384 0.13942307692307693 0.140625
131 0.734375 0.12620192307692307 0.17307692307692307 0.1502403846153846
108 0.14302884615384615 0.296875 0.13221153846153846 0.16466346153846154
130 0.33052884615384615 0.5204326923076923 0.17427884615384615 0.1658653846153846
56 0.6899038461538461 0.5216346153846154 0.13341346153846154 0.16105769230769232
108 0.515625 0.5276442307692307 0.12740384615384615 0.16105769230769232
57 0.8485576923076923 0.5709134615384616 0.14302884615384615 0.14182692307692307
109 0.09014423076923077 0.5745192307692307 0.15264423076923078 0.14783653846153846
131 0.12740384615384615 0.7884615384615384 0.1778846153846154 0.1466346153846154
130 0.5228365384615384 0.08653846153846154 0.17427884615384615 0.16105769230769232
52 0.9375 0.10697115384615384 0.1141826923076923 0.11658653846153846
109 0.09375 0.11658653846153846 0.14783653846153846 0.14543269230769232