57 0.30649038461538464 0.11177884615384616 0.1466346153846154 0.1466346153846154
131 0.7536057692307693 0.13942307692307693 0.18028846153846154 0.15865384615384615
108 0.15384615384615385 0.27884615384615385 0.14182692307692307 0.17067307692307693
130 0.3293269230769231 0.5120192307692307 0.18269230769230768 0.17548076923076922
56 0.6887019230769231 0.53125 0.14182692307692307 0.16826923076923078
108 0.5144230769230769 0.5288461538461539 0.1346153846153846 0.16826923076923078
57 0.8449519230769231 0.5889423076923077 0.15144230769230768 0.14903846153846154
109 0.08653846153846154 0.5528846153846154 0.16105769230769232 0.15625
131 0.11298076923076923 0.7680288461538461 0.18509615384615385 0.15625
130 0.5444711538461539 0.08774038461538461 0.18269230769230768 0.17067307692307693
52 0.9483173076923077 0.12860576923076922 0.10336538461538461 0.12259615384615384
109 0.1141826923076923 0.09615384615384616 0.15625 0.15384615384615385