110 0.15384615384615385 0.24519230769230768 0.19471153846153846 0.18990384615384615
110 0.6850961538461539 0.5456730769230769 0.1875 0.1875
58 0.28725961538461536 0.4831730769230769 0.17548076923076922 0.1658653846153846
58 0.1141826923076923 0.45552884615384615 0.18269230769230768 0.18269230769230768
132 0.8870192307692307 0.5805288461538461 0.20673076923076922 0.17548076923076922
132 0.4855769230769231 0.5180288461538461 0.19951923076923078 0.17307692307692307
110 0.09134615384615384 0.6610576923076923 0.18269230769230768 0.18269230769230768
58 0.171875 0.06971153846153846 0.18028846153846154 0.13942307692307693
132 0.37259615384615385 0.0829326923076923 0.21153846153846154 0.1658653846153846
110 0.7439903846153846 0.14182692307692307 0.18990384615384615 0.18028846153846154
58 0.5673076923076923 0.11658653846153846 0.1778846153846154 0.17307692307692307
132 0.9194711538461539 0.17908653846153846 0.16105769230769232 0.18509615384615385