110 0.11778846153846154 0.30288461538461536 0.171875 0.1658653846153846
110 0.6899038461538461 0.515625 0.16466346153846154 0.16346153846153846
58 0.28725961538461536 0.5168269230769231 0.15384615384615385 0.14302884615384615
58 0.11177884615384616 0.5168269230769231 0.15985576923076922 0.15985576923076922
132 0.8954326923076923 0.5192307692307693 0.18509615384615385 0.14783653846153846
132 0.4891826923076923 0.5204326923076923 0.17908653846153846 0.14783653846153846
110 0.11658653846153846 0.7235576923076923 0.17067307692307693 0.15865384615384615
58 0.10697115384615384 0.1045673076923077 0.15625 0.16346153846153846
132 0.31009615384615385 0.10697115384615384 0.19230769230769232 0.14302884615384615
110 0.6850961538461539 0.10817307692307693 0.16826923076923078 0.15504807692307693
58 0.5060096153846154 0.11057692307692307 0.15745192307692307 0.1502403846153846
132 0.8918269230769231 0.11298076923076923 0.19471153846153846 0.15625