110 0.09495192307692307 0.3581730769230769 0.18990384615384615 0.1875
110 0.6899038461538461 0.4891826923076923 0.18509615384615385 0.18509615384615385
58 0.2920673076923077 0.5456730769230769 0.17307692307692307 0.16346153846153846
58 0.11778846153846154 0.5709134615384616 0.18028846153846154 0.18028846153846154
132 0.8942307692307693 0.4639423076923077 0.20432692307692307 0.17307692307692307
132 0.49158653846153844 0.5216346153846154 0.1971153846153846 0.17067307692307693
110 0.15144230769230768 0.7752403846153846 0.18990384615384615 0.18028846153846154
58 0.07211538461538461 0.16346153846153846 0.14423076923076922 0.18269230769230768
132 0.25721153846153844 0.13701923076923078 0.21153846153846154 0.16826923076923078
110 0.6274038461538461 0.08774038461538461 0.1875 0.17548076923076922
58 0.4519230769230769 0.11298076923076923 0.1778846153846154 0.17067307692307693
132 0.8329326923076923 0.07692307692307693 0.21394230769230768 0.15384615384615385