63 0.9014423076923077 0.23918269230769232 0.14423076923076922 0.12259615384615384
63 0.7331730769230769 0.2536057692307692 0.1658653846153846 0.125
169 0.546875 0.27884615384615385 0.19951923076923078 0.13942307692307693
169 0.2127403846153846 0.3088942307692308 0.19230769230769232 0.12259615384615384
154 0.052884615384615384 0.3233173076923077 0.10576923076923077 0.13221153846153846
154 0.38221153846153844 0.2980769230769231 0.11057692307692307 0.12259615384615384
169 0.22716346153846154 0.46274038461538464 0.1971153846153846 0.16105769230769232
63 0.9182692307692307 0.40625 0.14903846153846154 0.12980769230769232
63 0.6213942307692307 0.4375 0.14903846153846154 0.11538461538461539
169 0.4375 0.4543269230769231 0.19471153846153846 0.1346153846153846
154 0.0673076923076923 0.49038461538461536 0.11538461538461539 0.12259615384615384
154 0.7692307692307693 0.4326923076923077 0.125 0.11778846153846154
169 0.4098557692307692 0.625 0.20673076923076922 0.1466346153846154
63 0.2283653846153846 0.6430288461538461 0.15865384615384615 0.12259615384615384
169 0.90625 0.5829326923076923 0.1875 0.14182692307692307
63 0.6021634615384616 0.6141826923076923 0.15384615384615385 0.13221153846153846
154 0.08052884615384616 0.6646634615384616 0.11057692307692307 0.12980769230769232
154 0.7475961538461539 0.6105769230769231 0.11298076923076923 0.13701923076923078
63 0.7235576923076923 0.08533653846153846 0.15384615384615385 0.11778846153846154
63 0.8858173076923077 0.07451923076923077 0.16105769230769232 0.1346153846153846
154 0.2439903846153846 0.13221153846153846 0.1201923076923077 0.12259615384615384
154 0.5793269230769231 0.1045673076923077 0.11057692307692307 0.11778846153846154
169 0.0829326923076923 0.14783653846153846 0.1658653846153846 0.1466346153846154
169 0.4050480769230769 0.1201923076923077 0.19951923076923078 0.14903846153846154