168 0.59375 0.27283653846153844 0.1935096153846154 0.12139423076923077
153 0.25961538461538464 0.2776442307692308 0.10697115384615384 0.12379807692307693
40 0.4110576923076923 0.2776442307692308 0.13822115384615385 0.12379807692307693
171 0.09495192307692307 0.28365384615384615 0.17908653846153846 0.14903846153846154
156 0.7728365384615384 0.28966346153846156 0.11538461538461539 0.15264423076923078
230 0.9182692307692307 0.29447115384615385 0.13822115384615385 0.14423076923076922
40 0.44471153846153844 0.09254807692307693 0.15264423076923078 0.12259615384615384
153 0.8004807692307693 0.09975961538461539 0.11538461538461539 0.11538461538461539
168 0.6358173076923077 0.10096153846153846 0.18028846153846154 0.12379807692307693
156 0.9290865384615384 0.11658653846153846 0.11658653846153846 0.13942307692307693
230 0.28365384615384615 0.11899038461538461 0.14423076923076922 0.13221153846153846
171 0.09495192307692307 0.1201923076923077 0.16466346153846154 0.12980769230769232