185 0.4026442307692308 0.27403846153846156 0.15144230769230768 0.125
170 0.7319711538461539 0.2764423076923077 0.17908653846153846 0.11658653846153846
155 0.5540865384615384 0.2800480769230769 0.11658653846153846 0.1141826923076923
1 0.9254807692307693 0.28846153846153844 0.14543269230769232 0.1310096153846154
147 0.04927884615384615 0.2920673076923077 0.09735576923076923 0.13822115384615385
162 0.21995192307692307 0.2920673076923077 0.17668269230769232 0.125
185 0.9206730769230769 0.4483173076923077 0.14302884615384615 0.125
170 0.21634615384615385 0.4519230769230769 0.18028846153846154 0.10817307692307693
155 0.7728365384615384 0.4567307692307692 0.10697115384615384 0.11658653846153846
1 0.41225961538461536 0.46274038461538464 0.13822115384615385 0.12379807692307693
162 0.6045673076923077 0.4675480769230769 0.18028846153846154 0.13341346153846154
147 0.054086538461538464 0.46875 0.10336538461538461 0.12259615384615384
185 0.1971153846153846 0.09735576923076923 0.13341346153846154 0.1045673076923077
170 0.7259615384615384 0.0985576923076923 0.19110576923076922 0.11538461538461539
155 0.34975961538461536 0.10817307692307693 0.1045673076923077 0.12740384615384615
1 0.9182692307692307 0.11057692307692307 0.14543269230769232 0.1310096153846154
162 0.5228365384615384 0.1141826923076923 0.1778846153846154 0.12860576923076922
147 0.04927884615384615 0.11538461538461539 0.09615384615384616 0.1141826923076923