185 0.41466346153846156 0.2692307692307692 0.15865384615384615 0.13221153846153846
170 0.7427884615384616 0.28846153846153844 0.18509615384615385 0.125
155 0.5661057692307693 0.28365384615384615 0.12259615384615384 0.1201923076923077
1 0.9302884615384616 0.31009615384615385 0.13942307692307693 0.13942307692307693
147 0.06129807692307692 0.2692307692307692 0.10336538461538461 0.14423076923076922
162 0.23076923076923078 0.2776442307692308 0.18269230769230768 0.1346153846153846
185 0.9230769230769231 0.4699519230769231 0.14903846153846154 0.13221153846153846
170 0.21875 0.4375 0.18509615384615385 0.11778846153846154
155 0.7752403846153846 0.47115384615384615 0.11298076923076923 0.12259615384615384
1 0.41466346153846156 0.4579326923076923 0.14423076923076922 0.12980769230769232
162 0.6057692307692307 0.4735576923076923 0.1875 0.14182692307692307
147 0.056490384615384616 0.44591346153846156 0.11057692307692307 0.12740384615384615
185 0.21875 0.08173076923076923 0.13942307692307693 0.11057692307692307
170 0.7463942307692307 0.11057692307692307 0.1971153846153846 0.125
155 0.3701923076923077 0.10096153846153846 0.11057692307692307 0.13221153846153846
1 0.9302884615384616 0.13221153846153846 0.13942307692307693 0.13942307692307693
162 0.5432692307692307 0.11538461538461539 0.18509615384615385 0.13701923076923078
147 0.06971153846153846 0.09254807692307693 0.10096153846153846 0.1201923076923077