2 0.5661057692307693 0.24278846153846154 0.14903846153846154 0.12139423076923077
164 0.38461538461538464 0.24519230769230768 0.17427884615384615 0.13942307692307693
148 0.9182692307692307 0.24519230769230768 0.09615384615384616 0.13942307692307693
3 0.19951923076923078 0.24759615384615385 0.1502403846153846 0.12740384615384615
163 0.7487980769230769 0.25240384615384615 0.16947115384615385 0.13341346153846154
149 0.056490384615384616 0.2536057692307692 0.09975961538461539 0.12620192307692307
149 0.057692307692307696 0.4098557692307692 0.09375 0.12259615384615384
2 0.19831730769230768 0.41346153846153844 0.13581730769230768 0.12860576923076922
3 0.5661057692307693 0.41586538461538464 0.12980769230769232 0.12860576923076922
163 0.9086538461538461 0.4182692307692308 0.17067307692307693 0.1310096153846154
164 0.3798076923076923 0.4182692307692308 0.171875 0.13942307692307693
148 0.7367788461538461 0.4182692307692308 0.109375 0.13942307692307693
2 0.5612980769230769 0.5841346153846154 0.1622596153846154 0.12740384615384615
148 0.9170673076923077 0.5841346153846154 0.09975961538461539 0.12740384615384615
163 0.21754807692307693 0.5841346153846154 0.17548076923076922 0.140625
149 0.05889423076923077 0.5853365384615384 0.10697115384615384 0.13822115384615385
164 0.7512019230769231 0.5865384615384616 0.17067307692307693 0.13341346153846154
3 0.4026442307692308 0.5889423076923077 0.1310096153846154 0.12860576923076922
2 0.5637019230769231 0.7475961538461539 0.13701923076923078 0.13221153846153846
3 0.39783653846153844 0.7487980769230769 0.14783653846153846 0.12980769230769232
163 0.7487980769230769 0.7487980769230769 0.171875 0.11538461538461539
164 0.22235576923076922 0.75 0.16466346153846154 0.14903846153846154
148 0.054086538461538464 0.7512019230769231 0.09975961538461539 0.12980769230769232
164 0.22355769230769232 0.07572115384615384 0.17067307692307693 0.1346153846153846
149 0.9134615384615384 0.7524038461538461 0.11298076923076923 0.12139423076923077
3 0.40384615384615385 0.07692307692307693 0.14543269230769232 0.12379807692307693
148 0.7115384615384616 0.07932692307692307 0.1045673076923077 0.12379807692307693
163 0.8762019230769231 0.07932692307692307 0.18509615384615385 0.11778846153846154
2 0.5649038461538461 0.08173076923076923 0.13701923076923078 0.12259615384615384
149 0.06009615384615385 0.08413461538461539 0.10576923076923077 0.13221153846153846
3 0.7379807692307693 0.9134615384615384 0.13581730769230768 0.12620192307692307
164 0.5504807692307693 0.9146634615384616 0.17548076923076922 0.13942307692307693
2 0.19831730769230768 0.9158653846153846 0.1346153846153846 0.11778846153846154
148 0.057692307692307696 0.9158653846153846 0.10096153846153846 0.12259615384615384
149 0.8822115384615384 0.9158653846153846 0.11778846153846154 0.11899038461538461
163 0.35336538461538464 0.9194711538461539 0.16706730769230768 0.1201923076923077