3 0.6105769230769231 0.26802884615384615 0.15384615384615385 0.15384615384615385
2 0.43990384615384615 0.25 0.15865384615384615 0.14903846153846154
148 0.29927884615384615 0.23677884615384615 0.11298076923076923 0.14182692307692307
164 0.12860576923076922 0.21995192307692307 0.1875 0.1658653846153846
163 0.7896634615384616 0.29086538461538464 0.19471153846153846 0.1778846153846154
149 0.9471153846153846 0.3125 0.10576923076923077 0.14423076923076922
164 0.10576923076923077 0.38461538461538464 0.1971153846153846 0.15625
163 0.9014423076923077 0.46875 0.18990384615384615 0.1466346153846154
148 0.44711538461538464 0.421875 0.11778846153846154 0.1346153846153846
149 0.5733173076923077 0.4362980769230769 0.12740384615384615 0.14423076923076922
3 0.71875 0.453125 0.16346153846153846 0.15625
2 0.2860576923076923 0.4098557692307692 0.1658653846153846 0.13701923076923078
163 0.47836538461538464 0.07932692307692307 0.19471153846153846 0.15384615384615385
3 0.6634615384615384 0.10096153846153846 0.14423076923076922 0.13221153846153846
2 0.9411057692307693 0.13341346153846154 0.11778846153846154 0.13701923076923078
164 0.1502403846153846 0.06490384615384616 0.18509615384615385 0.12980769230769232
149 0.3173076923076923 0.07091346153846154 0.11538461538461539 0.14182692307692307
148 0.8088942307692307 0.12379807692307693 0.1201923076923077 0.15144230769230768