3 0.5853365384615384 0.25721153846153844 0.13942307692307693 0.140625
2 0.41346153846153844 0.25721153846153844 0.14543269230769232 0.1346153846153846
148 0.27283653846153844 0.25961538461538464 0.10096153846153846 0.1310096153846154
164 0.10096153846153846 0.2608173076923077 0.17307692307692307 0.14903846153846154
163 0.7668269230769231 0.2620192307692308 0.17908653846153846 0.15985576923076922
149 0.9362980769230769 0.2668269230769231 0.11177884615384616 0.13221153846153846
164 0.09615384615384616 0.4266826923076923 0.18269230769230768 0.13822115384615385
163 0.8954326923076923 0.4266826923076923 0.17668269230769232 0.12980769230769232
148 0.4387019230769231 0.42788461538461536 0.10576923076923077 0.12379807692307693
149 0.5661057692307693 0.42908653846153844 0.1141826923076923 0.13221153846153846
3 0.7127403846153846 0.43028846153846156 0.1502403846153846 0.140625
2 0.2776442307692308 0.4326923076923077 0.15384615384615385 0.12139423076923077
163 0.43509615384615385 0.08413461538461539 0.1814903846153846 0.1346153846153846
3 0.6213942307692307 0.08653846153846154 0.13221153846153846 0.11899038461538461
2 0.9170673076923077 0.0889423076923077 0.13701923076923078 0.12379807692307693
164 0.10576923076923077 0.09014423076923077 0.171875 0.13822115384615385
149 0.27283653846153844 0.09134615384615384 0.10096153846153846 0.13341346153846154
148 0.7680288461538461 0.09375 0.10576923076923077 0.140625