227 0.12259615384615384 0.3112980769230769 0.1346153846153846 0.16105769230769232
49 0.31971153846153844 0.3269230769230769 0.13221153846153846 0.17548076923076922
227 0.5444711538461539 0.5853365384615384 0.13701923076923078 0.17067307692307693
49 0.7439903846153846 0.5985576923076923 0.1346153846153846 0.17067307692307693
227 0.3389423076923077 0.5769230769230769 0.125 0.15865384615384615
157 0.12379807692307693 0.5625 0.19230769230769232 0.18990384615384615
49 0.08653846153846154 0.7848557692307693 0.13942307692307693 0.17307692307692307
157 0.2848557692307692 0.7992788461538461 0.18990384615384615 0.18269230769230768
49 0.6117788461538461 0.11658653846153846 0.1346153846153846 0.1658653846153846
157 0.39903846153846156 0.10336538461538461 0.18990384615384615 0.17067307692307693
227 0.8317307692307693 0.1346153846153846 0.15144230769230768 0.17307692307692307
157 0.15745192307692307 0.0889423076923077 0.18509615384615385 0.1778846153846154