4 0.7139423076923077 0.21875 0.15384615384615385 0.14903846153846154
165 0.4014423076923077 0.2764423076923077 0.18990384615384615 0.17548076923076922
150 0.23918269230769232 0.30528846153846156 0.1201923076923077 0.14182692307692307
5 0.8701923076923077 0.21394230769230768 0.16346153846153846 0.16346153846153846
166 0.0889423076923077 0.3449519230769231 0.1778846153846154 0.18509615384615385
151 0.5649038461538461 0.27163461538461536 0.13942307692307693 0.14423076923076922
150 0.39663461538461536 0.44350961538461536 0.11298076923076923 0.15625
4 0.5360576923076923 0.4206730769230769 0.15384615384615385 0.15625
165 0.8798076923076923 0.36778846153846156 0.19230769230769232 0.15384615384615385
5 0.6887019230769231 0.41466346153846156 0.1778846153846154 0.17067307692307693
151 0.25841346153846156 0.48677884615384615 0.13701923076923078 0.15625
166 0.1045673076923077 0.5144230769230769 0.2091346153846154 0.19230769230769232
4 0.22956730769230768 0.12259615384615384 0.16826923076923078 0.15144230769230768
150 0.3762019230769231 0.10096153846153846 0.13221153846153846 0.14903846153846154
165 0.828125 0.057692307692307696 0.18990384615384615 0.11538461538461539
5 0.6430288461538461 0.07932692307692307 0.17067307692307693 0.15865384615384615
166 0.07211538461538461 0.17668269230769232 0.14423076923076922 0.16105769230769232
151 0.5024038461538461 0.1141826923076923 0.125 0.1466346153846154