240 0.4050480769230769 0.2439903846153846 0.1346153846153846 0.1201923076923077
240 0.5733173076923077 0.2439903846153846 0.12620192307692307 0.10817307692307693
241 0.0829326923076923 0.25600961538461536 0.13221153846153846 0.14423076923076922
232 0.2403846153846154 0.25841346153846156 0.14302884615384615 0.14182692307692307
241 0.9038461538461539 0.25841346153846156 0.13341346153846154 0.12980769230769232
232 0.7379807692307693 0.25961538461538464 0.13221153846153846 0.13581730769230768
240 0.24158653846153846 0.4170673076923077 0.14423076923076922 0.11778846153846154
232 0.5757211538461539 0.4182692307692308 0.14302884615384615 0.14182692307692307
240 0.4050480769230769 0.4182692307692308 0.14182692307692307 0.1141826923076923
241 0.7379807692307693 0.4230769230769231 0.1310096153846154 0.12980769230769232
241 0.07932692307692307 0.4254807692307692 0.14302884615384615 0.12860576923076922
232 0.90625 0.42788461538461536 0.14423076923076922 0.14423076923076922
240 0.9002403846153846 0.578125 0.13221153846153846 0.12740384615384615
240 0.40865384615384615 0.5841346153846154 0.14543269230769232 0.12980769230769232
241 0.24278846153846154 0.5913461538461539 0.13581730769230768 0.14182692307692307
232 0.7391826923076923 0.5949519230769231 0.1346153846153846 0.12740384615384615
241 0.07572115384615384 0.5961538461538461 0.14783653846153846 0.12980769230769232
232 0.5769230769230769 0.5985576923076923 0.13942307692307693 0.1346153846153846
240 0.5709134615384616 0.07451923076923077 0.1346153846153846 0.109375
240 0.4098557692307692 0.7512019230769231 0.13221153846153846 0.12139423076923077
240 0.5757211538461539 0.7524038461538461 0.14423076923076922 0.11899038461538461
241 0.7391826923076923 0.7560096153846154 0.13341346153846154 0.13822115384615385
232 0.24519230769230768 0.765625 0.1346153846153846 0.1310096153846154
241 0.9002403846153846 0.765625 0.1466346153846154 0.1502403846153846
232 0.0829326923076923 0.7680288461538461 0.12860576923076922 0.12259615384615384
240 0.24278846153846154 0.08052884615384616 0.13341346153846154 0.11298076923076923
241 0.7391826923076923 0.08774038461538461 0.1346153846153846 0.12379807692307693
241 0.07692307692307693 0.09134615384615384 0.13822115384615385 0.12980769230769232
240 0.9074519230769231 0.9182692307692307 0.13701923076923078 0.10216346153846154
241 0.5733173076923077 0.9266826923076923 0.13221153846153846 0.13221153846153846
232 0.07932692307692307 0.9266826923076923 0.14302884615384615 0.13221153846153846
240 0.24759615384615385 0.9278846153846154 0.1346153846153846 0.12259615384615384
232 0.7379807692307693 0.9290865384615384 0.13221153846153846 0.1346153846153846
241 0.40625 0.9314903846153846 0.13341346153846154 0.11658653846153846
232 0.41346153846153844 0.09375 0.1310096153846154 0.12740384615384615
232 0.9026442307692307 0.09375 0.13581730769230768 0.12980769230769232