240 0.375 0.25721153846153844 0.14903846153846154 0.1346153846153846
240 0.5420673076923077 0.23677884615384615 0.13942307692307693 0.12259615384615384
241 0.06490384615384616 0.3076923076923077 0.12980769230769232 0.15865384615384615
232 0.2127403846153846 0.2920673076923077 0.15865384615384615 0.15865384615384615
241 0.8713942307692307 0.21153846153846154 0.14903846153846154 0.14423076923076922
232 0.7067307692307693 0.23197115384615385 0.1466346153846154 0.15144230769230768
240 0.23317307692307693 0.4495192307692308 0.15865384615384615 0.1346153846153846
232 0.5649038461538461 0.4098557692307692 0.15865384615384615 0.15865384615384615
240 0.3954326923076923 0.43028846153846156 0.15384615384615385 0.12980769230769232
241 0.7271634615384616 0.3942307692307692 0.1466346153846154 0.14423076923076922
241 0.07572115384615384 0.47596153846153844 0.15144230769230768 0.14423076923076922
232 0.8942307692307693 0.3786057692307692 0.16105769230769232 0.16105769230769232
240 0.90625 0.5288461538461539 0.1466346153846154 0.14182692307692307
240 0.41947115384615385 0.5949519230769231 0.16105769230769232 0.1466346153846154
241 0.25600961538461536 0.6225961538461539 0.15144230769230768 0.15625
232 0.7487980769230769 0.5649038461538461 0.14903846153846154 0.14182692307692307
241 0.09014423076923077 0.6466346153846154 0.16346153846153846 0.1466346153846154
232 0.5889423076923077 0.5889423076923077 0.15384615384615385 0.15144230769230768
240 0.5180288461538461 0.06850961538461539 0.1466346153846154 0.125
240 0.4411057692307692 0.7608173076923077 0.1466346153846154 0.13701923076923078
240 0.6057692307692307 0.7415865384615384 0.15865384615384615 0.1346153846153846
241 0.7680288461538461 0.7247596153846154 0.14903846153846154 0.15384615384615385
232 0.2800480769230769 0.7944711538461539 0.14903846153846154 0.1466346153846154
241 0.9230769230769231 0.7151442307692307 0.15384615384615385 0.1658653846153846
232 0.11899038461538461 0.8173076923076923 0.14182692307692307 0.13701923076923078
240 0.1935096153846154 0.11538461538461539 0.1466346153846154 0.12740384615384615
241 0.6875 0.06490384615384616 0.14903846153846154 0.12980769230769232
241 0.052884615384615384 0.14543269230769232 0.10576923076923077 0.1466346153846154
240 0.9399038461538461 0.8641826923076923 0.1201923076923077 0.11778846153846154
241 0.625 0.9146634615384616 0.1466346153846154 0.1466346153846154
232 0.1346153846153846 0.9495192307692307 0.15865384615384615 0.10096153846153846
240 0.3004807692307692 0.9435096153846154 0.14903846153846154 0.11298076923076923
232 0.7884615384615384 0.8966346153846154 0.1466346153846154 0.14903846153846154
241 0.4579326923076923 0.9362980769230769 0.1466346153846154 0.12740384615384615
232 0.3641826923076923 0.10697115384615384 0.1466346153846154 0.14182692307692307
232 0.8497596153846154 0.06009615384615385 0.15144230769230768 0.1201923076923077