233 0.7403846153846154 0.265625 0.15865384615384615 0.1466346153846154
234 0.90625 0.26322115384615385 0.14423076923076922 0.13701923076923078
235 0.4050480769230769 0.2824519230769231 0.14423076923076922 0.12980769230769232
235 0.5733173076923077 0.2776442307692308 0.14182692307692307 0.13701923076923078
233 0.23677884615384615 0.29086538461538464 0.1466346153846154 0.1346153846153846
234 0.0733173076923077 0.2956730769230769 0.1466346153846154 0.14903846153846154
233 0.7487980769230769 0.4338942307692308 0.13701923076923078 0.13221153846153846
235 0.5757211538461539 0.4411057692307692 0.13701923076923078 0.14423076923076922
235 0.24158653846153846 0.4567307692307692 0.1346153846153846 0.1466346153846154
233 0.4110576923076923 0.4519230769230769 0.14182692307692307 0.12740384615384615
234 0.9182692307692307 0.4338942307692308 0.14423076923076922 0.12740384615384615
234 0.07692307692307693 0.4639423076923077 0.13942307692307693 0.1466346153846154
233 0.24639423076923078 0.6262019230769231 0.14423076923076922 0.1346153846153846
233 0.7512019230769231 0.609375 0.14182692307692307 0.13701923076923078
234 0.0829326923076923 0.6346153846153846 0.14423076923076922 0.1466346153846154
234 0.9182692307692307 0.6057692307692307 0.1466346153846154 0.14182692307692307
235 0.4170673076923077 0.6237980769230769 0.14423076923076922 0.13701923076923078
235 0.5841346153846154 0.6201923076923077 0.1346153846153846 0.13701923076923078
233 0.06610576923076923 0.11298076923076923 0.13221153846153846 0.14423076923076922
233 0.5661057692307693 0.0985576923076923 0.1346153846153846 0.12980769230769232
235 0.7355769230769231 0.09495192307692307 0.13942307692307693 0.13942307692307693
234 0.39903846153846156 0.109375 0.13701923076923078 0.13221153846153846
234 0.23317307692307693 0.11658653846153846 0.14182692307692307 0.12740384615384615
235 0.9002403846153846 0.09254807692307693 0.13942307692307693 0.13942307692307693