221 0.3269230769230769 0.12379807692307693 0.11057692307692307 0.15865384615384615
140 0.14302884615384615 0.12980769230769232 0.16826923076923078 0.1658653846153846
43 0.12139423076923077 0.34375 0.125 0.17307692307692307
221 0.7043269230769231 0.5877403846153846 0.11538461538461539 0.1658653846153846
141 0.1502403846153846 0.5925480769230769 0.15144230769230768 0.16826923076923078
140 0.34975961538461536 0.5949519230769231 0.16826923076923078 0.17307692307692307
43 0.8665865384615384 0.5949519230769231 0.11538461538461539 0.17307692307692307
44 0.5264423076923077 0.5985576923076923 0.12259615384615384 0.17067307692307693
222 0.12379807692307693 0.828125 0.11298076923076923 0.16346153846153846
222 0.6550480769230769 0.11778846153846154 0.11538461538461539 0.15865384615384615
141 0.8533653846153846 0.11778846153846154 0.15625 0.16826923076923078
44 0.4855769230769231 0.11899038461538461 0.11538461538461539 0.15625