157 0.38100961538461536 0.10697115384615384 0.18269230769230768 0.20192307692307693
227 0.3173076923076923 0.3269230769230769 0.15865384615384615 0.19471153846153846
227 0.109375 0.30288461538461536 0.13942307692307693 0.18990384615384615
138 0.578125 0.6382211538461539 0.18509615384615385 0.17067307692307693
219 0.4050480769230769 0.6141826923076923 0.13942307692307693 0.13942307692307693
41 0.06850961538461539 0.5685096153846154 0.13701923076923078 0.1658653846153846
138 0.24519230769230768 0.5949519230769231 0.1875 0.18509615384615385
41 0.7391826923076923 0.6646634615384616 0.13221153846153846 0.15865384615384615
219 0.890625 0.6899038461538461 0.1346153846153846 0.15865384615384615
49 0.6057692307692307 0.12139423076923077 0.1658653846153846 0.18509615384615385
157 0.8497596153846154 0.15985576923076922 0.18990384615384615 0.19230769230769232
49 0.13942307692307693 0.08052884615384616 0.14903846153846154 0.16105769230769232