157 0.11658653846153846 0.3581730769230769 0.16947115384615385 0.17307692307692307
227 0.3485576923076923 0.36177884615384615 0.11778846153846154 0.171875
219 0.4266826923076923 0.6262019230769231 0.12139423076923077 0.13221153846153846
41 0.765625 0.6298076923076923 0.1201923076923077 0.12980769230769232
41 0.9230769230769231 0.6310096153846154 0.11658653846153846 0.14423076923076922
219 0.28725961538461536 0.6322115384615384 0.10817307692307693 0.1346153846153846
138 0.1141826923076923 0.6334134615384616 0.17067307692307693 0.1502403846153846
138 0.6021634615384616 0.6394230769230769 0.16706730769230768 0.1502403846153846
49 0.7848557692307693 0.11177884615384616 0.125 0.16826923076923078
157 0.3425480769230769 0.11778846153846154 0.17067307692307693 0.16947115384615385
227 0.5649038461538461 0.1201923076923077 0.14423076923076922 0.17668269230769232
49 0.0889423076923077 0.1201923076923077 0.12980769230769232 0.1778846153846154