49 0.08052884615384616 0.3605769230769231 0.14783653846153846 0.18509615384615385
227 0.3245192307692308 0.36177884615384615 0.15144230769230768 0.18269230769230768
157 0.5733173076923077 0.6310096153846154 0.1935096153846154 0.18990384615384615
49 0.8149038461538461 0.6334134615384616 0.1346153846153846 0.18629807692307693
49 0.3473557692307692 0.6358173076923077 0.1502403846153846 0.18509615384615385
157 0.1141826923076923 0.6370192307692307 0.18509615384615385 0.18509615384615385
227 0.08533653846153846 0.8858173076923077 0.12980769230769232 0.18269230769230768
227 0.3125 0.8894230769230769 0.13581730769230768 0.18870192307692307
157 0.8461538461538461 0.09735576923076923 0.19591346153846154 0.17668269230769232
157 0.5733173076923077 0.10216346153846154 0.17908653846153846 0.19110576923076922
49 0.08173076923076923 0.10336538461538461 0.13942307692307693 0.17427884615384615
227 0.3161057692307692 0.10576923076923077 0.12860576923076922 0.17067307692307693