49 0.28966346153846156 0.31490384615384615 0.12620192307692307 0.19471153846153846
227 0.08173076923076923 0.32572115384615385 0.11778846153846154 0.17307692307692307
49 0.5168269230769231 0.328125 0.11298076923076923 0.1658653846153846
157 0.7668269230769231 0.33413461538461536 0.17067307692307693 0.17067307692307693
157 0.10817307692307693 0.5649038461538461 0.171875 0.18870192307692307
227 0.33653846153846156 0.5661057692307693 0.13942307692307693 0.1622596153846154
219 0.5805288461538461 0.8365384615384616 0.1201923076923077 0.12620192307692307
138 0.7512019230769231 0.8377403846153846 0.16466346153846154 0.14423076923076922
219 0.9146634615384616 0.8389423076923077 0.11298076923076923 0.12139423076923077
41 0.07932692307692307 0.8413461538461539 0.12139423076923077 0.12620192307692307
138 0.41947115384615385 0.8425480769230769 0.15985576923076922 0.11538461538461539
41 0.234375 0.8473557692307693 0.11899038461538461 0.11778846153846154
41 0.27163461538461536 0.09134615384615384 0.10817307692307693 0.12620192307692307
219 0.4230769230769231 0.09375 0.11899038461538461 0.12139423076923077
41 0.7175480769230769 0.09495192307692307 0.11298076923076923 0.1141826923076923
138 0.8978365384615384 0.09735576923076923 0.16466346153846154 0.12860576923076922
219 0.5721153846153846 0.0985576923076923 0.12259615384615384 0.10576923076923077
138 0.11177884615384616 0.09975961538461539 0.16466346153846154 0.13822115384615385