49 0.28365384615384615 0.32211538461538464 0.13221153846153846 0.19951923076923078
227 0.07572115384615384 0.3401442307692308 0.12259615384615384 0.1778846153846154
49 0.5108173076923077 0.328125 0.11778846153846154 0.17067307692307693
157 0.7608173076923077 0.3245192307692308 0.17548076923076922 0.17548076923076922
157 0.11057692307692307 0.578125 0.1778846153846154 0.19471153846153846
227 0.3389423076923077 0.5721153846153846 0.14423076923076922 0.1658653846153846
219 0.5925480769230769 0.8329326923076923 0.125 0.12980769230769232
138 0.7632211538461539 0.8293269230769231 0.17067307692307693 0.14903846153846154
219 0.9266826923076923 0.8245192307692307 0.11778846153846154 0.125
41 0.09134615384615384 0.8557692307692307 0.125 0.12980769230769232
138 0.43149038461538464 0.8449519230769231 0.16346153846153846 0.1201923076923077
41 0.24639423076923078 0.8569711538461539 0.12259615384615384 0.12259615384615384
41 0.25721153846153844 0.09975961538461539 0.11298076923076923 0.12980769230769232
219 0.40865384615384615 0.09615384615384616 0.12259615384615384 0.125
41 0.703125 0.08774038461538461 0.11778846153846154 0.11778846153846154
138 0.8834134615384616 0.08413461538461539 0.16826923076923078 0.1346153846153846
219 0.5576923076923077 0.09615384615384616 0.12740384615384615 0.11057692307692307
138 0.0985576923076923 0.11298076923076923 0.16826923076923078 0.14423076923076922