227 0.35216346153846156 0.34975961538461536 0.16105769230769232 0.19230769230769232
49 0.11778846153846154 0.3173076923076923 0.14903846153846154 0.18990384615384615
49 0.7944711538461539 0.6814903846153846 0.1658653846153846 0.19230769230769232
157 0.109375 0.5853365384615384 0.20673076923076922 0.20432692307692307
49 0.34615384615384615 0.6262019230769231 0.15144230769230768 0.18990384615384615
157 0.5600961538461539 0.6586538461538461 0.20432692307692307 0.20432692307692307
227 0.06610576923076923 0.8293269230769231 0.13221153846153846 0.19230769230769232
227 0.265625 0.8641826923076923 0.18028846153846154 0.18990384615384615
49 0.14903846153846154 0.07692307692307693 0.15384615384615385 0.15384615384615385
157 0.8918269230769231 0.16947115384615385 0.21634615384615385 0.19471153846153846
227 0.3798076923076923 0.09975961538461539 0.17307692307692307 0.18990384615384615
157 0.6298076923076923 0.13581730769230768 0.21153846153846154 0.19471153846153846