219 0.09254807692307693 0.35216346153846156 0.12379807692307693 0.11899038461538461
227 0.5504807692307693 0.5673076923076923 0.12379807692307693 0.1814903846153846
227 0.09375 0.578125 0.11658653846153846 0.15504807692307693
157 0.328125 0.5829326923076923 0.17307692307692307 0.17427884615384615
157 0.7908653846153846 0.5853365384615384 0.16826923076923078 0.18509615384615385
49 0.09375 0.8161057692307693 0.11658653846153846 0.16105769230769232
49 0.3137019230769231 0.8197115384615384 0.12139423076923077 0.16105769230769232
138 0.8822115384615384 0.109375 0.16947115384615385 0.12740384615384615
138 0.4987980769230769 0.11177884615384616 0.17548076923076922 0.125
219 0.2860576923076923 0.11177884615384616 0.14423076923076922 0.11298076923076923
41 0.7067307692307693 0.11177884615384616 0.109375 0.12620192307692307
41 0.09735576923076923 0.11298076923076923 0.12259615384615384 0.12740384615384615