219 0.07932692307692307 0.3954326923076923 0.1346153846153846 0.13221153846153846
227 0.5576923076923077 0.5612980769230769 0.14182692307692307 0.19230769230769232
227 0.1045673076923077 0.6201923076923077 0.13221153846153846 0.1658653846153846
157 0.33774038461538464 0.6009615384615384 0.18990384615384615 0.19230769230769232
157 0.7980769230769231 0.5540865384615384 0.1875 0.20192307692307693
49 0.12860576923076922 0.8569711538461539 0.13221153846153846 0.17307692307692307
49 0.3485576923076923 0.8377403846153846 0.13701923076923078 0.17307692307692307
138 0.8389423076923077 0.07211538461538461 0.18269230769230768 0.14423076923076922
138 0.4579326923076923 0.1141826923076923 0.1875 0.14182692307692307
219 0.24639423076923078 0.13581730769230768 0.15625 0.12740384615384615
41 0.6646634615384616 0.09254807692307693 0.12259615384615384 0.13701923076923078
41 0.0625 0.15625 0.125 0.13942307692307693