140 0.11899038461538461 0.3713942307692308 0.1814903846153846 0.17067307692307693
44 0.09975961538461539 0.6201923076923077 0.1201923076923077 0.17427884615384615
141 0.30408653846153844 0.6213942307692307 0.17427884615384615 0.18509615384615385
222 0.6658653846153846 0.6225961538461539 0.13221153846153846 0.17307692307692307
221 0.5012019230769231 0.6237980769230769 0.12139423076923077 0.16346153846153846
140 0.8641826923076923 0.6310096153846154 0.1814903846153846 0.1875
43 0.0985576923076923 0.8677884615384616 0.1310096153846154 0.17908653846153846
221 0.8581730769230769 0.11778846153846154 0.12740384615384615 0.171875
44 0.4951923076923077 0.1201923076923077 0.12980769230769232 0.16826923076923078
141 0.30528846153846156 0.12139423076923077 0.17548076923076922 0.17427884615384615
222 0.6790865384615384 0.12139423076923077 0.125 0.17668269230769232
43 0.09615384615384616 0.125 0.13581730769230768 0.17427884615384615