140 0.12620192307692307 0.35216346153846156 0.18990384615384615 0.18028846153846154
44 0.09375 0.5985576923076923 0.12980769230769232 0.18028846153846154
141 0.2980769230769231 0.6105769230769231 0.18269230769230768 0.19471153846153846
222 0.6586538461538461 0.6310096153846154 0.14182692307692307 0.18028846153846154
221 0.4951923076923077 0.6237980769230769 0.12980769230769232 0.17067307692307693
140 0.8569711538461539 0.6502403846153846 0.18990384615384615 0.1971153846153846
43 0.07932692307692307 0.8461538461538461 0.13942307692307693 0.18509615384615385
221 0.8774038461538461 0.13701923076923078 0.13701923076923078 0.1778846153846154
44 0.515625 0.1201923076923077 0.13942307692307693 0.17548076923076922
141 0.32572115384615385 0.11177884615384616 0.18509615384615385 0.18269230769230768
222 0.6983173076923077 0.1310096153846154 0.1346153846153846 0.18269230769230768
43 0.11658653846153846 0.1045673076923077 0.14423076923076922 0.18028846153846154