227 0.31009615384615385 0.32572115384615385 0.12259615384615384 0.17548076923076922
157 0.09615384615384616 0.3317307692307692 0.15745192307692307 0.1658653846153846
138 0.09375 0.6033653846153846 0.15865384615384615 0.13581730769230768
138 0.3125 0.6033653846153846 0.17067307692307693 0.14903846153846154
219 0.5144230769230769 0.6045673076923077 0.11177884615384616 0.12620192307692307
41 0.6983173076923077 0.6069711538461539 0.11778846153846154 0.12980769230769232
219 0.8846153846153846 0.6069711538461539 0.11658653846153846 0.11658653846153846
41 0.07091346153846154 0.8305288461538461 0.11298076923076923 0.12860576923076922
157 0.09735576923076923 0.0985576923076923 0.15985576923076922 0.16105769230769232
227 0.30649038461538464 0.09975961538461539 0.12740384615384615 0.1658653846153846
157 0.5396634615384616 0.09975961538461539 0.18509615384615385 0.16346153846153846
49 0.7584134615384616 0.1045673076923077 0.13221153846153846 0.16826923076923078