41 0.07451923076923077 0.36658653846153844 0.11658653846153846 0.11298076923076923
138 0.2548076923076923 0.36778846153846156 0.16706730769230768 0.12379807692307693
138 0.4483173076923077 0.36778846153846156 0.16826923076923078 0.12379807692307693
219 0.6057692307692307 0.3701923076923077 0.12379807692307693 0.1201923076923077
219 0.9134615384615384 0.3701923076923077 0.11057692307692307 0.11298076923076923
41 0.7608173076923077 0.3713942307692308 0.11538461538461539 0.11658653846153846
138 0.8954326923076923 0.10697115384615384 0.16466346153846154 0.13221153846153846
219 0.7211538461538461 0.109375 0.11899038461538461 0.125
138 0.10336538461538461 0.11057692307692307 0.16105769230769232 0.12379807692307693
41 0.40384615384615385 0.11177884615384616 0.1201923076923077 0.1141826923076923
219 0.2620192307692308 0.1141826923076923 0.10576923076923077 0.10697115384615384
41 0.5661057692307693 0.11538461538461539 0.11899038461538461 0.10697115384615384