159 0.4807692307692308 0.14783653846153846 0.17908653846153846 0.18028846153846154
51 0.2644230769230769 0.15144230769230768 0.12379807692307693 0.1658653846153846
229 0.671875 0.15985576923076922 0.1310096153846154 0.16706730769230768
48 0.08774038461538461 0.35096153846153844 0.12620192307692307 0.17668269230769232
226 0.3125 0.6165865384615384 0.12620192307692307 0.17908653846153846
145 0.11778846153846154 0.6274038461538461 0.17067307692307693 0.18028846153846154
159 0.5120192307692307 0.6610576923076923 0.18028846153846154 0.18870192307692307
51 0.8846153846153846 0.6706730769230769 0.1201923076923077 0.19471153846153846
229 0.7103365384615384 0.671875 0.11899038461538461 0.18990384615384615
48 0.10096153846153846 0.8689903846153846 0.1346153846153846 0.17668269230769232
226 0.09014423076923077 0.10817307692307693 0.11298076923076923 0.171875
145 0.8846153846153846 0.11298076923076923 0.16706730769230768 0.16947115384615385