159 0.43149038461538464 0.15384615384615385 0.20192307692307693 0.20432692307692307
51 0.21875 0.1875 0.1466346153846154 0.18028846153846154
229 0.6225961538461539 0.13942307692307693 0.15384615384615385 0.18269230769230768
48 0.07211538461538461 0.40865384615384615 0.14423076923076922 0.19230769230769232
226 0.33052884615384615 0.6418269230769231 0.14903846153846154 0.19471153846153846
145 0.13942307692307693 0.6790865384615384 0.19471153846153846 0.20192307692307693
159 0.5348557692307693 0.6574519230769231 0.20432692307692307 0.21153846153846154
51 0.9050480769230769 0.6153846153846154 0.1466346153846154 0.2091346153846154
229 0.7319711538461539 0.640625 0.14423076923076922 0.20432692307692307
48 0.15625 0.9110576923076923 0.15865384615384615 0.1778846153846154
226 0.052884615384615384 0.16947115384615385 0.10576923076923077 0.18509615384615385
145 0.8257211538461539 0.07932692307692307 0.18990384615384615 0.15865384615384615