159 0.6838942307692307 0.14182692307692307 0.17427884615384615 0.16346153846153846
51 0.8629807692307693 0.15504807692307693 0.125 0.14903846153846154
229 0.09615384615384616 0.38822115384615385 0.13581730769230768 0.171875
145 0.4651442307692308 0.59375 0.16346153846153846 0.17548076923076922
226 0.09735576923076923 0.5949519230769231 0.12259615384615384 0.16346153846153846
48 0.8545673076923077 0.5973557692307693 0.12740384615384615 0.1658653846153846
229 0.265625 0.6298076923076923 0.12139423076923077 0.17427884615384615
159 0.6742788461538461 0.6298076923076923 0.16706730769230768 0.17427884615384615
51 0.09495192307692307 0.8737980769230769 0.11899038461538461 0.16346153846153846
226 0.484375 0.10216346153846154 0.11298076923076923 0.16346153846153846
48 0.09735576923076923 0.10216346153846154 0.11298076923076923 0.15745192307692307
145 0.2980769230769231 0.10817307692307693 0.1814903846153846 0.17067307692307693