139 0.3137019230769231 0.15504807692307693 0.18028846153846154 0.15144230769230768
42 0.9158653846153846 0.15625 0.15865384615384615 0.1502403846153846
220 0.5120192307692307 0.15985576923076922 0.15144230769230768 0.14783653846153846
50 0.09975961538461539 0.35697115384615385 0.1201923076923077 0.20072115384615385
50 0.8954326923076923 0.6189903846153846 0.12259615384615384 0.20072115384615385
228 0.49759615384615385 0.6201923076923077 0.1201923076923077 0.1935096153846154
158 0.6983173076923077 0.6213942307692307 0.17668269230769232 0.20552884615384615
220 0.11658653846153846 0.6646634615384616 0.1502403846153846 0.15264423076923078
139 0.3125 0.6658653846153846 0.18028846153846154 0.15264423076923078
42 0.1201923076923077 0.9110576923076923 0.15985576923076922 0.1622596153846154
228 0.08774038461538461 0.11177884615384616 0.1346153846153846 0.1971153846153846
158 0.7043269230769231 0.1141826923076923 0.171875 0.203125