220 0.8521634615384616 0.15264423076923078 0.15264423076923078 0.15504807692307693
42 0.27884615384615385 0.15745192307692307 0.1466346153846154 0.15625
139 0.11899038461538461 0.3918269230769231 0.18990384615384615 0.15985576923076922
50 0.08413461538461539 0.6021634615384616 0.11899038461538461 0.18990384615384615
228 0.4483173076923077 0.6141826923076923 0.1201923076923077 0.19831730769230768
139 0.8497596153846154 0.6382211538461539 0.17908653846153846 0.19471153846153846
138 0.6550480769230769 0.6418269230769231 0.15865384615384615 0.1502403846153846
42 0.27884615384615385 0.6574519230769231 0.17307692307692307 0.13942307692307693
220 0.1045673076923077 0.8918269230769231 0.14543269230769232 0.15865384615384615
228 0.07692307692307693 0.1045673076923077 0.13221153846153846 0.18629807692307693
50 0.44350961538461536 0.10817307692307693 0.12379807692307693 0.19230769230769232
158 0.6586538461538461 0.11177884615384616 0.16947115384615385 0.1971153846153846