220 0.8137019230769231 0.11778846153846154 0.16826923076923078 0.17067307692307693
42 0.2439903846153846 0.18269230769230768 0.16105769230769232 0.17067307692307693
139 0.109375 0.4326923076923077 0.20673076923076922 0.1778846153846154
50 0.09735576923076923 0.6454326923076923 0.13701923076923078 0.20192307692307693
228 0.46033653846153844 0.6189903846153846 0.13942307692307693 0.2091346153846154
139 0.8617788461538461 0.6009615384615384 0.19951923076923078 0.21153846153846154
138 0.6694711538461539 0.625 0.17307692307692307 0.1658653846153846
42 0.296875 0.6802884615384616 0.1875 0.15625
220 0.14783653846153846 0.921875 0.16105769230769232 0.15625
228 0.056490384615384616 0.1502403846153846 0.11298076923076923 0.19951923076923078
50 0.4026442307692308 0.11658653846153846 0.14423076923076922 0.20432692307692307
158 0.6165865384615384 0.10216346153846154 0.18990384615384615 0.20432692307692307