50 0.625 0.11177884615384616 0.125 0.18509615384615385
158 0.24759615384615385 0.13942307692307693 0.1778846153846154 0.19230769230769232
220 0.8112980769230769 0.13701923076923078 0.15625 0.16346153846153846
139 0.46153846153846156 0.16947115384615385 0.19471153846153846 0.16826923076923078
42 0.0985576923076923 0.41225961538461536 0.17307692307692307 0.1658653846153846
158 0.46153846153846156 0.5949519230769231 0.18028846153846154 0.1971153846153846
50 0.0889423076923077 0.6274038461538461 0.11778846153846154 0.19951923076923078
220 0.6526442307692307 0.6262019230769231 0.14903846153846154 0.16346153846153846
139 0.8401442307692307 0.6141826923076923 0.18990384615384615 0.1658653846153846
42 0.27884615384615385 0.65625 0.1658653846153846 0.15384615384615385
228 0.10216346153846154 0.8533653846153846 0.1346153846153846 0.18509615384615385
228 0.05889423076923077 0.14783653846153846 0.11778846153846154 0.18990384615384615