50 0.6514423076923077 0.12139423076923077 0.11298076923076923 0.17668269230769232
158 0.27283653846153844 0.12259615384615384 0.16466346153846154 0.18028846153846154
220 0.8353365384615384 0.15985576923076922 0.14543269230769232 0.15384615384615385
139 0.484375 0.16706730769230768 0.18389423076923078 0.15625
42 0.10576923076923077 0.38461538461538464 0.1622596153846154 0.15384615384615385
158 0.45552884615384615 0.5925480769230769 0.16706730769230768 0.18629807692307693
50 0.08052884615384616 0.5985576923076923 0.1045673076923077 0.1935096153846154
220 0.6430288461538461 0.6370192307692307 0.13822115384615385 0.15504807692307693
139 0.8317307692307693 0.6382211538461539 0.17908653846153846 0.15384615384615385
42 0.26802884615384615 0.640625 0.15504807692307693 0.14423076923076922
228 0.078125 0.8245192307692307 0.12259615384615384 0.17668269230769232
228 0.078125 0.11778846153846154 0.11778846153846154 0.18269230769230768