139 0.30649038461538464 0.1658653846153846 0.1935096153846154 0.15745192307692307
220 0.10576923076923077 0.17067307692307693 0.15264423076923078 0.1814903846153846
42 0.11298076923076923 0.421875 0.14903846153846154 0.15745192307692307
228 0.6899038461538461 0.640625 0.13701923076923078 0.19110576923076922
158 0.8918269230769231 0.6442307692307693 0.17668269230769232 0.20192307692307693
42 0.11057692307692307 0.6850961538461539 0.1622596153846154 0.1658653846153846
220 0.5264423076923077 0.6850961538461539 0.14783653846153846 0.140625
139 0.31971153846153844 0.6899038461538461 0.18389423076923078 0.16105769230769232
50 0.09375 0.9002403846153846 0.12980769230769232 0.1935096153846154
228 0.49158653846153844 0.11899038461538461 0.1346153846153846 0.18629807692307693
50 0.8978365384615384 0.12259615384615384 0.12740384615384615 0.19951923076923078
158 0.7043269230769231 0.1310096153846154 0.1875 0.2127403846153846