42 0.13341346153846154 0.1346153846153846 0.17548076923076922 0.19230769230769232
220 0.6622596153846154 0.1875 0.15865384615384615 0.16105769230769232
139 0.13701923076923078 0.3701923076923077 0.20192307692307693 0.18269230769230768
50 0.859375 0.6502403846153846 0.14903846153846154 0.19951923076923078
158 0.4987980769230769 0.6189903846153846 0.1875 0.19230769230769232
158 0.11057692307692307 0.5889423076923077 0.18509615384615385 0.21153846153846154
228 0.6850961538461539 0.6394230769230769 0.14182692307692307 0.2091346153846154
42 0.296875 0.6526442307692307 0.1778846153846154 0.16105769230769232
139 0.09375 0.8665865384615384 0.1875 0.18990384615384615
50 0.30528846153846156 0.09975961538461539 0.13942307692307693 0.19471153846153846
158 0.8569711538461539 0.15264423076923078 0.1971153846153846 0.1971153846153846
228 0.4807692307692308 0.12139423076923077 0.1346153846153846 0.19951923076923078