42 0.0829326923076923 0.1971153846153846 0.1658653846153846 0.1875
220 0.6117788461538461 0.1658653846153846 0.15625 0.15865384615384615
139 0.12139423076923077 0.42908653846153844 0.19951923076923078 0.1778846153846154
50 0.8786057692307693 0.5913461538461539 0.1466346153846154 0.1971153846153846
158 0.5180288461538461 0.6177884615384616 0.18509615384615385 0.18990384615384615
158 0.12980769230769232 0.6490384615384616 0.18269230769230768 0.2091346153846154
228 0.7055288461538461 0.6081730769230769 0.13942307692307693 0.20673076923076922
42 0.3233173076923077 0.6826923076923077 0.17548076923076922 0.15865384615384615
139 0.1466346153846154 0.9170673076923077 0.20673076923076922 0.1658653846153846
50 0.24519230769230768 0.1346153846153846 0.13701923076923078 0.19230769230769232
158 0.7980769230769231 0.10096153846153846 0.19471153846153846 0.19471153846153846
228 0.421875 0.12980769230769232 0.12980769230769232 0.19951923076923078