141 0.2980769230769231 0.12740384615384615 0.18629807692307693 0.18028846153846154
221 0.48197115384615385 0.12980769230769232 0.13221153846153846 0.171875
44 0.0889423076923077 0.13221153846153846 0.125 0.17668269230769232
140 0.8557692307692307 0.13701923076923078 0.1814903846153846 0.171875
43 0.0889423076923077 0.3737980769230769 0.12980769230769232 0.1935096153846154
221 0.2692307692307692 0.625 0.1201923076923077 0.1814903846153846
222 0.08774038461538461 0.625 0.12740384615384615 0.17908653846153846
141 0.46274038461538464 0.6274038461538461 0.1658653846153846 0.19831730769230768
43 0.6526442307692307 0.6286057692307693 0.12620192307692307 0.18509615384615385
140 0.859375 0.6286057692307693 0.1622596153846154 0.18389423076923078
44 0.09735576923076923 0.8677884615384616 0.1310096153846154 0.17908653846153846
222 0.6610576923076923 0.12379807692307693 0.12860576923076922 0.171875