222 0.09014423076923077 0.359375 0.12259615384615384 0.17668269230769232
44 0.6586538461538461 0.609375 0.12259615384615384 0.17548076923076922
221 0.09615384615384616 0.6117788461538461 0.12860576923076922 0.18028846153846154
43 0.48197115384615385 0.6141826923076923 0.1346153846153846 0.18629807692307693
140 0.28846153846153844 0.6165865384615384 0.1814903846153846 0.17427884615384615
222 0.8341346153846154 0.6237980769230769 0.13341346153846154 0.19471153846153846
141 0.1201923076923077 0.8557692307692307 0.18389423076923078 0.18389423076923078
43 0.44711538461538464 0.11538461538461539 0.1310096153846154 0.1814903846153846
140 0.6646634615384616 0.11538461538461539 0.17307692307692307 0.17668269230769232
221 0.09495192307692307 0.11778846153846154 0.13221153846153846 0.171875
141 0.890625 0.12259615384615384 0.17427884615384615 0.1814903846153846
44 0.2644230769230769 0.125 0.12860576923076922 0.18389423076923078