141 0.13221153846153846 0.3557692307692308 0.1875 0.18269230769230768
44 0.5 0.6286057692307693 0.11778846153846154 0.1875
141 0.890625 0.6418269230769231 0.18028846153846154 0.19951923076923078
140 0.1310096153846154 0.6201923076923077 0.18509615384615385 0.21153846153846154
221 0.3245192307692308 0.6298076923076923 0.12259615384615384 0.18509615384615385
222 0.6742788461538461 0.6430288461538461 0.14903846153846154 0.1971153846153846
43 0.09134615384615384 0.8701923076923077 0.15865384615384615 0.18990384615384615
43 0.30288461538461536 0.11057692307692307 0.14903846153846154 0.18509615384615385
222 0.8858173076923077 0.1310096153846154 0.14903846153846154 0.1778846153846154
221 0.12259615384615384 0.10697115384615384 0.14423076923076922 0.1778846153846154
44 0.6971153846153846 0.12860576923076922 0.1346153846153846 0.18990384615384615
140 0.5036057692307693 0.12379807692307693 0.1875 0.18990384615384615