141 0.1466346153846154 0.3245192307692308 0.20192307692307693 0.1971153846153846
44 0.4891826923076923 0.6286057692307693 0.13221153846153846 0.1971153846153846
141 0.8774038461538461 0.6754807692307693 0.19471153846153846 0.21394230769230768
140 0.12259615384615384 0.5877403846153846 0.20192307692307693 0.22596153846153846
221 0.3137019230769231 0.6141826923076923 0.13701923076923078 0.19230769230769232
222 0.6610576923076923 0.6574519230769231 0.16346153846153846 0.2091346153846154
43 0.0733173076923077 0.8341346153846154 0.1466346153846154 0.20192307692307693
43 0.33653846153846156 0.09615384615384616 0.16346153846153846 0.19230769230769232
222 0.9158653846153846 0.1658653846153846 0.16346153846153846 0.1875
221 0.15865384615384615 0.08533653846153846 0.15865384615384615 0.17067307692307693
44 0.7283653846153846 0.1466346153846154 0.14903846153846154 0.19951923076923078
140 0.5360576923076923 0.125 0.20192307692307693 0.20432692307692307