222 0.6790865384615384 0.12620192307692307 0.12980769230769232 0.171875
221 0.11057692307692307 0.3605769230769231 0.12980769230769232 0.1935096153846154
222 0.6754807692307693 0.6105769230769231 0.12620192307692307 0.171875
44 0.8509615384615384 0.6153846153846154 0.11778846153846154 0.18028846153846154
43 0.1141826923076923 0.6153846153846154 0.13822115384615385 0.18509615384615385
221 0.5108173076923077 0.6153846153846154 0.11298076923076923 0.1935096153846154
141 0.3233173076923077 0.6165865384615384 0.18870192307692307 0.18870192307692307
140 0.13701923076923078 0.8569711538461539 0.16947115384615385 0.18870192307692307
44 0.1045673076923077 0.11658653846153846 0.13221153846153846 0.18629807692307693
140 0.8810096153846154 0.12139423076923077 0.16706730769230768 0.1778846153846154
141 0.4987980769230769 0.12139423076923077 0.16947115384615385 0.18389423076923078
43 0.2980769230769231 0.12259615384615384 0.12139423076923077 0.171875