222 0.6598557692307693 0.11778846153846154 0.13942307692307693 0.1778846153846154
221 0.10336538461538461 0.38100961538461536 0.13942307692307693 0.19951923076923078
222 0.6814903846153846 0.6009615384615384 0.1346153846153846 0.1778846153846154
44 0.8569711538461539 0.5973557692307693 0.12740384615384615 0.18509615384615385
43 0.1201923076923077 0.6358173076923077 0.1466346153846154 0.19230769230769232
221 0.5168269230769231 0.6141826923076923 0.12259615384615384 0.19951923076923078
141 0.3293269230769231 0.6262019230769231 0.19951923076923078 0.19951923076923078
140 0.15625 0.875 0.18028846153846154 0.1971153846153846
44 0.08533653846153846 0.13822115384615385 0.14182692307692307 0.19230769230769232
140 0.8605769230769231 0.10216346153846154 0.17548076923076922 0.1875
141 0.4795673076923077 0.12139423076923077 0.1778846153846154 0.19230769230769232
43 0.27884615384615385 0.13341346153846154 0.12980769230769232 0.1778846153846154