221 0.1045673076923077 0.3233173076923077 0.13701923076923078 0.18509615384615385
221 0.48197115384615385 0.5973557692307693 0.125 0.18990384615384615
43 0.09134615384615384 0.5769230769230769 0.14182692307692307 0.18028846153846154
222 0.6538461538461539 0.6201923076923077 0.13701923076923078 0.18990384615384615
44 0.8209134615384616 0.6322115384615384 0.12740384615384615 0.1971153846153846
141 0.296875 0.5985576923076923 0.17548076923076922 0.1971153846153846
140 0.09975961538461539 0.8076923076923077 0.18028846153846154 0.2091346153846154
222 0.6959134615384616 0.12860576923076922 0.125 0.17307692307692307
140 0.8846153846153846 0.14182692307692307 0.18269230769230768 0.18028846153846154
44 0.1201923076923077 0.0889423076923077 0.1346153846153846 0.1778846153846154
43 0.3137019230769231 0.1045673076923077 0.14182692307692307 0.18028846153846154
141 0.5108173076923077 0.11899038461538461 0.17307692307692307 0.1778846153846154