143 0.5204326923076923 0.1346153846153846 0.17067307692307693 0.15384615384615385
46 0.07091346153846154 0.1502403846153846 0.14182692307692307 0.16105769230769232
224 0.2776442307692308 0.14783653846153846 0.15144230769230768 0.16105769230769232
45 0.3629807692307692 0.3233173076923077 0.13701923076923078 0.18028846153846154
142 0.11658653846153846 0.33533653846153844 0.17307692307692307 0.18028846153846154
45 0.2764423076923077 0.5697115384615384 0.14423076923076922 0.1875
223 0.1045673076923077 0.578125 0.12980769230769232 0.1875
138 0.9026442307692307 0.5817307692307693 0.17548076923076922 0.14423076923076922
224 0.44471153846153844 0.6117788461538461 0.15384615384615385 0.1658653846153846
46 0.6598557692307693 0.6033653846153846 0.17067307692307693 0.16105769230769232
143 0.1658653846153846 0.8521634615384616 0.1778846153846154 0.14903846153846154
223 0.7367788461538461 0.08533653846153846 0.15625 0.17067307692307693