224 0.7512019230769231 0.17307692307692307 0.15865384615384615 0.16105769230769232
143 0.33533653846153844 0.12860576923076922 0.1875 0.15865384615384615
46 0.5348557692307693 0.15504807692307693 0.1658653846153846 0.17067307692307693
142 0.14423076923076922 0.2848557692307692 0.1875 0.20192307692307693
45 0.34375 0.31009615384615385 0.16105769230769232 0.1778846153846154
223 0.6959134615384616 0.5913461538461539 0.13701923076923078 0.19471153846153846
45 0.5120192307692307 0.5745192307692307 0.13221153846153846 0.18509615384615385
142 0.32211538461538464 0.5600961538461539 0.19230769230769232 0.19230769230769232
138 0.8882211538461539 0.6502403846153846 0.17548076923076922 0.15865384615384615
224 0.07572115384615384 0.5673076923076923 0.15144230769230768 0.15384615384615385
46 0.10576923076923077 0.8052884615384616 0.18509615384615385 0.18028846153846154
223 0.14423076923076922 0.06971153846153846 0.1346153846153846 0.13942307692307693