143 0.3545673076923077 0.15384615384615385 0.16826923076923078 0.16826923076923078
224 0.78125 0.171875 0.15865384615384615 0.17067307692307693
46 0.5661057692307693 0.16826923076923078 0.14903846153846154 0.14903846153846154
223 0.09735576923076923 0.3329326923076923 0.1201923076923077 0.19230769230769232
142 0.30528846153846156 0.3425480769230769 0.18028846153846154 0.18028846153846154
142 0.11538461538461539 0.5853365384615384 0.16346153846153846 0.20432692307692307
45 0.3161057692307692 0.5961538461538461 0.12740384615384615 0.18269230769230768
46 0.7391826923076923 0.65625 0.14182692307692307 0.16346153846153846
143 0.5228365384615384 0.6526442307692307 0.18509615384615385 0.18028846153846154
223 0.2920673076923077 0.8377403846153846 0.125 0.18990384615384615
224 0.06610576923076923 0.8737980769230769 0.13221153846153846 0.1658653846153846
142 0.1346153846153846 0.10336538461538461 0.17307692307692307 0.19230769230769232