143 0.31009615384615385 0.18269230769230768 0.19230769230769232 0.15865384615384615
46 0.06610576923076923 0.20072115384615385 0.13221153846153846 0.18028846153846154
142 0.10336538461538461 0.4026442307692308 0.1875 0.2091346153846154
224 0.2920673076923077 0.4206730769230769 0.17067307692307693 0.18509615384615385
223 0.7800480769230769 0.5973557692307693 0.14903846153846154 0.20192307692307693
45 0.3269230769230769 0.6298076923076923 0.15625 0.1875
143 0.5492788461538461 0.6550480769230769 0.18269230769230768 0.20432692307692307
46 0.08774038461538461 0.6923076923076923 0.15144230769230768 0.19230769230769232
142 0.14182692307692307 0.8978365384615384 0.19230769230769232 0.20432692307692307
224 0.33653846153846156 0.9050480769230769 0.16826923076923078 0.18990384615384615
45 0.5444711538461539 0.11658653846153846 0.13221153846153846 0.18509615384615385
223 0.7403846153846154 0.1045673076923077 0.1466346153846154 0.20432692307692307