47 0.08052884615384616 0.3713942307692308 0.16105769230769232 0.18990384615384615
47 0.46875 0.5300480769230769 0.1778846153846154 0.18509615384615385
225 0.09615384615384616 0.5829326923076923 0.18509615384615385 0.18990384615384615
47 0.2800480769230769 0.5612980769230769 0.19230769230769232 0.19471153846153846
144 0.6754807692307693 0.5132211538461539 0.21634615384615385 0.21634615384615385
144 0.8918269230769231 0.48677884615384615 0.21634615384615385 0.21394230769230768
225 0.13221153846153846 0.8016826923076923 0.18269230769230768 0.20192307692307693
225 0.6466346153846154 0.0829326923076923 0.19230769230769232 0.1658653846153846
225 0.8389423076923077 0.07091346153846154 0.1875 0.14182692307692307
47 0.06850961538461539 0.15985576923076922 0.13701923076923078 0.18509615384615385
144 0.24519230769230768 0.1346153846153846 0.2091346153846154 0.18990384615384615
144 0.4567307692307692 0.10817307692307693 0.21634615384615385 0.19471153846153846