47 0.12620192307692307 0.2512019230769231 0.1875 0.19230769230769232
47 0.46153846153846156 0.5192307692307693 0.18028846153846154 0.1875
225 0.09134615384615384 0.46153846153846156 0.18269230769230768 0.19230769230769232
47 0.27163461538461536 0.49399038461538464 0.19471153846153846 0.1971153846153846
144 0.6634615384615384 0.5637019230769231 0.21875 0.21875
144 0.8786057692307693 0.6033653846153846 0.22115384615384615 0.21634615384615385
225 0.07572115384615384 0.6814903846153846 0.15144230769230768 0.20432692307692307
225 0.7644230769230769 0.13341346153846154 0.19471153846153846 0.19230769230769232
225 0.9314903846153846 0.16466346153846154 0.13701923076923078 0.19471153846153846
47 0.16105769230769232 0.0673076923076923 0.19230769230769232 0.1346153846153846
144 0.3629807692307692 0.08533653846153846 0.21153846153846154 0.17067307692307693
144 0.5733173076923077 0.11298076923076923 0.21875 0.1971153846153846