186 0.21394230769230768 0.13581730769230768 0.12980769230769232 0.11538461538461539
186 0.0673076923076923 0.13581730769230768 0.1045673076923077 0.13221153846153846
119 0.7487980769230769 0.13942307692307693 0.16466346153846154 0.13581730769230768
29 0.5649038461538461 0.140625 0.13581730769230768 0.11177884615384616
29 0.9182692307692307 0.14182692307692307 0.11538461538461539 0.12379807692307693
119 0.3954326923076923 0.14302884615384615 0.1658653846153846 0.13822115384615385
194 0.06490384615384616 0.36538461538461536 0.11778846153846154 0.16346153846153846
194 0.23798076923076922 0.36658653846153844 0.12620192307692307 0.15865384615384615
37 0.421875 0.36899038461538464 0.14903846153846154 0.17307692307692307
160 0.4963942307692308 0.609375 0.16947115384615385 0.17427884615384615
160 0.09975961538461539 0.6105769230769231 0.15865384615384615 0.1658653846153846
37 0.29927884615384615 0.6141826923076923 0.1310096153846154 0.15625
186 0.7403846153846154 0.8846153846153846 0.11899038461538461 0.12259615384615384
119 0.5769230769230769 0.8846153846153846 0.15384615384615385 0.12980769230769232
186 0.3942307692307692 0.8870192307692307 0.12259615384615384 0.14302884615384615
29 0.08052884615384616 0.890625 0.11658653846153846 0.13942307692307693
119 0.9110576923076923 0.890625 0.15625 0.12620192307692307
29 0.24519230769230768 0.8966346153846154 0.12620192307692307 0.12139423076923077