141 0.3161057692307692 0.1466346153846154 0.17307692307692307 0.20673076923076922
222 0.8461538461538461 0.11177884615384616 0.13701923076923078 0.18028846153846154
140 0.10096153846153846 0.16466346153846154 0.19951923076923078 0.19230769230769232
43 0.6730769230769231 0.12740384615384615 0.16346153846153846 0.1875
221 0.5096153846153846 0.14182692307692307 0.14423076923076922 0.19471153846153846
44 0.09134615384615384 0.40024038461538464 0.14423076923076922 0.18269230769230768
221 0.8870192307692307 0.5973557692307693 0.1346153846153846 0.18269230769230768
222 0.5072115384615384 0.6262019230769231 0.1466346153846154 0.18269230769230768
140 0.13822115384615385 0.6538461538461539 0.18990384615384615 0.19951923076923078
141 0.7055288461538461 0.6165865384615384 0.20192307692307693 0.20192307692307693
44 0.32572115384615385 0.6442307692307693 0.14903846153846154 0.18509615384615385
43 0.12740384615384615 0.890625 0.14423076923076922 0.18990384615384615