186 0.5540865384615384 0.3389423076923077 0.1346153846153846 0.12980769230769232
119 0.8882211538461539 0.30649038461538464 0.17548076923076922 0.15625
186 0.41346153846153844 0.3581730769230769 0.12259615384615384 0.1346153846153846
29 0.0733173076923077 0.39783653846153844 0.14182692307692307 0.14423076923076922
119 0.2536057692307692 0.38100961538461536 0.17307692307692307 0.13701923076923078
29 0.7115384615384616 0.33774038461538464 0.14182692307692307 0.13701923076923078
194 0.4795673076923077 0.5805288461538461 0.13701923076923078 0.16346153846153846
37 0.10336538461538461 0.625 0.13942307692307693 0.1778846153846154
160 0.3076923076923077 0.6081730769230769 0.17548076923076922 0.1778846153846154
29 0.6706730769230769 0.5925480769230769 0.14182692307692307 0.1466346153846154
194 0.34375 0.8269230769230769 0.1466346153846154 0.1778846153846154
160 0.16346153846153846 0.8485576923076923 0.20432692307692307 0.19230769230769232
186 0.19831730769230768 0.12860576923076922 0.13942307692307693 0.13701923076923078
119 0.36899038461538464 0.11057692307692307 0.17307692307692307 0.1466346153846154
119 0.5576923076923077 0.09014423076923077 0.17548076923076922 0.1346153846153846
186 0.875 0.06370192307692307 0.1346153846153846 0.12740384615384615
29 0.7259615384615384 0.07451923076923077 0.1346153846153846 0.12740384615384615
29 0.05889423076923077 0.14423076923076922 0.11778846153846154 0.1346153846153846