194 0.07932692307692307 0.34375 0.13221153846153846 0.171875
37 0.453125 0.35096153846153844 0.13822115384615385 0.1622596153846154
37 0.25961538461538464 0.35096153846153844 0.1310096153846154 0.16346153846153846
160 0.11778846153846154 0.5973557692307693 0.1658653846153846 0.1778846153846154
194 0.6225961538461539 0.8341346153846154 0.1310096153846154 0.16947115384615385
37 0.44711538461538464 0.8365384615384616 0.14182692307692307 0.17548076923076922
194 0.265625 0.8365384615384616 0.11899038461538461 0.16466346153846154
37 0.09254807692307693 0.8413461538461539 0.12259615384615384 0.15865384615384615
160 0.8233173076923077 0.8449519230769231 0.16466346153846154 0.18269230769230768
194 0.4987980769230769 0.10817307692307693 0.1310096153846154 0.15384615384615385
160 0.11177884615384616 0.11298076923076923 0.1622596153846154 0.16346153846153846
160 0.31850961538461536 0.1141826923076923 0.16826923076923078 0.16706730769230768