119 0.6358173076923077 0.12620192307692307 0.17067307692307693 0.1346153846153846
160 0.13221153846153846 0.3245192307692308 0.18028846153846154 0.1658653846153846
37 0.3293269230769231 0.33653846153846156 0.13701923076923078 0.17548076923076922
186 0.06971153846153846 0.5805288461538461 0.12980769230769232 0.12740384615384615
186 0.4026442307692308 0.5949519230769231 0.11778846153846154 0.1201923076923077
29 0.7391826923076923 0.6141826923076923 0.125 0.125
119 0.24519230769230768 0.5985576923076923 0.16346153846153846 0.1346153846153846
119 0.5733173076923077 0.609375 0.16826923076923078 0.12740384615384615
29 0.890625 0.6225961538461539 0.12980769230769232 0.12980769230769232
194 0.09254807692307693 0.0829326923076923 0.12740384615384615 0.15865384615384615
37 0.2704326923076923 0.09254807692307693 0.13701923076923078 0.15625
194 0.4387019230769231 0.09975961538461539 0.1346153846153846 0.15865384615384615