37 0.46274038461538464 0.3473557692307692 0.12860576923076922 0.16346153846153846
194 0.2764423076923077 0.3473557692307692 0.13341346153846154 0.14903846153846154
37 0.09615384615384616 0.34975961538461536 0.12980769230769232 0.1622596153846154
160 0.33533653846153844 0.6033653846153846 0.16947115384615385 0.1658653846153846
160 0.11538461538461539 0.6057692307692307 0.17548076923076922 0.16346153846153846
194 0.08774038461538461 0.8485576923076923 0.12860576923076922 0.1658653846153846
194 0.4483173076923077 0.8497596153846154 0.11778846153846154 0.16466346153846154
37 0.6334134615384616 0.8509615384615384 0.14302884615384615 0.17307692307692307
37 0.27163461538461536 0.8545673076923077 0.140625 0.17668269230769232
194 0.09134615384615384 0.09615384615384616 0.12379807692307693 0.15985576923076922
160 0.5096153846153846 0.10216346153846154 0.16947115384615385 0.15625