194 0.10697115384615384 0.27524038461538464 0.14182692307692307 0.17548076923076922
160 0.8461538461538461 0.38100961538461536 0.18028846153846154 0.18509615384615385
194 0.44711538461538464 0.3245192307692308 0.1466346153846154 0.16346153846153846
37 0.28125 0.30408653846153844 0.14423076923076922 0.17067307692307693
160 0.6394230769230769 0.35697115384615385 0.1778846153846154 0.18990384615384615
160 0.10697115384615384 0.5204326923076923 0.17548076923076922 0.17548076923076922
194 0.6382211538461539 0.6009615384615384 0.15384615384615385 0.18028846153846154
160 0.30528846153846156 0.5552884615384616 0.18990384615384615 0.1875
37 0.47836538461538464 0.5805288461538461 0.15144230769230768 0.17307692307692307
194 0.056490384615384616 0.7451923076923077 0.11298076923076923 0.16826923076923078
37 0.22235576923076922 0.7740384615384616 0.14423076923076922 0.17067307692307693
37 0.15264423076923078 0.07211538461538461 0.15144230769230768 0.14423076923076922