194 0.07932692307692307 0.3317307692307692 0.1201923076923077 0.15985576923076922
160 0.8257211538461539 0.33413461538461536 0.15865384615384615 0.16346153846153846
194 0.4230769230769231 0.33413461538461536 0.12620192307692307 0.14783653846153846
37 0.25600961538461536 0.33653846153846156 0.12259615384615384 0.15625
160 0.6177884615384616 0.3389423076923077 0.15504807692307693 0.16947115384615385
160 0.1141826923076923 0.5745192307692307 0.15504807692307693 0.15625
194 0.6514423076923077 0.5805288461538461 0.13221153846153846 0.16346153846153846
160 0.31490384615384615 0.5817307692307693 0.16826923076923078 0.16466346153846154
37 0.49038461538461536 0.5829326923076923 0.12980769230769232 0.15625
194 0.07451923076923077 0.8076923076923077 0.13341346153846154 0.15144230769230768
37 0.26322115384615385 0.8100961538461539 0.12379807692307693 0.15504807692307693
37 0.09375 0.109375 0.12980769230769232 0.15865384615384615