39 0.32211538461538464 0.12980769230769232 0.15625 0.18509615384615385
29 0.2932692307692308 0.3485576923076923 0.1466346153846154 0.1346153846153846
196 0.109375 0.3425480769230769 0.15144230769230768 0.1875
173 0.4723557692307692 0.3942307692307692 0.18990384615384615 0.1971153846153846
193 0.078125 0.5528846153846154 0.14423076923076922 0.17067307692307693
36 0.47716346153846156 0.6105769230769231 0.15144230769230768 0.18269230769230768
137 0.2704326923076923 0.5925480769230769 0.19230769230769232 0.19230769230769232
173 0.8413461538461539 0.703125 0.19230769230769232 0.2091346153846154
196 0.6370192307692307 0.6778846153846154 0.14903846153846154 0.19951923076923078
39 0.07211538461538461 0.8389423076923077 0.14423076923076922 0.19230769230769232
193 0.1466346153846154 0.07211538461538461 0.1346153846153846 0.14423076923076922
137 0.5324519230769231 0.11778846153846154 0.20192307692307693 0.18990384615384615