187 0.4723557692307692 0.14783653846153846 0.15625 0.16466346153846154
30 0.8233173076923077 0.15985576923076922 0.15745192307692307 0.13822115384615385
120 0.1045673076923077 0.3858173076923077 0.1875 0.14543269230769232
189 0.07091346153846154 0.5961538461538461 0.125 0.15865384615384615
122 0.6598557692307693 0.5985576923076923 0.15865384615384615 0.17307692307692307
32 0.24759615384615385 0.5997596153846154 0.12379807692307693 0.19110576923076922
120 0.453125 0.6322115384615384 0.19110576923076922 0.15264423076923078
30 0.859375 0.6370192307692307 0.15865384615384615 0.14783653846153846
30 0.08774038461538461 0.8737980769230769 0.15504807692307693 0.1466346153846154
189 0.6262019230769231 0.109375 0.1141826923076923 0.171875
122 0.09975961538461539 0.11177884615384616 0.16466346153846154 0.1658653846153846
32 0.28365384615384615 0.11538461538461539 0.13701923076923078 0.16466346153846154