187 0.4543269230769231 0.1502403846153846 0.16346153846153846 0.17307692307692307
30 0.8052884615384616 0.14302884615384615 0.16346153846153846 0.1466346153846154
120 0.0985576923076923 0.40625 0.19471153846153846 0.15384615384615385
189 0.07692307692307693 0.6189903846153846 0.13221153846153846 0.1658653846153846
122 0.6646634615384616 0.5901442307692307 0.16826923076923078 0.18028846153846154
32 0.2536057692307692 0.6129807692307693 0.1346153846153846 0.1971153846153846
120 0.46033653846153844 0.6346153846153846 0.19951923076923078 0.16346153846153846
30 0.8665865384615384 0.6177884615384616 0.1658653846153846 0.15625
30 0.10817307692307693 0.8954326923076923 0.16346153846153846 0.15384615384615385
189 0.6057692307692307 0.10336538461538461 0.12259615384615384 0.1778846153846154
122 0.0829326923076923 0.13221153846153846 0.1658653846153846 0.17307692307692307
32 0.26322115384615385 0.12740384615384615 0.1466346153846154 0.17067307692307693