187 0.8978365384615384 0.1875 0.1658653846153846 0.16346153846153846
30 0.7127403846153846 0.1658653846153846 0.18269230769230768 0.1875
120 0.125 0.3317307692307692 0.2091346153846154 0.17067307692307693
189 0.24879807692307693 0.5540865384615384 0.1346153846153846 0.17548076923076922
32 0.4375 0.5877403846153846 0.15625 0.1971153846153846
187 0.8245192307692307 0.6754807692307693 0.17548076923076922 0.16346153846153846
30 0.08653846153846154 0.5709134615384616 0.17307692307692307 0.17067307692307693
120 0.6322115384615384 0.65625 0.20192307692307693 0.17307692307692307
122 0.07451923076923077 0.7800480769230769 0.14903846153846154 0.2091346153846154
122 0.3449519230769231 0.08533653846153846 0.18990384615384615 0.17067307692307693
32 0.14543269230769232 0.07211538461538461 0.14182692307692307 0.14423076923076922
189 0.5204326923076923 0.10576923076923077 0.1466346153846154 0.18269230769230768