189 0.8810096153846154 0.13942307692307693 0.1201923076923077 0.17307692307692307
32 0.11298076923076923 0.11538461538461539 0.14182692307692307 0.1778846153846154
122 0.5204326923076923 0.1310096153846154 0.16346153846153846 0.17307692307692307
30 0.7223557692307693 0.17067307692307693 0.16826923076923078 0.1466346153846154
120 0.32091346153846156 0.1622596153846154 0.19230769230769232 0.14423076923076922
187 0.10576923076923077 0.37740384615384615 0.15625 0.15384615384615385
32 0.09495192307692307 0.59375 0.1346153846153846 0.18990384615384615
189 0.2692307692307692 0.6009615384615384 0.125 0.17307692307692307
122 0.6670673076923077 0.6201923076923077 0.15865384615384615 0.1778846153846154
120 0.46875 0.640625 0.19471153846153846 0.16105769230769232
30 0.8725961538461539 0.6670673076923077 0.16105769230769232 0.14903846153846154
187 0.08774038461538461 0.8605769230769231 0.16826923076923078 0.15384615384615385