189 0.8052884615384616 0.0829326923076923 0.13942307692307693 0.1658653846153846
32 0.06370192307692307 0.19471153846153846 0.12740384615384615 0.19230769230769232
122 0.4495192307692308 0.1346153846153846 0.18269230769230768 0.18990384615384615
30 0.6550480769230769 0.1346153846153846 0.18269230769230768 0.16346153846153846
120 0.25961538461538464 0.20192307692307693 0.20673076923076922 0.1658653846153846
187 0.09014423076923077 0.4543269230769231 0.17307692307692307 0.17067307692307693
32 0.1201923076923077 0.6694711538461539 0.15384615384615385 0.20192307692307693
189 0.2932692307692308 0.6430288461538461 0.14423076923076922 0.18509615384615385
122 0.6862980769230769 0.5865384615384616 0.1778846153846154 0.19471153846153846
120 0.4963942307692308 0.6442307692307693 0.21153846153846154 0.18028846153846154
30 0.8978365384615384 0.5925480769230769 0.17548076923076922 0.1658653846153846
187 0.16466346153846154 0.9230769230769231 0.18509615384615385 0.15384615384615385