30 0.8137019230769231 0.11899038461538461 0.16105769230769232 0.14423076923076922
120 0.6189903846153846 0.13341346153846154 0.18269230769230768 0.14903846153846154
122 0.09134615384615384 0.3449519230769231 0.16826923076923078 0.18028846153846154
122 0.09495192307692307 0.5997596153846154 0.15865384615384615 0.1875
189 0.8449519230769231 0.5769230769230769 0.11778846153846154 0.17067307692307693
32 0.49399038461538464 0.5913461538461539 0.1346153846153846 0.18509615384615385
187 0.6899038461538461 0.6201923076923077 0.1658653846153846 0.15625
120 0.32211538461538464 0.6346153846153846 0.19230769230769232 0.16826923076923078
30 0.10336538461538461 0.8762019230769231 0.16346153846153846 0.15144230769230768
32 0.3954326923076923 0.0985576923076923 0.13701923076923078 0.1778846153846154
188 0.056490384615384616 0.11057692307692307 0.11298076923076923 0.16346153846153846
189 0.21634615384615385 0.10697115384615384 0.12980769230769232 0.1658653846153846