187 0.8858173076923077 0.14783653846153846 0.18028846153846154 0.17548076923076922
30 0.5252403846153846 0.13581730769230768 0.18509615384615385 0.15144230769230768
120 0.1310096153846154 0.11538461538461539 0.1971153846153846 0.15384615384615385
122 0.12139423076923077 0.32091346153846156 0.1778846153846154 0.1875
122 0.6382211538461539 0.5925480769230769 0.1971153846153846 0.2091346153846154
189 0.06971153846153846 0.5721153846153846 0.12740384615384615 0.18269230769230768
32 0.42908653846153844 0.5949519230769231 0.14423076923076922 0.1875
187 0.2548076923076923 0.6237980769230769 0.17548076923076922 0.18269230769230768
30 0.8581730769230769 0.6586538461538461 0.18509615384615385 0.18509615384615385
120 0.10216346153846154 0.8665865384615384 0.20192307692307693 0.16826923076923078
32 0.32572115384615385 0.08774038461538461 0.15144230769230768 0.17548076923076922
189 0.6911057692307693 0.1045673076923077 0.13701923076923078 0.1778846153846154