187 0.8665865384615384 0.12860576923076922 0.17067307692307693 0.16706730769230768
30 0.5060096153846154 0.1346153846153846 0.17668269230769232 0.14302884615384615
120 0.11177884615384616 0.1346153846153846 0.18990384615384615 0.14302884615384615
122 0.11298076923076923 0.34134615384615385 0.16947115384615385 0.17908653846153846
122 0.6430288461538461 0.5853365384615384 0.18629807692307693 0.19951923076923078
189 0.07451923076923077 0.5949519230769231 0.11899038461538461 0.17668269230769232
32 0.4338942307692308 0.5985576923076923 0.13581730769230768 0.1814903846153846
187 0.2620192307692308 0.6370192307692307 0.16706730769230768 0.17307692307692307
30 0.8653846153846154 0.6394230769230769 0.17668269230769232 0.17548076923076922
120 0.12139423076923077 0.8870192307692307 0.19471153846153846 0.15865384615384615
32 0.30408653846153844 0.09254807692307693 0.14302884615384615 0.17668269230769232
189 0.6706730769230769 0.09495192307692307 0.12860576923076922 0.171875