31 0.4831730769230769 0.3389423076923077 0.13822115384615385 0.1778846153846154
38 0.10697115384615384 0.34375 0.12740384615384615 0.18990384615384615
172 0.8581730769230769 0.3449519230769231 0.17427884615384615 0.18389423076923078
188 0.6586538461538461 0.3449519230769231 0.12620192307692307 0.15625
121 0.3088942307692308 0.3473557692307692 0.1502403846153846 0.16466346153846154
195 0.09134615384615384 0.5829326923076923 0.12980769230769232 0.17548076923076922
38 0.6213942307692307 0.5829326923076923 0.11778846153846154 0.17668269230769232
188 0.2644230769230769 0.5889423076923077 0.125 0.171875
31 0.4338942307692308 0.5925480769230769 0.12620192307692307 0.17067307692307693
172 0.12139423076923077 0.8149038461538461 0.1622596153846154 0.17307692307692307
121 0.33052884615384615 0.8197115384615384 0.16826923076923078 0.17067307692307693
195 0.09495192307692307 0.109375 0.12139423076923077 0.17427884615384615