172 0.11177884615384616 0.1201923076923077 0.16346153846153846 0.18509615384615385
121 0.8088942307692307 0.3581730769230769 0.18269230769230768 0.18990384615384615
38 0.44591346153846156 0.35336538461538464 0.14182692307692307 0.18028846153846154
195 0.078125 0.3485576923076923 0.125 0.18269230769230768
188 0.6165865384615384 0.359375 0.1346153846153846 0.19230769230769232
31 0.26322115384615385 0.3605769230769231 0.13221153846153846 0.18269230769230768
38 0.08533653846153846 0.59375 0.13701923076923078 0.18509615384615385
195 0.28125 0.8293269230769231 0.1346153846153846 0.18509615384615385
188 0.46153846153846156 0.8365384615384616 0.14182692307692307 0.16346153846153846
121 0.6418269230769231 0.8425480769230769 0.17307692307692307 0.17067307692307693
172 0.10336538461538461 0.8353365384615384 0.15625 0.19471153846153846
31 0.84375 0.8509615384615384 0.1346153846153846 0.17307692307692307