195 0.08774038461538461 0.35096153846153844 0.12259615384615384 0.17668269230769232
38 0.2824519230769231 0.609375 0.12740384615384615 0.18028846153846154
31 0.1045673076923077 0.6153846153846154 0.12740384615384615 0.17908653846153846
195 0.5060096153846154 0.8473557692307693 0.12740384615384615 0.18028846153846154
172 0.11177884615384616 0.8509615384615384 0.16826923076923078 0.18509615384615385
188 0.6838942307692307 0.8533653846153846 0.13701923076923078 0.17427884615384615
121 0.3245192307692308 0.8533653846153846 0.171875 0.17307692307692307
38 0.10096153846153846 0.11298076923076923 0.14783653846153846 0.18509615384615385
172 0.6935096153846154 0.1141826923076923 0.16466346153846154 0.18509615384615385
121 0.47596153846153844 0.1141826923076923 0.17307692307692307 0.171875
188 0.2824519230769231 0.11778846153846154 0.12740384615384615 0.1622596153846154
31 0.8894230769230769 0.1201923076923077 0.140625 0.17548076923076922