38 0.09735576923076923 0.3293269230769231 0.14182692307692307 0.18990384615384615
31 0.28966346153846156 0.3449519230769231 0.17548076923076922 0.18028846153846154
121 0.5024038461538461 0.3605769230769231 0.18269230769230768 0.1971153846153846
38 0.4807692307692308 0.6057692307692307 0.15625 0.1875
188 0.2860576923076923 0.5973557692307693 0.12740384615384615 0.17548076923076922
121 0.10336538461538461 0.59375 0.19471153846153846 0.17307692307692307
172 0.49759615384615385 0.8485576923076923 0.18269230769230768 0.18509615384615385
172 0.09134615384615384 0.8293269230769231 0.17067307692307693 0.19471153846153846
31 0.29447115384615385 0.8401442307692307 0.14903846153846154 0.1778846153846154
172 0.13221153846153846 0.09254807692307693 0.16346153846153846 0.18509615384615385
50 0.47716346153846156 0.109375 0.12740384615384615 0.18269230769230768
188 0.31850961538461536 0.10216346153846154 0.13942307692307693 0.17307692307692307