31 0.10576923076923077 0.3485576923076923 0.16346153846153846 0.19230769230769232
38 0.0829326923076923 0.5925480769230769 0.15384615384615385 0.20673076923076922
188 0.25600961538461536 0.6081730769230769 0.13942307692307693 0.18028846153846154
121 0.45913461538461536 0.6237980769230769 0.18509615384615385 0.19230769230769232
172 0.8737980769230769 0.65625 0.18509615384615385 0.22596153846153846
31 0.6634615384615384 0.6442307692307693 0.16105769230769232 0.1875
195 0.052884615384615384 0.8389423076923077 0.10576923076923077 0.19230769230769232
195 0.5324519230769231 0.1141826923076923 0.15625 0.1875
38 0.8990384615384616 0.14182692307692307 0.14903846153846154 0.19471153846153846
121 0.3473557692307692 0.10336538461538461 0.19230769230769232 0.19471153846153846
188 0.7043269230769231 0.13341346153846154 0.15625 0.19230769230769232
172 0.12740384615384615 0.09735576923076923 0.1778846153846154 0.19471153846153846