195 0.2512019230769231 0.3605769230769231 0.13701923076923078 0.18509615384615385
38 0.07451923076923077 0.3762019230769231 0.1466346153846154 0.19230769230769232
188 0.42788461538461536 0.3485576923076923 0.13942307692307693 0.17067307692307693
38 0.1045673076923077 0.6274038461538461 0.15144230769230768 0.20673076923076922
195 0.49158653846153844 0.8341346153846154 0.13942307692307693 0.1971153846153846
188 0.3233173076923077 0.8509615384615384 0.13942307692307693 0.18990384615384615
172 0.14182692307692307 0.8677884615384616 0.1778846153846154 0.19230769230769232
31 0.8870192307692307 0.8076923076923077 0.15144230769230768 0.19471153846153846
121 0.6983173076923077 0.8305288461538461 0.17307692307692307 0.1971153846153846
172 0.4795673076923077 0.0985576923076923 0.18028846153846154 0.1971153846153846
121 0.08413461538461539 0.14423076923076922 0.16826923076923078 0.1875
31 0.27884615384615385 0.13341346153846154 0.15865384615384615 0.19471153846153846