195 0.2644230769230769 0.3389423076923077 0.12259615384615384 0.17427884615384615
38 0.08653846153846154 0.3401442307692308 0.13221153846153846 0.18028846153846154
188 0.4411057692307692 0.3425480769230769 0.125 0.16105769230769232
38 0.09495192307692307 0.5925480769230769 0.13581730769230768 0.19591346153846154
195 0.46274038461538464 0.8317307692307693 0.12379807692307693 0.1875
188 0.2932692307692308 0.8341346153846154 0.125 0.17908653846153846
172 0.11057692307692307 0.8353365384615384 0.1622596153846154 0.1778846153846154
31 0.8581730769230769 0.8401442307692307 0.13581730769230768 0.18269230769230768
121 0.6682692307692307 0.8461538461538461 0.15745192307692307 0.18509615384615385
172 0.5144230769230769 0.0985576923076923 0.16466346153846154 0.18269230769230768
121 0.11057692307692307 0.11057692307692307 0.16826923076923078 0.17307692307692307
31 0.3112980769230769 0.11538461538461539 0.14302884615384615 0.18269230769230768