124 0.9146634615384616 0.21394230769230768 0.17067307692307693 0.16826923076923078
34 0.3317307692307692 0.13341346153846154 0.16346153846153846 0.1658653846153846
191 0.6923076923076923 0.18509615384615385 0.17067307692307693 0.17548076923076922
33 0.12259615384615384 0.2776442307692308 0.15865384615384615 0.1875
190 0.671875 0.5865384615384616 0.13942307692307693 0.18990384615384615
123 0.875 0.6225961538461539 0.1875 0.1971153846153846
33 0.30528846153846156 0.5432692307692307 0.15144230769230768 0.19230769230769232
124 0.09014423076923077 0.5516826923076923 0.18028846153846154 0.17548076923076922
191 0.45552884615384615 0.6069711538461539 0.16826923076923078 0.17067307692307693
34 0.056490384615384616 0.7668269230769231 0.11298076923076923 0.17307692307692307
190 0.5456730769230769 0.11778846153846154 0.13701923076923078 0.17307692307692307
123 0.1622596153846154 0.07572115384615384 0.17548076923076922 0.15144230769230768