124 0.8786057692307693 0.15865384615384615 0.1658653846153846 0.14543269230769232
34 0.2824519230769231 0.15985576923076922 0.14423076923076922 0.14783653846153846
191 0.6466346153846154 0.16105769230769232 0.14903846153846154 0.15745192307692307
33 0.09495192307692307 0.3329326923076923 0.13701923076923078 0.16947115384615385
190 0.6826923076923077 0.5612980769230769 0.11658653846153846 0.17427884615384615
123 0.8882211538461539 0.5697115384615384 0.16466346153846154 0.17548076923076922
33 0.3137019230769231 0.5697115384615384 0.12740384615384615 0.17668269230769232
124 0.10096153846153846 0.6081730769230769 0.16346153846153846 0.15504807692307693
191 0.47115384615384615 0.6117788461538461 0.14903846153846154 0.15144230769230768
34 0.07572115384615384 0.8305288461538461 0.140625 0.15504807692307693
190 0.49158653846153844 0.11538461538461539 0.11538461538461539 0.15865384615384615
123 0.1045673076923077 0.11538461538461539 0.15625 0.15745192307692307