191 0.2920673076923077 0.12860576923076922 0.15144230769230768 0.15745192307692307
34 0.8677884615384616 0.1310096153846154 0.1622596153846154 0.14543269230769232
124 0.09134615384615384 0.13221153846153846 0.15985576923076922 0.15384615384615385
123 0.1045673076923077 0.3088942307692308 0.15384615384615385 0.17427884615384615
33 0.08533653846153846 0.5504807692307693 0.12860576923076922 0.17427884615384615
123 0.7139423076923077 0.5516826923076923 0.171875 0.17548076923076922
119 0.9098557692307693 0.5757211538461539 0.15985576923076922 0.1201923076923077
34 0.25721153846153844 0.5961538461538461 0.15144230769230768 0.15264423076923078
191 0.46153846153846156 0.5985576923076923 0.15144230769230768 0.15384615384615385
190 0.12259615384615384 0.7788461538461539 0.13942307692307693 0.15985576923076922
190 0.5060096153846154 0.08413461538461539 0.12379807692307693 0.15625
33 0.6983173076923077 0.09254807692307693 0.12740384615384615 0.17427884615384615