45 0.7103365384615384 0.12139423076923077 0.11658653846153846 0.17427884615384615
223 0.29927884615384615 0.12379807692307693 0.1141826923076923 0.16706730769230768
138 0.9134615384615384 0.15865384615384615 0.16466346153846154 0.13221153846153846
143 0.49278846153846156 0.1658653846153846 0.16105769230769232 0.14903846153846154
224 0.08774038461538461 0.17067307692307693 0.14302884615384615 0.15865384615384615
46 0.12379807692307693 0.39302884615384615 0.13822115384615385 0.13942307692307693
142 0.3605769230769231 0.5841346153846154 0.16105769230769232 0.17668269230769232
143 0.12379807692307693 0.6225961538461539 0.1658653846153846 0.1466346153846154
46 0.5360576923076923 0.6274038461538461 0.13341346153846154 0.1466346153846154
224 0.734375 0.6298076923076923 0.1658653846153846 0.13341346153846154
45 0.10096153846153846 0.8040865384615384 0.13581730769230768 0.16346153846153846
223 0.30649038461538464 0.8052884615384616 0.1310096153846154 0.1778846153846154