191 0.2824519230769231 0.12740384615384615 0.17307692307692307 0.18269230769230768
124 0.9230769230769231 0.19831730769230768 0.15384615384615385 0.16105769230769232
34 0.11057692307692307 0.34375 0.17548076923076922 0.16826923076923078
190 0.8966346153846154 0.6165865384615384 0.1466346153846154 0.18990384615384615
33 0.7259615384615384 0.6057692307692307 0.15144230769230768 0.20432692307692307
123 0.5228365384615384 0.5877403846153846 0.1778846153846154 0.18990384615384615
191 0.07091346153846154 0.5733173076923077 0.14182692307692307 0.1658653846153846
34 0.2800480769230769 0.6033653846153846 0.16826923076923078 0.19471153846153846
124 0.09014423076923077 0.8064903846153846 0.18028846153846154 0.16826923076923078
190 0.12740384615384615 0.078125 0.13942307692307693 0.15625
33 0.5360576923076923 0.11298076923076923 0.15625 0.18269230769230768
123 0.7259615384615384 0.13701923076923078 0.17548076923076922 0.1971153846153846