191 0.24519230769230768 0.15264423076923078 0.15745192307692307 0.16706730769230768
124 0.8990384615384616 0.15504807692307693 0.15625 0.1466346153846154
34 0.09615384615384616 0.3858173076923077 0.15985576923076922 0.15264423076923078
190 0.90625 0.5745192307692307 0.12860576923076922 0.17668269230769232
33 0.7355769230769231 0.5817307692307693 0.13221153846153846 0.19110576923076922
123 0.5324519230769231 0.5853365384615384 0.15985576923076922 0.17427884615384615
191 0.07572115384615384 0.6177884615384616 0.13822115384615385 0.15264423076923078
34 0.2920673076923077 0.6262019230769231 0.15144230769230768 0.17908653846153846
124 0.12379807692307693 0.8473557692307693 0.1658653846153846 0.15264423076923078
190 0.08413461538461539 0.10817307692307693 0.12379807692307693 0.1658653846153846
33 0.4951923076923077 0.11177884615384616 0.13942307692307693 0.16826923076923078
123 0.6862980769230769 0.11538461538461539 0.15625 0.1814903846153846