124 0.30649038461538464 0.12620192307692307 0.15865384615384615 0.14543269230769232
190 0.1466346153846154 0.3076923076923077 0.13942307692307693 0.15625
33 0.6935096153846154 0.5396634615384616 0.14302884615384615 0.18629807692307693
190 0.2932692307692308 0.5420673076923077 0.11658653846153846 0.18269230769230768
123 0.11177884615384616 0.5444711538461539 0.171875 0.1778846153846154
124 0.890625 0.5841346153846154 0.15264423076923078 0.15264423076923078
34 0.4699519230769231 0.5853365384615384 0.15745192307692307 0.1814903846153846
191 0.07692307692307693 0.8100961538461539 0.1466346153846154 0.13942307692307693
123 0.5432692307692307 0.08653846153846154 0.15384615384615385 0.16826923076923078
33 0.7439903846153846 0.09014423076923077 0.12980769230769232 0.1658653846153846
29 0.9254807692307693 0.1201923076923077 0.125 0.12379807692307693
191 0.07572115384615384 0.12259615384615384 0.13942307692307693 0.1658653846153846