191 0.2548076923076923 0.14182692307692307 0.1346153846153846 0.16346153846153846
124 0.890625 0.17067307692307693 0.16346153846153846 0.17307692307692307
34 0.4735576923076923 0.15865384615384615 0.15384615384615385 0.13701923076923078
123 0.12740384615384615 0.32091346153846156 0.1658653846153846 0.1778846153846154
190 0.48677884615384615 0.5649038461538461 0.14182692307692307 0.17067307692307693
123 0.8858173076923077 0.5793269230769231 0.16826923076923078 0.19230769230769232
33 0.6790865384615384 0.5757211538461539 0.13701923076923078 0.16826923076923078
34 0.0829326923076923 0.5925480769230769 0.1466346153846154 0.16346153846153846
191 0.28846153846153844 0.6009615384615384 0.15384615384615385 0.1658653846153846
124 0.109375 0.8245192307692307 0.16826923076923078 0.17067307692307693
190 0.09975961538461539 0.09375 0.125 0.1658653846153846
33 0.6995192307692307 0.11538461538461539 0.14423076923076922 0.17548076923076922