191 0.08052884615384616 0.15625 0.1310096153846154 0.14302884615384615
124 0.8653846153846154 0.15745192307692307 0.17427884615384615 0.15745192307692307
34 0.6382211538461539 0.1622596153846154 0.13822115384615385 0.16105769230769232
123 0.11538461538461539 0.34134615384615385 0.14783653846153846 0.16826923076923078
190 0.08653846153846154 0.5625 0.12259615384615384 0.16105769230769232
123 0.9110576923076923 0.5673076923076923 0.15504807692307693 0.1814903846153846
191 0.2403846153846154 0.6081730769230769 0.1466346153846154 0.14783653846153846
124 0.47475961538461536 0.609375 0.18269230769230768 0.13701923076923078
34 0.6802884615384616 0.6201923076923077 0.15264423076923078 0.15384615384615385
33 0.10096153846153846 0.7824519230769231 0.12379807692307693 0.171875
33 0.46634615384615385 0.11658653846153846 0.14423076923076922 0.1622596153846154
190 0.2764423076923077 0.11899038461538461 0.1466346153846154 0.16346153846153846