35 0.09615384615384616 0.375 0.19230769230769232 0.20192307692307693
192 0.11177884615384616 0.578125 0.18990384615384615 0.18269230769230768
35 0.6923076923076923 0.5024038461538461 0.1971153846153846 0.19230769230769232
192 0.3004807692307692 0.5588942307692307 0.17067307692307693 0.19471153846153846
35 0.890625 0.48197115384615385 0.19471153846153846 0.19471153846153846
125 0.49038461538461536 0.5396634615384616 0.21875 0.18509615384615385
125 0.16346153846153846 0.7752403846153846 0.22355769230769232 0.22115384615384615
125 0.45072115384615385 0.11298076923076923 0.21153846153846154 0.1875
192 0.6370192307692307 0.09254807692307693 0.1778846153846154 0.18509615384615385
192 0.07451923076923077 0.16706730769230768 0.14903846153846154 0.18028846153846154
125 0.8341346153846154 0.08173076923076923 0.21634615384615385 0.16346153846153846
35 0.24639423076923078 0.15384615384615385 0.1971153846153846 0.20432692307692307