35 0.11658653846153846 0.31971153846153844 0.17427884615384615 0.17908653846153846
192 0.1045673076923077 0.5228365384615384 0.16826923076923078 0.16105769230769232
35 0.6899038461538461 0.5288461538461539 0.17427884615384615 0.16947115384615385
192 0.29447115384615385 0.5300480769230769 0.14783653846153846 0.17668269230769232
35 0.8894230769230769 0.5360576923076923 0.171875 0.17307692307692307
125 0.484375 0.5384615384615384 0.19951923076923078 0.15865384615384615
125 0.12860576923076922 0.7259615384615384 0.1971153846153846 0.19591346153846154
125 0.5048076923076923 0.109375 0.19110576923076922 0.16346153846153846
192 0.6935096153846154 0.109375 0.15504807692307693 0.17668269230769232
192 0.1045673076923077 0.109375 0.16947115384615385 0.15865384615384615
125 0.8930288461538461 0.11177884615384616 0.1935096153846154 0.18269230769230768
35 0.296875 0.12139423076923077 0.17307692307692307 0.18269230769230768