192 0.08774038461538461 0.3629807692307692 0.17548076923076922 0.1875
192 0.7211538461538461 0.4831730769230769 0.17548076923076922 0.19471153846153846
125 0.5324519230769231 0.5180288461538461 0.20673076923076922 0.18269230769230768
35 0.33653846153846156 0.5504807692307693 0.1875 0.17548076923076922
35 0.9014423076923077 0.45913461538461536 0.1971153846153846 0.18269230769230768
125 0.13822115384615385 0.5853365384615384 0.20432692307692307 0.1778846153846154
192 0.1502403846153846 0.7800480769230769 0.18269230769230768 0.17067307692307693
192 0.0733173076923077 0.16706730769230768 0.1466346153846154 0.19471153846153846
35 0.4423076923076923 0.11057692307692307 0.1971153846153846 0.22115384615384615
125 0.6394230769230769 0.08533653846153846 0.21153846153846154 0.17067307692307693
125 0.24639423076923078 0.14543269230769232 0.20432692307692307 0.1971153846153846
35 0.8377403846153846 0.07211538461538461 0.18990384615384615 0.14423076923076922