192 0.1045673076923077 0.29927884615384615 0.15865384615384615 0.17548076923076922
35 0.6754807692307693 0.5036057692307693 0.16466346153846154 0.16826923076923078
192 0.3161057692307692 0.5096153846153846 0.15625 0.16826923076923078
125 0.8786057692307693 0.5096153846153846 0.20552884615384615 0.16105769230769232
125 0.12860576923076922 0.515625 0.17908653846153846 0.171875
192 0.49278846153846156 0.5180288461538461 0.1622596153846154 0.15504807692307693
35 0.11899038461538461 0.7283653846153846 0.17908653846153846 0.1778846153846154
125 0.33774038461538464 0.09615384615384616 0.18269230769230768 0.17067307692307693
192 0.8990384615384616 0.09615384615384616 0.16346153846153846 0.15865384615384615
125 0.12259615384615384 0.10096153846153846 0.1875 0.14302884615384615
35 0.7283653846153846 0.10336538461538461 0.15865384615384615 0.17067307692307693
35 0.5336538461538461 0.1045673076923077 0.18028846153846154 0.16826923076923078