125 0.12860576923076922 0.31971153846153844 0.18870192307692307 0.15504807692307693
192 0.4423076923076923 0.5432692307692307 0.171875 0.16826923076923078
125 0.8317307692307693 0.5480769230769231 0.19471153846153846 0.17427884615384615
35 0.2536057692307692 0.5528846153846154 0.17427884615384615 0.16706730769230768
192 0.6274038461538461 0.5540865384615384 0.16466346153846154 0.17668269230769232
29 0.08774038461538461 0.5817307692307693 0.12259615384615384 0.109375
125 0.12740384615384615 0.7632211538461539 0.19831730769230768 0.18629807692307693
192 0.7043269230769231 0.11057692307692307 0.16826923076923078 0.17427884615384615
125 0.12860576923076922 0.1141826923076923 0.19591346153846154 0.17908653846153846
35 0.33052884615384615 0.1141826923076923 0.16466346153846154 0.1778846153846154
192 0.515625 0.11778846153846154 0.18269230769230768 0.17307692307692307
35 0.9026442307692307 0.11899038461538461 0.16706730769230768 0.17548076923076922