26 0.06971153846153846 0.13701923076923078 0.12980769230769232 0.16346153846153846
116 0.6935096153846154 0.11899038461538461 0.14182692307692307 0.15865384615384615
26 0.375 0.12980769230769232 0.11538461538461539 0.14903846153846154
15 0.5384615384615384 0.12740384615384615 0.11538461538461539 0.1778846153846154
15 0.22355769230769232 0.14783653846153846 0.10576923076923077 0.16105769230769232
97 0.8149038461538461 0.3762019230769231 0.14903846153846154 0.14182692307692307
7 0.22596153846153846 0.40384615384615385 0.11778846153846154 0.12980769230769232
18 0.07932692307692307 0.40865384615384615 0.12259615384615384 0.15625
97 0.5228365384615384 0.3942307692307692 0.14903846153846154 0.1201923076923077
18 0.6634615384615384 0.3894230769230769 0.11778846153846154 0.13701923076923078
7 0.3762019230769231 0.40384615384615385 0.1201923076923077 0.13221153846153846
97 0.3918269230769231 0.6478365384615384 0.14903846153846154 0.12740384615384615
7 0.6778846153846154 0.6394230769230769 0.12259615384615384 0.125
18 0.08774038461538461 0.6610576923076923 0.12740384615384615 0.12740384615384615
97 0.23317307692307693 0.6574519230769231 0.13701923076923078 0.125
7 0.5384615384615384 0.6466346153846154 0.1201923076923077 0.1201923076923077
18 0.8317307692307693 0.6466346153846154 0.12259615384615384 0.12259615384615384
116 0.24879807692307693 0.8701923076923077 0.1466346153846154 0.16105769230769232
15 0.734375 0.8533653846153846 0.12259615384615384 0.16826923076923078
116 0.5697115384615384 0.8629807692307693 0.14182692307692307 0.17307692307692307
15 0.40625 0.8701923076923077 0.125 0.17067307692307693
26 0.890625 0.8545673076923077 0.11538461538461539 0.1658653846153846
26 0.10096153846153846 0.8882211538461539 0.12259615384615384 0.15865384615384615
116 0.8569711538461539 0.10576923076923077 0.14903846153846154 0.16105769230769232