97 0.25 0.3641826923076923 0.15144230769230768 0.14423076923076922
7 0.4014423076923077 0.3605769230769231 0.12740384615384615 0.12980769230769232
97 0.09254807692307693 0.38822115384615385 0.14903846153846154 0.14903846153846154
7 0.7019230769230769 0.33653846153846156 0.125 0.13221153846153846
18 0.8557692307692307 0.328125 0.12980769230769232 0.13221153846153846
18 0.5528846153846154 0.3557692307692308 0.12980769230769232 0.1346153846153846
97 0.11538461538461539 0.6430288461538461 0.15144230769230768 0.13942307692307693
97 0.7199519230769231 0.5925480769230769 0.15384615384615385 0.15384615384615385
18 0.8798076923076923 0.5853365384615384 0.14423076923076922 0.15144230769230768
7 0.41346153846153844 0.6262019230769231 0.12980769230769232 0.13942307692307693
7 0.2668269230769231 0.6394230769230769 0.12740384615384615 0.1466346153846154
18 0.5685096153846154 0.6189903846153846 0.1346153846153846 0.15384615384615385
26 0.12379807692307693 0.875 0.15625 0.18990384615384615
116 0.4543269230769231 0.8461538461538461 0.15144230769230768 0.1778846153846154
15 0.28966346153846156 0.8641826923076923 0.13221153846153846 0.18028846153846154
15 0.6129807692307693 0.8413461538461539 0.13701923076923078 0.17548076923076922
26 0.9314903846153846 0.8149038461538461 0.13701923076923078 0.18269230769230768
97 0.0673076923076923 0.125 0.1346153846153846 0.14423076923076922
18 0.84375 0.06490384615384616 0.13942307692307693 0.12980769230769232
18 0.5264423076923077 0.09254807692307693 0.13701923076923078 0.13942307692307693
7 0.21514423076923078 0.1201923076923077 0.14182692307692307 0.15384615384615385
97 0.3737980769230769 0.10817307692307693 0.16105769230769232 0.14423076923076922
7 0.6754807692307693 0.08173076923076923 0.12740384615384615 0.13942307692307693