97 0.26322115384615385 0.3425480769230769 0.140625 0.13221153846153846
7 0.41346153846153844 0.35216346153846156 0.11658653846153846 0.1201923076923077
97 0.10336538461538461 0.35336538461538464 0.13822115384615385 0.13701923076923078
7 0.7151442307692307 0.3545673076923077 0.11538461538461539 0.12259615384615384
18 0.8689903846153846 0.359375 0.1201923076923077 0.12259615384615384
18 0.5649038461538461 0.3605769230769231 0.1201923076923077 0.12379807692307693
97 0.1045673076923077 0.609375 0.140625 0.12860576923076922
97 0.7115384615384616 0.6117788461538461 0.14182692307692307 0.14302884615384615
18 0.8713942307692307 0.6177884615384616 0.13221153846153846 0.140625
7 0.4026442307692308 0.6177884615384616 0.1201923076923077 0.12860576923076922
7 0.25600961538461536 0.6189903846153846 0.11538461538461539 0.13701923076923078
18 0.5576923076923077 0.625 0.12259615384615384 0.14302884615384615
26 0.09254807692307693 0.8413461538461539 0.14182692307692307 0.1778846153846154
116 0.42427884615384615 0.8413461538461539 0.13822115384615385 0.1658653846153846
15 0.25841346153846156 0.8449519230769231 0.11778846153846154 0.17067307692307693
15 0.5829326923076923 0.8497596153846154 0.12259615384615384 0.16466346153846154
26 0.90625 0.8521634615384616 0.12620192307692307 0.17307692307692307
97 0.09615384615384616 0.08774038461538461 0.13701923076923078 0.13221153846153846
18 0.8822115384615384 0.09134615384615384 0.12740384615384615 0.13221153846153846
18 0.5612980769230769 0.09615384615384616 0.12620192307692307 0.12860576923076922
7 0.24879807692307693 0.09735576923076923 0.12980769230769232 0.14423076923076922
97 0.40865384615384615 0.0985576923076923 0.14903846153846154 0.13221153846153846
7 0.7115384615384616 0.0985576923076923 0.11778846153846154 0.12860576923076922