28 0.20192307692307693 0.18509615384615385 0.14903846153846154 0.19230769230769232
17 0.054086538461538464 0.21875 0.10817307692307693 0.20192307692307693
115 0.23677884615384615 0.38341346153846156 0.1778846153846154 0.18269230769230768
25 0.06971153846153846 0.4182692307692308 0.13942307692307693 0.18269230769230768
118 0.42427884615384615 0.39783653846153844 0.18509615384615385 0.20673076923076922
115 0.45072115384615385 0.6069711538461539 0.15865384615384615 0.18509615384615385
14 0.27163461538461536 0.6478365384615384 0.15865384615384615 0.18990384615384615
17 0.10576923076923077 0.7103365384615384 0.1658653846153846 0.19951923076923078
25 0.3245192307692308 0.8822115384615384 0.15144230769230768 0.1778846153846154
118 0.15625 0.9266826923076923 0.17307692307692307 0.1466346153846154
28 0.5072115384615384 0.8978365384615384 0.15144230769230768 0.1778846153846154
14 0.36778846153846156 0.12379807692307693 0.15144230769230768 0.1778846153846154