28 0.5865384615384616 0.13822115384615385 0.12980769230769232 0.15504807692307693
17 0.7512019230769231 0.13822115384615385 0.12379807692307693 0.17067307692307693
14 0.08052884615384616 0.5721153846153846 0.12379807692307693 0.17548076923076922
25 0.24879807692307693 0.5757211538461539 0.11899038461538461 0.1622596153846154
17 0.4110576923076923 0.6129807692307693 0.1310096153846154 0.16105769230769232
28 0.578125 0.6153846153846154 0.1346153846153846 0.16466346153846154
115 0.2620192307692308 0.8016826923076923 0.14423076923076922 0.15865384615384615
118 0.08533653846153846 0.84375 0.14423076923076922 0.16466346153846154
115 0.25 0.0889423076923077 0.15144230769230768 0.15504807692307693
14 0.08052884615384616 0.09375 0.11658653846153846 0.15264423076923078
25 0.42427884615384615 0.09615384615384616 0.11298076923076923 0.15865384615384615
97 0.9290865384615384 0.10336538461538461 0.12139423076923077 0.12980769230769232