28 0.5985576923076923 0.14182692307692307 0.1346153846153846 0.15865384615384615
17 0.7632211538461539 0.1466346153846154 0.12980769230769232 0.17548076923076922
14 0.078125 0.5576923076923077 0.12980769230769232 0.18028846153846154
25 0.24639423076923078 0.5673076923076923 0.125 0.1658653846153846
17 0.4074519230769231 0.609375 0.13701923076923078 0.1658653846153846
28 0.5745192307692307 0.6177884615384616 0.13942307692307693 0.16826923076923078
115 0.2512019230769231 0.7932692307692307 0.14903846153846154 0.16346153846153846
118 0.0733173076923077 0.828125 0.1466346153846154 0.17067307692307693
115 0.2644230769230769 0.08052884615384616 0.15625 0.16105769230769232
14 0.09495192307692307 0.07932692307692307 0.12259615384615384 0.15625
25 0.4387019230769231 0.09375 0.11778846153846154 0.16346153846153846
97 0.9399038461538461 0.11778846153846154 0.1201923076923077 0.1346153846153846