28 0.09014423076923077 0.12980769230769232 0.12620192307692307 0.16947115384615385
115 0.09375 0.3317307692307692 0.14423076923076922 0.15745192307692307
25 0.4639423076923077 0.33533653846153844 0.12980769230769232 0.18870192307692307
14 0.6442307692307693 0.33653846153846156 0.11177884615384616 0.18509615384615385
118 0.28125 0.37259615384615385 0.14903846153846154 0.18028846153846154
17 0.8161057692307693 0.37740384615384615 0.13581730769230768 0.1814903846153846
14 0.09134615384615384 0.5997596153846154 0.1141826923076923 0.1778846153846154
17 0.265625 0.6442307692307693 0.125 0.17427884615384615
115 0.0889423076923077 0.8449519230769231 0.15384615384615385 0.16466346153846154
25 0.27884615384615385 0.8473557692307693 0.12139423076923077 0.16947115384615385
118 0.6370192307692307 0.8870192307692307 0.15985576923076922 0.18389423076923078
28 0.44471153846153844 0.890625 0.14182692307692307 0.16826923076923078