118 0.11057692307692307 0.32572115384615385 0.16826923076923078 0.2091346153846154
28 0.2764423076923077 0.36177884615384615 0.16346153846153846 0.18509615384615385
17 0.44471153846153844 0.38822115384615385 0.14903846153846154 0.17307692307692307
14 0.24759615384615385 0.5721153846153846 0.1466346153846154 0.19230769230769232
25 0.07932692307692307 0.5504807692307693 0.12740384615384615 0.19230769230769232
118 0.41346153846153844 0.640625 0.17548076923076922 0.20192307692307693
17 0.5841346153846154 0.6670673076923077 0.1466346153846154 0.18990384615384615
25 0.22235576923076922 0.8137019230769231 0.14423076923076922 0.1778846153846154
118 0.06129807692307692 0.8209134615384616 0.12259615384615384 0.19471153846153846
115 0.3317307692307692 0.08653846153846154 0.16826923076923078 0.17307692307692307
25 0.49399038461538464 0.11177884615384616 0.13942307692307693 0.17548076923076922
14 0.14423076923076922 0.07932692307692307 0.14903846153846154 0.15865384615384615