118 0.3076923076923077 0.12860576923076922 0.1778846153846154 0.19230769230769232
28 0.49759615384615385 0.14182692307692307 0.14182692307692307 0.1971153846153846
115 0.11899038461538461 0.31490384615384615 0.14903846153846154 0.1778846153846154
25 0.2920673076923077 0.34375 0.15144230769230768 0.18509615384615385
17 0.4675480769230769 0.38341346153846156 0.14182692307692307 0.19471153846153846
14 0.27163461538461536 0.5985576923076923 0.14182692307692307 0.18990384615384615
115 0.4567307692307692 0.6153846153846154 0.16346153846153846 0.18269230769230768
17 0.08653846153846154 0.6286057692307693 0.15625 0.18990384615384615
25 0.26322115384615385 0.8389423076923077 0.1466346153846154 0.19230769230769232
118 0.07932692307692307 0.8713942307692307 0.15865384615384615 0.19951923076923078
28 0.4338942307692308 0.9050480769230769 0.15144230769230768 0.1778846153846154
25 0.12740384615384615 0.07932692307692307 0.1346153846153846 0.15865384615384615