117 0.7127403846153846 0.18509615384615385 0.1346153846153846 0.1658653846153846
27 0.23076923076923078 0.18509615384615385 0.11538461538461539 0.16947115384615385
16 0.5552884615384616 0.18990384615384615 0.11177884615384616 0.17548076923076922
98 0.9038461538461539 0.21995192307692307 0.15745192307692307 0.1466346153846154
19 0.4014423076923077 0.2247596153846154 0.15504807692307693 0.14423076923076922
8 0.09014423076923077 0.22716346153846154 0.13701923076923078 0.15745192307692307
117 0.3894230769230769 0.42427884615384615 0.14423076923076922 0.16826923076923078
27 0.5552884615384616 0.42908653846153844 0.13701923076923078 0.18389423076923078
16 0.23076923076923078 0.43028846153846156 0.11899038461538461 0.17427884615384615
19 0.7415865384615384 0.4651442307692308 0.1502403846153846 0.140625
8 0.08413461538461539 0.46634615384615385 0.13701923076923078 0.14903846153846154
98 0.9038461538461539 0.4699519230769231 0.14783653846153846 0.1346153846153846
117 0.5564903846153846 0.6634615384615384 0.13822115384615385 0.20552884615384615
27 0.0673076923076923 0.6742788461538461 0.125 0.17067307692307693
16 0.3894230769230769 0.6754807692307693 0.10576923076923077 0.1814903846153846
8 0.2439903846153846 0.7043269230769231 0.14543269230769232 0.14182692307692307
98 0.7415865384615384 0.7043269230769231 0.15985576923076922 0.1875
19 0.9074519230769231 0.7151442307692307 0.1466346153846154 0.1502403846153846