98 0.2692307692307692 0.12620192307692307 0.17548076923076922 0.1658653846153846
19 0.6069711538461539 0.15384615384615385 0.14903846153846154 0.13221153846153846
8 0.7608173076923077 0.16466346153846154 0.14182692307692307 0.14182692307692307
27 0.4098557692307692 0.33533653846153844 0.13942307692307693 0.18509615384615385
117 0.2548076923076923 0.32572115384615385 0.1346153846153846 0.18028846153846154
16 0.7235576923076923 0.3605769230769231 0.12259615384615384 0.18028846153846154
8 0.5841346153846154 0.3798076923076923 0.15384615384615385 0.1466346153846154
98 0.8954326923076923 0.4050480769230769 0.15865384615384615 0.16826923076923078
19 0.10576923076923077 0.3557692307692308 0.14423076923076922 0.16346153846153846
117 0.7043269230769231 0.5877403846153846 0.1466346153846154 0.18269230769230768
27 0.546875 0.5793269230769231 0.13942307692307693 0.18990384615384615
16 0.23076923076923078 0.5588942307692307 0.11538461538461539 0.17548076923076922
98 0.8798076923076923 0.6346153846153846 0.17067307692307693 0.15625
19 0.08173076923076923 0.5841346153846154 0.15144230769230768 0.12980769230769232
8 0.39783653846153844 0.6069711538461539 0.16346153846153846 0.1466346153846154
117 0.6887019230769231 0.8245192307692307 0.15865384615384615 0.18028846153846154
16 0.5288461538461539 0.8149038461538461 0.11778846153846154 0.19230769230769232
27 0.21634615384615385 0.7944711538461539 0.125 0.19471153846153846
8 0.3786057692307692 0.8377403846153846 0.15865384615384615 0.13942307692307693
98 0.8653846153846154 0.8737980769230769 0.17307692307692307 0.16105769230769232
19 0.06971153846153846 0.8353365384615384 0.13942307692307693 0.15144230769230768
117 0.4387019230769231 0.09735576923076923 0.13221153846153846 0.17548076923076922
16 0.9038461538461539 0.1346153846153846 0.125 0.1658653846153846
27 0.10216346153846154 0.0829326923076923 0.13701923076923078 0.1658653846153846