10 0.7463942307692307 0.359375 0.109375 0.17908653846153846
99 0.9110576923076923 0.36177884615384615 0.14182692307692307 0.16466346153846154
21 0.5817307692307693 0.3629807692307692 0.11778846153846154 0.18028846153846154
100 0.08052884615384616 0.3629807692307692 0.12860576923076922 0.18028846153846154
9 0.41947115384615385 0.3701923076923077 0.12139423076923077 0.171875
20 0.25 0.3713942307692308 0.11177884615384616 0.171875
99 0.08052884615384616 0.6105769230769231 0.125 0.16826923076923078
10 0.4254807692307692 0.6129807692307693 0.11177884615384616 0.17908653846153846
9 0.59375 0.6129807692307693 0.11538461538461539 0.18509615384615385
21 0.7608173076923077 0.6129807692307693 0.11538461538461539 0.18629807692307693
100 0.25 0.6153846153846154 0.1466346153846154 0.17307692307692307
20 0.9146634615384616 0.6177884615384616 0.11538461538461539 0.1778846153846154
100 0.5901442307692307 0.8569711538461539 0.13341346153846154 0.16947115384615385
20 0.07692307692307693 0.859375 0.11298076923076923 0.18509615384615385
9 0.24158653846153846 0.8617788461538461 0.11538461538461539 0.17548076923076922
99 0.41225961538461536 0.8617788461538461 0.13822115384615385 0.17548076923076922
21 0.7560096153846154 0.8641826923076923 0.11658653846153846 0.16947115384615385
10 0.9110576923076923 0.8665865384615384 0.12980769230769232 0.171875
100 0.08052884615384616 0.1141826923076923 0.13701923076923078 0.1658653846153846
99 0.5769230769230769 0.11658653846153846 0.15625 0.1622596153846154
21 0.7572115384615384 0.11778846153846154 0.12740384615384615 0.16947115384615385
20 0.9134615384615384 0.11899038461538461 0.1201923076923077 0.17307692307692307
10 0.24519230769230768 0.12379807692307693 0.11658653846153846 0.17668269230769232
9 0.41947115384615385 0.12379807692307693 0.11778846153846154 0.18389423076923078