9 0.39663461538461536 0.359375 0.125 0.18509615384615385
21 0.0625 0.4050480769230769 0.125 0.18509615384615385
100 0.22716346153846154 0.3858173076923077 0.15865384615384615 0.17548076923076922
20 0.5552884615384616 0.3389423076923077 0.14182692307692307 0.19230769230769232
10 0.8846153846153846 0.29447115384615385 0.15625 0.20192307692307693
99 0.7211538461538461 0.3233173076923077 0.16346153846153846 0.18990384615384615
21 0.2620192307692308 0.6237980769230769 0.14182692307692307 0.18990384615384615
20 0.09735576923076923 0.6490384615384616 0.14423076923076922 0.19951923076923078
10 0.41346153846153844 0.609375 0.15384615384615385 0.20192307692307693
100 0.7524038461538461 0.5612980769230769 0.15384615384615385 0.18990384615384615
99 0.9170673076923077 0.5396634615384616 0.16346153846153846 0.19471153846153846
9 0.5889423076923077 0.5865384615384616 0.15384615384615385 0.1971153846153846
99 0.7920673076923077 0.7932692307692307 0.16346153846153846 0.19471153846153846
10 0.2848557692307692 0.8713942307692307 0.14903846153846154 0.18990384615384615
100 0.6225961538461539 0.8233173076923077 0.15144230769230768 0.18509615384615385
21 0.125 0.8978365384615384 0.15144230769230768 0.18990384615384615
9 0.4579326923076923 0.8545673076923077 0.13942307692307693 0.18509615384615385
20 0.9423076923076923 0.7860576923076923 0.11538461538461539 0.20192307692307693
99 0.8485576923076923 0.06610576923076923 0.14903846153846154 0.13221153846153846
100 0.19591346153846154 0.13942307692307693 0.16346153846153846 0.18028846153846154
20 0.05048076923076923 0.16105769230769232 0.10096153846153846 0.17307692307692307
10 0.3581730769230769 0.11899038461538461 0.14423076923076922 0.1875
21 0.5264423076923077 0.09615384615384616 0.12740384615384615 0.18028846153846154
9 0.6875 0.07932692307692307 0.14423076923076922 0.15865384615384615