223 0.7487980769230769 0.11658653846153846 0.1141826923076923 0.16346153846153846
45 0.546875 0.12139423076923077 0.13942307692307693 0.1814903846153846
46 0.1045673076923077 0.15144230769230768 0.13341346153846154 0.1622596153846154
143 0.34615384615384615 0.15745192307692307 0.16346153846153846 0.1502403846153846
142 0.13942307692307693 0.33653846153846156 0.15625 0.16947115384615385
224 0.3076923076923077 0.38221153846153844 0.14182692307692307 0.15384615384615385
45 0.11538461538461539 0.5697115384615384 0.11658653846153846 0.17307692307692307
223 0.5144230769230769 0.5697115384615384 0.11057692307692307 0.18269230769230768
142 0.3245192307692308 0.5841346153846154 0.15144230769230768 0.17067307692307693
41 0.9110576923076923 0.6033653846153846 0.1201923076923077 0.1201923076923077
143 0.7055288461538461 0.6189903846153846 0.15745192307692307 0.15384615384615385
224 0.14903846153846154 0.8341346153846154 0.17427884615384615 0.18389423076923078