99 0.9074519230769231 0.36778846153846156 0.14783653846153846 0.17067307692307693
9 0.23076923076923078 0.3701923076923077 0.11658653846153846 0.18028846153846154
10 0.06490384615384616 0.3701923076923077 0.10697115384615384 0.18028846153846154
21 0.40384615384615385 0.37259615384615385 0.12980769230769232 0.17307692307692307
100 0.5661057692307693 0.37259615384615385 0.1466346153846154 0.16466346153846154
20 0.7427884615384616 0.37740384615384615 0.11658653846153846 0.19110576923076922
100 0.578125 0.1141826923076923 0.1310096153846154 0.17668269230769232
21 0.2439903846153846 0.11899038461538461 0.11177884615384616 0.1658653846153846
10 0.40625 0.11899038461538461 0.12379807692307693 0.1658653846153846
99 0.078125 0.11899038461538461 0.14543269230769232 0.17307692307692307
9 0.9182692307692307 0.1201923076923077 0.11778846153846154 0.17067307692307693
20 0.7487980769230769 0.12379807692307693 0.12379807692307693 0.18028846153846154