12 0.4807692307692308 0.13581730769230768 0.14903846153846154 0.16105769230769232
102 0.8810096153846154 0.140625 0.14783653846153846 0.18269230769230768
23 0.07932692307692307 0.14302884615384615 0.14903846153846154 0.16466346153846154
22 0.10216346153846154 0.3317307692307692 0.12860576923076922 0.18389423076923078
101 0.4879807692307692 0.578125 0.14903846153846154 0.18629807692307693
11 0.2980769230769231 0.5841346153846154 0.12620192307692307 0.18509615384615385
12 0.6646634615384616 0.6201923076923077 0.14182692307692307 0.17427884615384615
102 0.8834134615384616 0.6225961538461539 0.15504807692307693 0.17668269230769232
23 0.08533653846153846 0.6262019230769231 0.14783653846153846 0.1502403846153846
22 0.09615384615384616 0.8125 0.11658653846153846 0.18269230769230768
101 0.3004807692307692 0.0889423076923077 0.14903846153846154 0.1778846153846154
11 0.7007211538461539 0.09495192307692307 0.13341346153846154 0.17307692307692307