12 0.7836538461538461 0.1201923076923077 0.15865384615384615 0.1875
23 0.21033653846153846 0.18990384615384615 0.17067307692307693 0.20673076923076922
102 0.07692307692307693 0.43990384615384615 0.15384615384615385 0.18269230769230768
22 0.47836538461538464 0.5889423076923077 0.14423076923076922 0.20192307692307693
101 0.6658653846153846 0.5733173076923077 0.15384615384615385 0.19230769230769232
11 0.09735576923076923 0.6346153846153846 0.12980769230769232 0.18269230769230768
23 0.2548076923076923 0.6526442307692307 0.1778846153846154 0.1875
102 0.8509615384615384 0.5973557692307693 0.1778846153846154 0.20192307692307693
12 0.1141826923076923 0.9134615384615384 0.1658653846153846 0.17307692307692307
101 0.4387019230769231 0.1141826923076923 0.15865384615384615 0.18509615384615385
11 0.6201923076923077 0.10216346153846154 0.13942307692307693 0.20432692307692307
22 0.06370192307692307 0.15985576923076922 0.12740384615384615 0.20432692307692307