12 0.8161057692307693 0.14543269230769232 0.14423076923076922 0.17548076923076922
23 0.23798076923076922 0.1658653846153846 0.15384615384615385 0.19471153846153846
102 0.07932692307692307 0.40384615384615385 0.14903846153846154 0.17067307692307693
22 0.4699519230769231 0.5865384615384616 0.12740384615384615 0.19230769230769232
101 0.6586538461538461 0.5877403846153846 0.13942307692307693 0.18028846153846154
11 0.08653846153846154 0.5985576923076923 0.11538461538461539 0.17548076923076922
23 0.24278846153846154 0.6310096153846154 0.16346153846153846 0.17307692307692307
102 0.8413461538461539 0.6274038461538461 0.16346153846153846 0.1875
12 0.08052884615384616 0.8810096153846154 0.15144230769230768 0.1658653846153846
101 0.4723557692307692 0.109375 0.14423076923076922 0.17307692307692307
11 0.6538461538461539 0.11298076923076923 0.12259615384615384 0.1971153846153846
22 0.08173076923076923 0.12379807692307693 0.1346153846153846 0.19471153846153846