22 0.30528846153846156 0.12259615384615384 0.125 0.21153846153846154
102 0.6730769230769231 0.1622596153846154 0.17307692307692307 0.16346153846153846
23 0.4675480769230769 0.16105769230769232 0.16105769230769232 0.15144230769230768
12 0.09254807692307693 0.3701923076923077 0.15384615384615385 0.17548076923076922
22 0.5084134615384616 0.5877403846153846 0.11538461538461539 0.18509615384615385
101 0.10096153846153846 0.5769230769230769 0.14182692307692307 0.17067307692307693
11 0.6826923076923077 0.6009615384615384 0.11057692307692307 0.18269230769230768
102 0.28365384615384615 0.6177884615384616 0.1778846153846154 0.18990384615384615
23 0.8461538461538461 0.6442307692307693 0.16105769230769232 0.18990384615384615
12 0.07451923076923077 0.8401442307692307 0.14903846153846154 0.20432692307692307
11 0.9146634615384616 0.12740384615384615 0.13701923076923078 0.18990384615384615
101 0.11658653846153846 0.10576923076923077 0.14903846153846154 0.18509615384615385