22 0.9254807692307693 0.15985576923076922 0.1466346153846154 0.19230769230769232
11 0.5288461538461539 0.125 0.13701923076923078 0.1971153846153846
12 0.12259615384615384 0.12259615384615384 0.16346153846153846 0.17307692307692307
23 0.6875 0.17548076923076922 0.15865384615384615 0.18269230769230768
102 0.11778846153846154 0.3485576923076923 0.18509615384615385 0.18028846153846154
101 0.5072115384615384 0.5973557692307693 0.16826923076923078 0.19230769230769232
22 0.9098557692307693 0.6322115384615384 0.12980769230769232 0.20192307692307693
23 0.27884615384615385 0.6105769230769231 0.17067307692307693 0.1778846153846154
12 0.08653846153846154 0.5985576923076923 0.16105769230769232 0.17067307692307693
102 0.6862980769230769 0.6526442307692307 0.16826923076923078 0.17307692307692307
11 0.08413461538461539 0.7884615384615384 0.12259615384615384 0.18269230769230768
101 0.34975961538461536 0.10336538461538461 0.15865384615384615 0.18990384615384615