138 0.9206730769230769 0.203125 0.15865384615384615 0.17548076923076922
46 0.5288461538461539 0.14783653846153846 0.1658653846153846 0.1778846153846154
224 0.16466346153846154 0.31850961538461536 0.20673076923076922 0.18269230769230768
223 0.0889423076923077 0.5096153846153846 0.14903846153846154 0.2091346153846154
143 0.28125 0.5757211538461539 0.19471153846153846 0.18028846153846154
46 0.47115384615384615 0.6057692307692307 0.17548076923076922 0.18269230769230768
224 0.6790865384615384 0.6466346153846154 0.1778846153846154 0.1875
142 0.08653846153846154 0.7379807692307693 0.17307692307692307 0.23076923076923078
45 0.27403846153846156 0.7716346153846154 0.13942307692307693 0.20192307692307693
45 0.765625 0.14182692307692307 0.14182692307692307 0.18028846153846154
142 0.35336538461538464 0.0889423076923077 0.19230769230769232 0.1778846153846154
223 0.15264423076923078 0.07572115384615384 0.1466346153846154 0.15144230769230768