12 0.890625 0.1778846153846154 0.1658653846153846 0.18028846153846154
102 0.47836538461538464 0.1502403846153846 0.16826923076923078 0.16826923076923078
23 0.6802884615384616 0.16826923076923078 0.17067307692307693 0.1778846153846154
101 0.11177884615384616 0.3112980769230769 0.15865384615384615 0.1778846153846154
101 0.8870192307692307 0.609375 0.15384615384615385 0.18990384615384615
11 0.08774038461538461 0.5552884615384616 0.1466346153846154 0.1875
22 0.49399038461538464 0.5949519230769231 0.11778846153846154 0.18990384615384615
102 0.2668269230769231 0.6129807692307693 0.1778846153846154 0.16826923076923078
23 0.6538461538461539 0.640625 0.16105769230769232 0.18509615384615385
12 0.07091346153846154 0.8293269230769231 0.14182692307692307 0.16826923076923078
22 0.3112980769230769 0.09134615384615384 0.1346153846153846 0.18269230769230768
11 0.12620192307692307 0.08413461538461539 0.12259615384615384 0.16826923076923078