103 0.8978365384615384 0.5432692307692307 0.1778846153846154 0.19230769230769232
13 0.6971153846153846 0.5480769230769231 0.18269230769230768 0.1875
103 0.11177884615384616 0.5588942307692307 0.1778846153846154 0.19471153846153846
24 0.3161057692307692 0.5552884615384616 0.16105769230769232 0.19230769230769232
13 0.5060096153846154 0.5528846153846154 0.17548076923076922 0.18269230769230768
24 0.1201923076923077 0.78125 0.17067307692307693 0.1778846153846154
13 0.890625 0.0889423076923077 0.16105769230769232 0.1778846153846154
24 0.10216346153846154 0.1045673076923077 0.16826923076923078 0.16826923076923078
103 0.6911057692307693 0.09495192307692307 0.18509615384615385 0.18269230769230768
13 0.49158653846153844 0.10216346153846154 0.1658653846153846 0.18269230769230768
24 0.2980769230769231 0.11538461538461539 0.17307692307692307 0.18509615384615385