24 0.12139423076923077 0.3173076923076923 0.15745192307692307 0.16105769230769232
103 0.12139423076923077 0.5420673076923077 0.1814903846153846 0.17548076923076922
103 0.5012019230769231 0.5492788461538461 0.171875 0.1658653846153846
24 0.6947115384615384 0.5492788461538461 0.16706730769230768 0.1778846153846154
13 0.3173076923076923 0.5504807692307693 0.15625 0.1778846153846154
24 0.8834134615384616 0.5528846153846154 0.16466346153846154 0.18269230769230768
13 0.1201923076923077 0.7560096153846154 0.16826923076923078 0.1658653846153846
13 0.8810096153846154 0.10576923076923077 0.15504807692307693 0.17548076923076922
24 0.3125 0.11298076923076923 0.15865384615384615 0.1658653846153846
103 0.6899038461538461 0.11298076923076923 0.16826923076923078 0.17307692307692307
103 0.11538461538461539 0.11298076923076923 0.18269230769230768 0.1622596153846154
13 0.5 0.11658653846153846 0.15384615384615385 0.16346153846153846