24 0.3401442307692308 0.109375 0.17307692307692307 0.18509615384615385
24 0.5300480769230769 0.12980769230769232 0.18028846153846154 0.19230769230769232
13 0.14903846153846154 0.09615384615384616 0.18269230769230768 0.19230769230769232
13 0.7211538461538461 0.1466346153846154 0.18269230769230768 0.19230769230769232
103 0.90625 0.16466346153846154 0.1875 0.18509615384615385
103 0.125 0.30408653846153844 0.19951923076923078 0.18990384615384615
103 0.49278846153846156 0.5709134615384616 0.18990384615384615 0.1875
13 0.10216346153846154 0.5372596153846154 0.18269230769230768 0.19471153846153846
24 0.2956730769230769 0.5552884615384616 0.18269230769230768 0.1971153846153846
24 0.6887019230769231 0.5913461538461539 0.18509615384615385 0.19471153846153846
13 0.8822115384615384 0.6117788461538461 0.17307692307692307 0.18990384615384615
103 0.09735576923076923 0.7512019230769231 0.19471153846153846 0.18509615384615385