24 0.30649038461538464 0.125 0.15865384615384615 0.171875
24 0.49759615384615385 0.12860576923076922 0.16466346153846154 0.1778846153846154
13 0.11538461538461539 0.12860576923076922 0.16826923076923078 0.1778846153846154
13 0.6899038461538461 0.12860576923076922 0.16826923076923078 0.17908653846153846
103 0.8798076923076923 0.1310096153846154 0.18028846153846154 0.17067307692307693
103 0.109375 0.33774038461538464 0.18389423076923078 0.17427884615384615
103 0.4987980769230769 0.5709134615384616 0.17548076923076922 0.17307692307692307
13 0.10697115384615384 0.5721153846153846 0.16826923076923078 0.1814903846153846
24 0.3016826923076923 0.5733173076923077 0.16706730769230768 0.18389423076923078
24 0.6959134615384616 0.5745192307692307 0.16947115384615385 0.1814903846153846
13 0.890625 0.578125 0.15745192307692307 0.17668269230769232
103 0.11658653846153846 0.7860576923076923 0.1935096153846154 0.16947115384615385