13 0.11658653846153846 0.33413461538461536 0.17548076923076922 0.16826923076923078
103 0.7043269230769231 0.5540865384615384 0.18028846153846154 0.20192307692307693
24 0.90625 0.5516826923076923 0.16826923076923078 0.18990384615384615
24 0.11778846153846154 0.5697115384615384 0.1778846153846154 0.18509615384615385
13 0.32211538461538464 0.5661057692307693 0.17548076923076922 0.1971153846153846
13 0.5120192307692307 0.5649038461538461 0.16826923076923078 0.19951923076923078
103 0.12620192307692307 0.7776442307692307 0.18990384615384615 0.18509615384615385
13 0.1141826923076923 0.109375 0.1778846153846154 0.18509615384615385
24 0.9038461538461539 0.10216346153846154 0.16105769230769232 0.1658653846153846
103 0.5120192307692307 0.11057692307692307 0.18269230769230768 0.1778846153846154
103 0.3112980769230769 0.11658653846153846 0.18028846153846154 0.18028846153846154
24 0.7163461538461539 0.11057692307692307 0.15865384615384615 0.16826923076923078