64 0.1045673076923077 0.3713942307692308 0.17548076923076922 0.12980769230769232
208 0.5036057692307693 0.6237980769230769 0.16826923076923078 0.12980769230769232
64 0.10096153846153846 0.6334134615384616 0.15384615384615385 0.14182692307692307
174 0.30288461538461536 0.6298076923076923 0.18990384615384615 0.14423076923076922
208 0.6899038461538461 0.6225961538461539 0.15865384615384615 0.12740384615384615
64 0.8774038461538461 0.6237980769230769 0.17307692307692307 0.15144230769230768
174 0.12139423076923077 0.8810096153846154 0.20432692307692307 0.12740384615384615
208 0.5048076923076923 0.1141826923076923 0.16346153846153846 0.12980769230769232
174 0.10817307692307693 0.12379807692307693 0.17307692307692307 0.14182692307692307
174 0.30528846153846156 0.12139423076923077 0.18509615384615385 0.12980769230769232
64 0.6838942307692307 0.1141826923076923 0.15384615384615385 0.12259615384615384
208 0.8786057692307693 0.11298076923076923 0.1778846153846154 0.13701923076923078