223 0.6983173076923077 0.11538461538461539 0.1045673076923077 0.16466346153846154
142 0.32572115384615385 0.12620192307692307 0.16826923076923078 0.19591346153846154
138 0.8894230769230769 0.13701923076923078 0.15504807692307693 0.13822115384615385
224 0.10216346153846154 0.1658653846153846 0.14543269230769232 0.171875
46 0.15985576923076922 0.38341346153846156 0.1466346153846154 0.140625
223 0.7355769230769231 0.5673076923076923 0.109375 0.16706730769230768
142 0.36658653846153844 0.5745192307692307 0.16706730769230768 0.18629807692307693
45 0.5540865384615384 0.5769230769230769 0.1141826923076923 0.17427884615384615
41 0.9002403846153846 0.5925480769230769 0.10817307692307693 0.12740384615384615
143 0.13701923076923078 0.6045673076923077 0.16346153846153846 0.14783653846153846
224 0.14783653846153846 0.8257211538461539 0.14903846153846154 0.14783653846153846
45 0.5120192307692307 0.11177884615384616 0.125 0.18028846153846154