223 0.71875 0.12620192307692307 0.11298076923076923 0.17067307692307693
142 0.3449519230769231 0.11778846153846154 0.1778846153846154 0.20432692307692307
138 0.9074519230769231 0.15745192307692307 0.16105769230769232 0.1466346153846154
224 0.1201923076923077 0.14543269230769232 0.15384615384615385 0.18028846153846154
46 0.1658653846153846 0.36538461538461536 0.15384615384615385 0.14903846153846154
223 0.7319711538461539 0.5793269230769231 0.11778846153846154 0.17307692307692307
142 0.3629807692307692 0.5673076923076923 0.17548076923076922 0.19471153846153846
45 0.5504807692307693 0.5793269230769231 0.12259615384615384 0.18028846153846154
41 0.8954326923076923 0.6129807692307693 0.11538461538461539 0.13221153846153846
143 0.13221153846153846 0.5853365384615384 0.17067307692307693 0.15625
224 0.1310096153846154 0.8064903846153846 0.15625 0.15625
45 0.5324519230769231 0.11298076923076923 0.1346153846153846 0.1875