216 0.08052884615384616 0.17908653846153846 0.16105769230769232 0.19471153846153846
64 0.2776442307692308 0.16105769230769232 0.17548076923076922 0.1658653846153846
182 0.7872596153846154 0.33052884615384615 0.21394230769230768 0.20673076923076922
72 0.109375 0.41586538461538464 0.19951923076923078 0.1971153846153846
216 0.33413461538461536 0.38822115384615385 0.1778846153846154 0.1971153846153846
182 0.5576923076923077 0.3629807692307692 0.19951923076923078 0.18509615384615385
182 0.13822115384615385 0.671875 0.21153846153846154 0.19471153846153846
174 0.3605769230769231 0.6646634615384616 0.1971153846153846 0.1658653846153846
216 0.17427884615384615 0.9110576923076923 0.2091346153846154 0.1778846153846154
72 0.8209134615384616 0.8401442307692307 0.17067307692307693 0.19230769230769232
72 0.3954326923076923 0.8966346153846154 0.18509615384615385 0.20673076923076922
216 0.6129807692307693 0.8701923076923077 0.1875 0.18990384615384615