64 0.2800480769230769 0.171875 0.16105769230769232 0.1201923076923077
216 0.515625 0.3473557692307692 0.1971153846153846 0.19230769230769232
72 0.109375 0.39663461538461536 0.17067307692307693 0.18509615384615385
182 0.7271634615384616 0.32211538461538464 0.20432692307692307 0.20192307692307693
216 0.3161057692307692 0.3798076923076923 0.17067307692307693 0.17307692307692307
208 0.12259615384615384 0.6646634615384616 0.17548076923076922 0.15384615384615385
174 0.3112980769230769 0.6430288461538461 0.18990384615384615 0.15384615384615385
208 0.4987980769230769 0.6237980769230769 0.18028846153846154 0.14903846153846154
64 0.8677884615384616 0.5841346153846154 0.16346153846153846 0.15865384615384615
174 0.6826923076923077 0.6081730769230769 0.18028846153846154 0.16105769230769232
64 0.15384615384615385 0.8978365384615384 0.16826923076923078 0.15384615384615385
182 0.08413461538461539 0.16826923076923078 0.16826923076923078 0.1778846153846154