174 0.10576923076923077 0.36899038461538464 0.18269230769230768 0.14903846153846154
174 0.8798076923076923 0.5769230769230769 0.18028846153846154 0.17548076923076922
64 0.6814903846153846 0.5925480769230769 0.15625 0.1466346153846154
208 0.1141826923076923 0.6358173076923077 0.19230769230769232 0.1466346153846154
64 0.5084134615384616 0.609375 0.18990384615384615 0.1658653846153846
208 0.3161057692307692 0.625 0.18269230769230768 0.15384615384615385
174 0.14543269230769232 0.8713942307692307 0.2091346153846154 0.1778846153846154
208 0.08173076923076923 0.12980769230769232 0.16346153846153846 0.13942307692307693
174 0.6514423076923077 0.09134615384615384 0.18269230769230768 0.14423076923076922
208 0.8461538461538461 0.078125 0.1658653846153846 0.125
64 0.4519230769230769 0.10697115384615384 0.1658653846153846 0.12740384615384615
64 0.27163461538461536 0.12259615384615384 0.17307692307692307 0.14423076923076922