64 0.07572115384615384 0.39903846153846156 0.15144230769230768 0.14903846153846154
208 0.6658653846153846 0.5769230769230769 0.17307692307692307 0.15625
64 0.3016826923076923 0.6310096153846154 0.17548076923076922 0.15384615384615385
174 0.8617788461538461 0.5528846153846154 0.19471153846153846 0.16826923076923078
174 0.11177884615384616 0.6574519230769231 0.18990384615384615 0.15144230769230768
64 0.4855769230769231 0.6117788461538461 0.17548076923076922 0.15144230769230768
208 0.14423076923076922 0.8978365384615384 0.1875 0.1466346153846154
174 0.8004807692307693 0.06009615384615385 0.1875 0.1201923076923077
174 0.06850961538461539 0.15745192307692307 0.13701923076923078 0.15144230769230768
64 0.41947115384615385 0.10817307692307693 0.17067307692307693 0.13942307692307693
208 0.6069711538461539 0.08413461538461539 0.17548076923076922 0.1346153846153846
208 0.23677884615384615 0.14423076923076922 0.18269230769230768 0.15384615384615385