64 0.1045673076923077 0.3173076923076923 0.17548076923076922 0.14182692307692307
182 0.0985576923076923 0.5540865384615384 0.19471153846153846 0.1778846153846154
174 0.3233173076923077 0.5949519230769231 0.18028846153846154 0.1466346153846154
72 0.09014423076923077 0.7920673076923077 0.18028846153846154 0.20432692307692307
72 0.5132211538461539 0.8365384615384616 0.17548076923076922 0.1778846153846154
216 0.71875 0.8545673076923077 0.18990384615384615 0.18269230769230768
216 0.30408653846153844 0.8209134615384616 0.17067307692307693 0.19951923076923078
208 0.8978365384615384 0.13942307692307693 0.17307692307692307 0.14423076923076922
174 0.7091346153846154 0.12860576923076922 0.18028846153846154 0.14423076923076922
64 0.5168269230769231 0.11298076923076923 0.15865384615384615 0.12980769230769232
174 0.3317307692307692 0.10216346153846154 0.18028846153846154 0.14182692307692307
208 0.13581730769230768 0.08653846153846154 0.18028846153846154 0.1466346153846154