219 0.9543269230769231 0.19110576923076922 0.09134615384615384 0.14182692307692307
224 0.5637019230769231 0.15144230769230768 0.1778846153846154 0.19230769230769232
143 0.15985576923076922 0.09375 0.18269230769230768 0.17307692307692307
46 0.35697115384615385 0.13221153846153846 0.17067307692307693 0.1778846153846154
142 0.171875 0.2860576923076923 0.19230769230769232 0.19230769230769232
142 0.10216346153846154 0.5240384615384616 0.18509615384615385 0.21153846153846154
143 0.30649038461538464 0.5805288461538461 0.19471153846153846 0.18990384615384615
224 0.7151442307692307 0.6502403846153846 0.16826923076923078 0.1875
46 0.5096153846153846 0.6237980769230769 0.15384615384615385 0.17067307692307693
223 0.06370192307692307 0.7391826923076923 0.12740384615384615 0.18990384615384615
142 0.24639423076923078 0.7752403846153846 0.18509615384615385 0.20432692307692307
45 0.7932692307692307 0.14302884615384615 0.16346153846153846 0.1875