219 0.9206730769230769 0.12860576923076922 0.10336538461538461 0.12860576923076922
224 0.5144230769230769 0.14543269230769232 0.15625 0.17307692307692307
143 0.10697115384615384 0.14543269230769232 0.16346153846153846 0.15144230769230768
46 0.3076923076923077 0.15504807692307693 0.1502403846153846 0.15745192307692307
142 0.14543269230769232 0.33413461538461536 0.16947115384615385 0.16947115384615385
142 0.109375 0.5793269230769231 0.16105769230769232 0.18990384615384615
143 0.31971153846153844 0.6069711538461539 0.17307692307692307 0.16706730769230768
224 0.734375 0.6189903846153846 0.14543269230769232 0.16826923076923078
46 0.5264423076923077 0.6213942307692307 0.13341346153846154 0.15264423076923078
223 0.09254807692307693 0.8004807692307693 0.12259615384615384 0.17427884615384615
142 0.28725961538461536 0.8076923076923077 0.16105769230769232 0.18269230769230768
45 0.7403846153846154 0.10576923076923077 0.140625 0.17067307692307693