218 0.3173076923076923 0.37740384615384615 0.171875 0.18028846153846154
74 0.10576923076923077 0.37740384615384615 0.15745192307692307 0.17427884615384615
184 0.5324519230769231 0.3786057692307692 0.17548076923076922 0.17668269230769232
71 0.10817307692307693 0.5889423076923077 0.15264423076923078 0.1622596153846154
215 0.5360576923076923 0.59375 0.17548076923076922 0.18269230769230768
181 0.3161057692307692 0.5973557692307693 0.17908653846153846 0.17548076923076922
218 0.7487980769230769 0.6322115384615384 0.16826923076923078 0.171875
184 0.11538461538461539 0.8737980769230769 0.17548076923076922 0.19230769230769232
74 0.3293269230769231 0.8834134615384616 0.16466346153846154 0.17548076923076922
215 0.3161057692307692 0.09014423076923077 0.16826923076923078 0.16706730769230768
181 0.5276442307692307 0.0985576923076923 0.19471153846153846 0.16346153846153846
71 0.10336538461538461 0.1045673076923077 0.16105769230769232 0.17067307692307693