218 0.3112980769230769 0.3870192307692308 0.18028846153846154 0.18990384615384615
74 0.09975961538461539 0.39783653846153844 0.1658653846153846 0.18269230769230768
184 0.5264423076923077 0.37740384615384615 0.18509615384615385 0.18509615384615385
71 0.11298076923076923 0.609375 0.16105769230769232 0.17067307692307693
215 0.5408653846153846 0.5913461538461539 0.18509615384615385 0.19230769230769232
181 0.32091346153846156 0.6069711538461539 0.1875 0.18509615384615385
218 0.7548076923076923 0.6189903846153846 0.1778846153846154 0.18028846153846154
184 0.13581730769230768 0.8930288461538461 0.18509615384615385 0.20192307692307693
74 0.34975961538461536 0.8918269230769231 0.17307692307692307 0.18269230769230768
215 0.29447115384615385 0.09975961538461539 0.1778846153846154 0.17548076923076922
181 0.5060096153846154 0.09735576923076923 0.20192307692307693 0.17307692307692307
71 0.08413461538461539 0.125 0.16826923076923078 0.1778846153846154