64 0.5252403846153846 0.13822115384615385 0.15144230769230768 0.11778846153846154
184 0.31009615384615385 0.15144230769230768 0.1875 0.17307692307692307
74 0.09615384615384616 0.15625 0.15384615384615385 0.171875
215 0.11899038461538461 0.3545673076923077 0.17427884615384615 0.16706730769230768
181 0.5540865384615384 0.3629807692307692 0.18509615384615385 0.16706730769230768
218 0.34134615384615385 0.39663461538461536 0.15985576923076922 0.16466346153846154
215 0.10336538461538461 0.6105769230769231 0.15985576923076922 0.1658653846153846
181 0.3161057692307692 0.6117788461538461 0.17307692307692307 0.16346153846153846
71 0.29927884615384615 0.8545673076923077 0.15625 0.16466346153846154
218 0.7331730769230769 0.8870192307692307 0.15384615384615385 0.17668269230769232
74 0.09615384615384616 0.8930288461538461 0.14423076923076922 0.17668269230769232
184 0.5168269230769231 0.8942307692307693 0.18269230769230768 0.16826923076923078