218 0.10817307692307693 0.390625 0.16105769230769232 0.16826923076923078
184 0.5192307692307693 0.3713942307692308 0.1778846153846154 0.18509615384615385
74 0.30649038461538464 0.38461538461538464 0.15625 0.18509615384615385
181 0.10697115384615384 0.5997596153846154 0.1875 0.18028846153846154
64 0.7091346153846154 0.5925480769230769 0.1658653846153846 0.14423076923076922
218 0.31009615384615385 0.6286057692307693 0.1658653846153846 0.1658653846153846
74 0.5108173076923077 0.6225961538461539 0.1466346153846154 0.17067307692307693
215 0.1310096153846154 0.8329326923076923 0.17307692307692307 0.17307692307692307
184 0.3449519230769231 0.8605769230769231 0.1778846153846154 0.18028846153846154
71 0.2776442307692308 0.11177884615384616 0.16346153846153846 0.16105769230769232
181 0.0829326923076923 0.12620192307692307 0.1658653846153846 0.17548076923076922
208 0.484375 0.11899038461538461 0.16826923076923078 0.13942307692307693