184 0.3389423076923077 0.1466346153846154 0.171875 0.16466346153846154
215 0.5216346153846154 0.34134615384615385 0.16346153846153846 0.16947115384615385
218 0.3088942307692308 0.3786057692307692 0.16706730769230768 0.17427884615384615
74 0.10576923076923077 0.38341346153846156 0.15504807692307693 0.1658653846153846
215 0.3317307692307692 0.59375 0.15985576923076922 0.15745192307692307
71 0.5324519230769231 0.59375 0.15264423076923078 0.16706730769230768
184 0.11658653846153846 0.6334134615384616 0.171875 0.16947115384615385
181 0.32211538461538464 0.8233173076923077 0.171875 0.16826923076923078
74 0.109375 0.8653846153846154 0.16466346153846154 0.17067307692307693
218 0.5348557692307693 0.8677884615384616 0.17067307692307693 0.16466346153846154
71 0.5432692307692307 0.10576923076923077 0.14903846153846154 0.15745192307692307
181 0.11658653846153846 0.10817307692307693 0.17908653846153846 0.16346153846153846