184 0.30288461538461536 0.1658653846153846 0.1875 0.18269230769230768
215 0.5048076923076923 0.3401442307692308 0.18028846153846154 0.18509615384615385
218 0.296875 0.39903846153846156 0.18509615384615385 0.18990384615384615
74 0.09615384615384616 0.4254807692307692 0.17067307692307693 0.18028846153846154
215 0.3425480769230769 0.6105769230769231 0.17548076923076922 0.17307692307692307
71 0.5420673076923077 0.5901442307692307 0.16826923076923078 0.18269230769230768
184 0.13221153846153846 0.6730769230769231 0.1875 0.1875
181 0.35697115384615385 0.8401442307692307 0.1875 0.18509615384615385
74 0.1502403846153846 0.9038461538461539 0.18269230769230768 0.1875
218 0.5733173076923077 0.8617788461538461 0.1875 0.18269230769230768
71 0.5024038461538461 0.10336538461538461 0.1658653846153846 0.17307692307692307
181 0.08774038461538461 0.1502403846153846 0.17548076923076922 0.18028846153846154