181 0.53125 0.12139423076923077 0.171875 0.1622596153846154
71 0.734375 0.12860576923076922 0.14543269230769232 0.16346153846153846
64 0.9206730769230769 0.13942307692307693 0.140625 0.1201923076923077
218 0.1201923076923077 0.16105769230769232 0.15384615384615385 0.1622596153846154
184 0.31850961538461536 0.1658653846153846 0.18269230769230768 0.15264423076923078
215 0.1310096153846154 0.3545673076923077 0.16346153846153846 0.16346153846153846
71 0.5168269230769231 0.59375 0.15144230769230768 0.17548076923076922
181 0.31850961538461536 0.5949519230769231 0.1814903846153846 0.17307692307692307
218 0.11298076923076923 0.6346153846153846 0.16826923076923078 0.15745192307692307
215 0.5228365384615384 0.8221153846153846 0.16105769230769232 0.16346153846153846
184 0.3173076923076923 0.8629807692307693 0.16105769230769232 0.1658653846153846
74 0.11658653846153846 0.8701923076923077 0.15264423076923078 0.15865384615384615