143 0.5709134615384616 0.16105769230769232 0.18269230769230768 0.16826923076923078
46 0.11778846153846154 0.16105769230769232 0.15745192307692307 0.15985576923076922
142 0.15745192307692307 0.35697115384615385 0.17067307692307693 0.18269230769230768
224 0.3389423076923077 0.390625 0.15264423076923078 0.16346153846153846
142 0.3762019230769231 0.6081730769230769 0.1658653846153846 0.20552884615384615
224 0.5588942307692307 0.6466346153846154 0.15264423076923078 0.1814903846153846
143 0.8112980769230769 0.6466346153846154 0.17908653846153846 0.16947115384615385
46 0.125 0.6466346153846154 0.16105769230769232 0.1778846153846154
45 0.3317307692307692 0.8413461538461539 0.15745192307692307 0.17668269230769232
223 0.14302884615384615 0.8425480769230769 0.11538461538461539 0.1814903846153846
223 0.7992788461538461 0.11177884615384616 0.13341346153846154 0.1875
45 0.3581730769230769 0.11298076923076923 0.11899038461538461 0.18509615384615385