65 0.6887019230769231 0.13942307692307693 0.1658653846153846 0.14182692307692307
175 0.8870192307692307 0.14903846153846154 0.18269230769230768 0.12980769230769232
209 0.12860576923076922 0.3545673076923077 0.16947115384615385 0.1346153846153846
183 0.31490384615384615 0.5456730769230769 0.15745192307692307 0.1658653846153846
217 0.11538461538461539 0.546875 0.1502403846153846 0.16706730769230768
73 0.4987980769230769 0.5552884615384616 0.14423076923076922 0.17668269230769232
209 0.6947115384615384 0.578125 0.17427884615384615 0.1346153846153846
65 0.8810096153846154 0.5865384615384616 0.15985576923076922 0.12620192307692307
175 0.1346153846153846 0.7980769230769231 0.17427884615384615 0.13581730769230768
73 0.30408653846153844 0.1045673076923077 0.13822115384615385 0.16826923076923078
183 0.49399038461538464 0.10576923076923077 0.16466346153846154 0.16706730769230768
217 0.11298076923076923 0.10576923076923077 0.16105769230769232 0.15985576923076922