209 0.31490384615384615 0.14543269230769232 0.17548076923076922 0.13701923076923078
175 0.5120192307692307 0.14543269230769232 0.18269230769230768 0.14423076923076922
65 0.890625 0.15144230769230768 0.16105769230769232 0.13341346153846154
183 0.11899038461538461 0.3269230769230769 0.17668269230769232 0.17067307692307693
217 0.11298076923076923 0.5576923076923077 0.14783653846153846 0.17307692307692307
73 0.6947115384615384 0.5625 0.14423076923076922 0.171875
65 0.8930288461538461 0.5889423076923077 0.16706730769230768 0.16105769230769232
175 0.31009615384615385 0.5949519230769231 0.18990384615384615 0.13701923076923078
209 0.5180288461538461 0.6021634615384616 0.16346153846153846 0.14423076923076922
183 0.11899038461538461 0.7668269230769231 0.1814903846153846 0.1814903846153846
73 0.6983173076923077 0.1045673076923077 0.14302884615384615 0.171875
217 0.109375 0.1045673076923077 0.1622596153846154 0.16826923076923078