73 0.5036057692307693 0.31971153846153844 0.17067307692307693 0.19230769230769232
217 0.12139423076923077 0.2668269230769231 0.16826923076923078 0.1875
209 0.6971153846153846 0.3798076923076923 0.1875 0.15865384615384615
65 0.8894230769230769 0.4074519230769231 0.18028846153846154 0.1658653846153846
175 0.31850961538461536 0.3293269230769231 0.20432692307692307 0.16346153846153846
183 0.09254807692307693 0.49278846153846156 0.18509615384615385 0.20192307692307693
217 0.8641826923076923 0.6033653846153846 0.17548076923076922 0.19230769230769232
209 0.28966346153846156 0.5588942307692307 0.19471153846153846 0.18269230769230768
65 0.47836538461538464 0.5865384615384616 0.18509615384615385 0.16826923076923078
175 0.6730769230769231 0.6165865384615384 0.19230769230769232 0.17307692307692307
73 0.06850961538461539 0.7127403846153846 0.13701923076923078 0.19471153846153846
183 0.15384615384615385 0.07211538461538461 0.1778846153846154 0.14423076923076922