73 0.47836538461538464 0.32091346153846156 0.14783653846153846 0.17307692307692307
217 0.09254807692307693 0.32211538461538464 0.14543269230769232 0.16826923076923078
209 0.6778846153846154 0.35336538461538464 0.17067307692307693 0.13581730769230768
65 0.8725961538461539 0.3545673076923077 0.1622596153846154 0.14423076923076922
175 0.296875 0.3557692307692308 0.1875 0.13822115384615385
183 0.09254807692307693 0.5516826923076923 0.16947115384615385 0.18028846153846154
217 0.875 0.5516826923076923 0.15384615384615385 0.171875
209 0.3004807692307692 0.5877403846153846 0.17427884615384615 0.15985576923076922
65 0.49038461538461536 0.5889423076923077 0.16706730769230768 0.14543269230769232
175 0.6875 0.5913461538461539 0.171875 0.15144230769230768
73 0.08653846153846154 0.7740384615384616 0.1466346153846154 0.17668269230769232
183 0.09615384615384616 0.10336538461538461 0.15504807692307693 0.16706730769230768