217 0.29447115384615385 0.1310096153846154 0.15865384615384615 0.19230769230769232
183 0.8954326923076923 0.13221153846153846 0.16947115384615385 0.18028846153846154
73 0.4951923076923077 0.13701923076923078 0.15745192307692307 0.18028846153846154
175 0.10336538461538461 0.15865384615384615 0.19110576923076922 0.171875
209 0.7019230769230769 0.1622596153846154 0.18269230769230768 0.15625
65 0.09495192307692307 0.39783653846153844 0.1658653846153846 0.14423076923076922
183 0.8978365384615384 0.5925480769230769 0.17427884615384615 0.1814903846153846
217 0.6947115384615384 0.5985576923076923 0.14783653846153846 0.18269230769230768
65 0.3076923076923077 0.6394230769230769 0.171875 0.14783653846153846
175 0.09975961538461539 0.6394230769230769 0.19471153846153846 0.140625
209 0.5036057692307693 0.6442307692307693 0.1814903846153846 0.1346153846153846
73 0.09615384615384616 0.828125 0.16105769230769232 0.17548076923076922