65 0.4963942307692308 0.1502403846153846 0.17307692307692307 0.14903846153846154
209 0.9014423076923077 0.15985576923076922 0.18269230769230768 0.15625
175 0.10817307692307693 0.37259615384615385 0.19230769230769232 0.15384615384615385
183 0.2824519230769231 0.5769230769230769 0.17307692307692307 0.18028846153846154
73 0.09014423076923077 0.5769230769230769 0.15144230769230768 0.1778846153846154
175 0.49399038461538464 0.625 0.1971153846153846 0.15144230769230768
65 0.9026442307692307 0.6334134615384616 0.16826923076923078 0.15625
209 0.7079326923076923 0.6334134615384616 0.1658653846153846 0.1346153846153846
217 0.08413461538461539 0.8064903846153846 0.15384615384615385 0.18028846153846154
73 0.09014423076923077 0.109375 0.14903846153846154 0.17307692307692307
217 0.29086538461538464 0.1141826923076923 0.1466346153846154 0.17307692307692307
183 0.6887019230769231 0.12139423076923077 0.17067307692307693 0.17307692307692307