144 0.7115384615384616 0.13221153846153846 0.18990384615384615 0.21394230769230768
219 0.8834134615384616 0.1502403846153846 0.09615384615384616 0.13701923076923078
47 0.18269230769230768 0.36899038461538464 0.16826923076923078 0.1971153846153846
47 0.3425480769230769 0.6201923076923077 0.16826923076923078 0.19471153846153846
47 0.8894230769230769 0.6153846153846154 0.16105769230769232 0.20432692307692307
144 0.14423076923076922 0.6298076923076923 0.1875 0.22115384615384615
225 0.5252403846153846 0.625 0.15865384615384615 0.21875
225 0.703125 0.6262019230769231 0.16346153846153846 0.20192307692307693
144 0.15264423076923078 0.8665865384615384 0.20192307692307693 0.21634615384615385
225 0.5168269230769231 0.12379807692307693 0.15625 0.1971153846153846
144 0.32091346153846156 0.13221153846153846 0.19230769230769232 0.1875
47 0.11658653846153846 0.13701923076923078 0.16826923076923078 0.19230769230769232