49 0.5721153846153846 0.12139423076923077 0.12259615384615384 0.17307692307692307
157 0.3557692307692308 0.10817307692307693 0.1778846153846154 0.1778846153846154
227 0.3076923076923077 0.3161057692307692 0.13701923076923078 0.16105769230769232
227 0.109375 0.30408653846153844 0.12980769230769232 0.1658653846153846
41 0.6574519230769231 0.6057692307692307 0.125 0.125
138 0.8257211538461539 0.6213942307692307 0.17548076923076922 0.13701923076923078
219 0.2692307692307692 0.5757211538461539 0.125 0.1346153846153846
41 0.0889423076923077 0.5600961538461539 0.12259615384615384 0.12259615384615384
138 0.4735576923076923 0.59375 0.16826923076923078 0.13701923076923078
219 0.07692307692307693 0.7860576923076923 0.13701923076923078 0.12740384615384615
157 0.796875 0.1310096153846154 0.1875 0.1778846153846154
49 0.12860576923076922 0.07932692307692307 0.13701923076923078 0.15625