49 0.5384615384615384 0.11658653846153846 0.10817307692307693 0.16346153846153846
157 0.32211538461538464 0.12259615384615384 0.16346153846153846 0.16466346153846154
227 0.2920673076923077 0.33413461538461536 0.125 0.1502403846153846
227 0.09375 0.3389423076923077 0.11658653846153846 0.15625
41 0.6658653846153846 0.5913461538461539 0.1141826923076923 0.11538461538461539
138 0.8353365384615384 0.5925480769230769 0.16466346153846154 0.12259615384615384
219 0.2764423076923077 0.5961538461538461 0.1141826923076923 0.125
41 0.09615384615384616 0.5961538461538461 0.11298076923076923 0.11298076923076923
138 0.48197115384615385 0.5961538461538461 0.15865384615384615 0.12379807692307693
219 0.10336538461538461 0.8221153846153846 0.12740384615384615 0.11778846153846154
157 0.7632211538461539 0.10697115384615384 0.17427884615384615 0.16346153846153846
49 0.09375 0.11298076923076923 0.12379807692307693 0.14543269230769232