49 0.5180288461538461 0.11538461538461539 0.11538461538461539 0.16826923076923078
157 0.30288461538461536 0.13221153846153846 0.17067307692307693 0.17307692307692307
227 0.28365384615384615 0.3449519230769231 0.13221153846153846 0.15625
227 0.08533653846153846 0.3605769230769231 0.125 0.16105769230769232
41 0.6706730769230769 0.5829326923076923 0.1201923076923077 0.1201923076923077
138 0.8401442307692307 0.5745192307692307 0.17067307692307693 0.13221153846153846
219 0.28125 0.6081730769230769 0.1201923076923077 0.12980769230769232
41 0.10216346153846154 0.6165865384615384 0.11778846153846154 0.11778846153846154
138 0.48677884615384615 0.5973557692307693 0.1658653846153846 0.13221153846153846
219 0.1201923076923077 0.8425480769230769 0.13221153846153846 0.125
157 0.7427884615384616 0.09375 0.18269230769230768 0.17307692307692307
49 0.07451923076923077 0.1346153846153846 0.13221153846153846 0.15144230769230768