208 0.9074519230769231 0.15144230769230768 0.16826923076923078 0.12980769230769232
176 0.14182692307692307 0.3125 0.19471153846153846 0.17548076923076922
210 0.5108173076923077 0.5637019230769231 0.15625 0.18028846153846154
176 0.31009615384615385 0.5576923076923077 0.1875 0.1778846153846154
67 0.7091346153846154 0.5793269230769231 0.15865384615384615 0.18509615384615385
211 0.09975961538461539 0.5528846153846154 0.1658653846153846 0.17548076923076922
177 0.09615384615384616 0.7752403846153846 0.18028846153846154 0.1875
66 0.29086538461538464 0.7896634615384616 0.15865384615384615 0.18509615384615385
177 0.33774038461538464 0.09375 0.17548076923076922 0.17548076923076922
67 0.5276442307692307 0.10576923076923077 0.16346153846153846 0.16346153846153846
211 0.12139423076923077 0.0889423076923077 0.1658653846153846 0.16826923076923078
66 0.7259615384615384 0.12259615384615384 0.15144230769230768 0.18028846153846154