64 0.9098557692307693 0.125 0.15384615384615385 0.14783653846153846
176 0.12620192307692307 0.3293269230769231 0.1814903846153846 0.17548076923076922
177 0.5060096153846154 0.5661057692307693 0.17307692307692307 0.18028846153846154
210 0.1045673076923077 0.5709134615384616 0.1814903846153846 0.18629807692307693
177 0.7235576923076923 0.5721153846153846 0.15504807692307693 0.18389423076923078
67 0.30408653846153844 0.5721153846153846 0.15504807692307693 0.16826923076923078
66 0.30649038461538464 0.8028846153846154 0.17548076923076922 0.17427884615384615
176 0.1045673076923077 0.8149038461538461 0.17307692307692307 0.18990384615384615
66 0.296875 0.0985576923076923 0.15625 0.16105769230769232
177 0.7199519230769231 0.0985576923076923 0.1778846153846154 0.16466346153846154
211 0.10096153846153846 0.10096153846153846 0.1502403846153846 0.16706730769230768
210 0.5060096153846154 0.10336538461538461 0.14423076923076922 0.16466346153846154