64 0.8762019230769231 0.09014423076923077 0.1658653846153846 0.16105769230769232
176 0.11298076923076923 0.3629807692307692 0.1971153846153846 0.18990384615384615
177 0.5120192307692307 0.5649038461538461 0.1875 0.19471153846153846
210 0.11177884615384616 0.6045673076923077 0.1971153846153846 0.20192307692307693
177 0.7295673076923077 0.5528846153846154 0.17067307692307693 0.1971153846153846
67 0.3112980769230769 0.5889423076923077 0.16826923076923078 0.18028846153846154
66 0.33413461538461536 0.8185096153846154 0.18990384615384615 0.18990384615384615
176 0.13341346153846154 0.8485576923076923 0.18990384615384615 0.20432692307692307
66 0.26322115384615385 0.11778846153846154 0.17067307692307693 0.17307692307692307
177 0.6826923076923077 0.08533653846153846 0.19230769230769232 0.17067307692307693
211 0.07451923076923077 0.13581730769230768 0.14903846153846154 0.18028846153846154
210 0.47115384615384615 0.1045673076923077 0.15865384615384615 0.17548076923076922