47 0.8389423076923077 0.08774038461538461 0.1778846153846154 0.17548076923076922
225 0.4483173076923077 0.12980769230769232 0.1658653846153846 0.18269230769230768
47 0.07451923076923077 0.17307692307692307 0.14903846153846154 0.18269230769230768
144 0.6382211538461539 0.11298076923076923 0.19951923076923078 0.1875
144 0.2548076923076923 0.15504807692307693 0.20192307692307693 0.18269230769230768
225 0.078125 0.36658653846153844 0.15625 0.18028846153846154
144 0.3293269230769231 0.5576923076923077 0.1971153846153846 0.1778846153846154
47 0.875 0.5 0.17307692307692307 0.20432692307692307
225 0.6935096153846154 0.5204326923076923 0.17067307692307693 0.19230769230769232
144 0.1201923076923077 0.5829326923076923 0.19230769230769232 0.18028846153846154
225 0.5192307692307693 0.5456730769230769 0.17548076923076922 0.18509615384615385
47 0.12259615384615384 0.7788461538461539 0.1778846153846154 0.17548076923076922