47 0.8677884615384616 0.10817307692307693 0.16826923076923078 0.17548076923076922
225 0.4735576923076923 0.12740384615384615 0.15384615384615385 0.17307692307692307
47 0.08533653846153846 0.14302884615384615 0.16105769230769232 0.17307692307692307
144 0.6646634615384616 0.12379807692307693 0.1875 0.17548076923076922
144 0.27884615384615385 0.13822115384615385 0.19230769230769232 0.17067307692307693
225 0.08653846153846154 0.33774038461538464 0.15144230769230768 0.17067307692307693
144 0.32572115384615385 0.5456730769230769 0.18509615384615385 0.16826923076923078
47 0.8737980769230769 0.5264423076923077 0.16105769230769232 0.19471153846153846
225 0.6911057692307693 0.5336538461538461 0.16105769230769232 0.18269230769230768
144 0.1141826923076923 0.5564903846153846 0.18028846153846154 0.16826923076923078
225 0.515625 0.546875 0.1658653846153846 0.17307692307692307
47 0.10336538461538461 0.7524038461538461 0.16826923076923078 0.16346153846153846