211 0.10576923076923077 0.34975961538461536 0.16947115384615385 0.17668269230769232
66 0.31490384615384615 0.3581730769230769 0.17548076923076922 0.19110576923076922
176 0.11538461538461539 0.609375 0.17668269230769232 0.20432692307692307
177 0.7668269230769231 0.6105769230769231 0.20072115384615385 0.18870192307692307
66 0.5456730769230769 0.6201923076923077 0.15625 0.17548076923076922
210 0.33413461538461536 0.6225961538461539 0.17427884615384615 0.1935096153846154
67 0.32091346153846156 0.8581730769230769 0.16466346153846154 0.18389423076923078
211 0.10576923076923077 0.8629807692307693 0.1778846153846154 0.18870192307692307
176 0.11057692307692307 0.10336538461538461 0.18028846153846154 0.18028846153846154
210 0.7788461538461539 0.10576923076923077 0.1658653846153846 0.16947115384615385
177 0.5492788461538461 0.11177884615384616 0.18629807692307693 0.18870192307692307
67 0.328125 0.11658653846153846 0.1778846153846154 0.19230769230769232