64 0.9026442307692307 0.12620192307692307 0.13942307692307693 0.11298076923076923
213 0.07692307692307693 0.13581730769230768 0.14543269230769232 0.13701923076923078
179 0.29086538461538464 0.13942307692307693 0.14903846153846154 0.1310096153846154
68 0.12379807692307693 0.31009615384615385 0.13341346153846154 0.15504807692307693
212 0.07692307692307693 0.5216346153846154 0.1502403846153846 0.17908653846153846
178 0.4807692307692308 0.5240384615384616 0.17067307692307693 0.16466346153846154
64 0.9038461538461539 0.5492788461538461 0.14182692307692307 0.1201923076923077
213 0.25961538461538464 0.5673076923076923 0.14903846153846154 0.1346153846153846
179 0.6947115384615384 0.5709134615384616 0.15384615384615385 0.14783653846153846
68 0.11538461538461539 0.7319711538461539 0.15384615384615385 0.18028846153846154
212 0.5120192307692307 0.0985576923076923 0.14543269230769232 0.16346153846153846
178 0.7199519230769231 0.0985576923076923 0.16706730769230768 0.171875