213 0.49399038461538464 0.12379807692307693 0.14302884615384615 0.14543269230769232
69 0.6971153846153846 0.12740384615384615 0.13822115384615385 0.1346153846153846
213 0.10216346153846154 0.33413461538461536 0.15745192307692307 0.14903846153846154
68 0.49278846153846156 0.5144230769230769 0.13822115384615385 0.15865384615384615
212 0.10336538461538461 0.5144230769230769 0.12980769230769232 0.16346153846153846
179 0.9050480769230769 0.5444711538461539 0.14783653846153846 0.13701923076923078
69 0.2848557692307692 0.5480769230769231 0.1466346153846154 0.1346153846153846
213 0.6862980769230769 0.5504807692307693 0.140625 0.13942307692307693
178 0.109375 0.7091346153846154 0.15504807692307693 0.15384615384615385
178 0.29927884615384615 0.09014423076923077 0.1502403846153846 0.15144230769230768
212 0.10216346153846154 0.09375 0.14182692307692307 0.15144230769230768
68 0.9074519230769231 0.09495192307692307 0.1346153846153846 0.1502403846153846