174 0.890625 0.10576923076923077 0.16105769230769232 0.1201923076923077
69 0.6682692307692307 0.12860576923076922 0.15144230769230768 0.15384615384615385
213 0.4495192307692308 0.14543269230769232 0.14903846153846154 0.15625
68 0.09975961538461539 0.328125 0.17307692307692307 0.16105769230769232
68 0.27163461538461536 0.5360576923076923 0.14182692307692307 0.16346153846153846
178 0.46274038461538464 0.5324519230769231 0.1658653846153846 0.18269230769230768
212 0.07572115384615384 0.5540865384615384 0.14182692307692307 0.1658653846153846
69 0.8701923076923077 0.5504807692307693 0.15625 0.14182692307692307
213 0.6622596153846154 0.5637019230769231 0.15144230769230768 0.17548076923076922
69 0.09495192307692307 0.7980769230769231 0.15865384615384615 0.14903846153846154
178 0.2548076923076923 0.11298076923076923 0.1658653846153846 0.16826923076923078
212 0.0625 0.12620192307692307 0.125 0.18509615384615385