174 0.9110576923076923 0.12620192307692307 0.15625 0.11298076923076923
69 0.6875 0.13822115384615385 0.14302884615384615 0.14543269230769232
213 0.46875 0.14302884615384615 0.14182692307692307 0.14903846153846154
68 0.109375 0.3076923076923077 0.16466346153846154 0.15264423076923078
68 0.2704326923076923 0.5240384615384616 0.1346153846153846 0.15625
178 0.46153846153846156 0.5300480769230769 0.15625 0.17427884615384615
212 0.0733173076923077 0.53125 0.1346153846153846 0.15865384615384615
69 0.8665865384615384 0.5697115384615384 0.1502403846153846 0.13341346153846154
213 0.6586538461538461 0.5721153846153846 0.14302884615384615 0.16706730769230768
69 0.07932692307692307 0.7764423076923077 0.15144230769230768 0.14182692307692307
178 0.27524038461538464 0.10096153846153846 0.15865384615384615 0.16105769230769232
212 0.0733173076923077 0.1045673076923077 0.1346153846153846 0.17908653846153846