213 0.06009615384615385 0.21995192307692307 0.1201923076923077 0.1658653846153846
179 0.24759615384615385 0.18870192307692307 0.18269230769230768 0.16105769230769232
69 0.4651442307692308 0.15865384615384615 0.15865384615384615 0.16105769230769232
178 0.0829326923076923 0.3894230769230769 0.1658653846153846 0.1875
68 0.9134615384615384 0.453125 0.15625 0.18028846153846154
212 0.7175480769230769 0.48677884615384615 0.18028846153846154 0.18028846153846154
178 0.5324519230769231 0.5204326923076923 0.16346153846153846 0.18028846153846154
179 0.1201923076923077 0.6274038461538461 0.17548076923076922 0.17067307692307693
69 0.3233173076923077 0.6021634615384616 0.15865384615384615 0.16105769230769232
212 0.14182692307692307 0.796875 0.16105769230769232 0.17307692307692307
212 0.84375 0.06490384615384616 0.16826923076923078 0.12980769230769232
68 0.6586538461538461 0.0829326923076923 0.17307692307692307 0.1658653846153846