213 0.09615384615384616 0.14543269230769232 0.13581730769230768 0.14543269230769232
179 0.30528846153846156 0.14903846153846154 0.1622596153846154 0.13581730769230768
69 0.5252403846153846 0.15745192307692307 0.13701923076923078 0.13822115384615385
178 0.10216346153846154 0.3173076923076923 0.15144230769230768 0.16346153846153846
68 0.9158653846153846 0.5252403846153846 0.12980769230769232 0.16105769230769232
212 0.7163461538461539 0.5252403846153846 0.15625 0.15504807692307693
178 0.5288461538461539 0.5264423076923077 0.13701923076923078 0.15865384615384615
179 0.10336538461538461 0.5588942307692307 0.15144230769230768 0.1466346153846154
69 0.3076923076923077 0.5697115384615384 0.13701923076923078 0.13822115384615385
212 0.09615384615384616 0.7307692307692307 0.13701923076923078 0.15264423076923078
212 0.9194711538461539 0.109375 0.14423076923076922 0.15264423076923078
68 0.7307692307692307 0.11057692307692307 0.14903846153846154 0.15384615384615385