213 0.06129807692307692 0.2127403846153846 0.12259615384615384 0.1658653846153846
179 0.25240384615384615 0.18389423076923078 0.18269230769230768 0.15865384615384615
69 0.47115384615384615 0.15745192307692307 0.15625 0.15865384615384615
178 0.0829326923076923 0.38100961538461536 0.1658653846153846 0.18509615384615385
68 0.9146634615384616 0.46033653846153844 0.15384615384615385 0.18028846153846154
212 0.7175480769230769 0.49158653846153844 0.1778846153846154 0.1778846153846154
178 0.5324519230769231 0.5216346153846154 0.16105769230769232 0.1778846153846154
179 0.11778846153846154 0.6201923076923077 0.17307692307692307 0.16826923076923078
69 0.32091346153846156 0.5985576923076923 0.15625 0.15865384615384615
212 0.13701923076923078 0.7908653846153846 0.15865384615384615 0.17307692307692307
212 0.8521634615384616 0.0673076923076923 0.1658653846153846 0.1346153846153846
68 0.6670673076923077 0.0829326923076923 0.17067307692307693 0.1658653846153846