70 0.5721153846153846 0.1502403846153846 0.2403846153846154 0.23076923076923078
214 0.328125 0.18629807692307693 0.24519230769230768 0.2283653846153846
180 0.8233173076923077 0.1201923076923077 0.24519230769230768 0.2403846153846154
214 0.10096153846153846 0.22355769230769232 0.20192307692307693 0.22115384615384615
180 0.3545673076923077 0.4182692307692308 0.2548076923076923 0.22596153846153846
70 0.11177884615384616 0.4579326923076923 0.22355769230769232 0.21875
180 0.39302884615384615 0.6658653846153846 0.25721153846153844 0.2283653846153846
70 0.8870192307692307 0.6009615384615384 0.22596153846153846 0.21153846153846154
70 0.6466346153846154 0.6382211538461539 0.2283653846153846 0.2091346153846154
214 0.14783653846153846 0.7079326923076923 0.2403846153846154 0.22355769230769232
214 0.4375 0.8942307692307693 0.23557692307692307 0.21153846153846154
180 0.18629807692307693 0.9146634615384616 0.25240384615384615 0.17067307692307693