70 0.5661057692307693 0.14903846153846154 0.24519230769230768 0.23317307692307693
214 0.3233173076923077 0.18990384615384615 0.24759615384615385 0.23076923076923078
180 0.8161057692307693 0.11778846153846154 0.24759615384615385 0.23557692307692307
214 0.0985576923076923 0.23197115384615385 0.1971153846153846 0.22355769230769232
180 0.35336538461538464 0.4206730769230769 0.25961538461538464 0.23076923076923078
70 0.11177884615384616 0.4639423076923077 0.22355769230769232 0.22115384615384615
180 0.39663461538461536 0.6670673076923077 0.2620192307692308 0.23076923076923078
70 0.8870192307692307 0.5949519230769231 0.22596153846153846 0.21394230769230768
70 0.6490384615384616 0.6358173076923077 0.23076923076923078 0.21153846153846154
214 0.15144230769230768 0.7151442307692307 0.24519230769230768 0.2283653846153846
214 0.44471153846153844 0.8930288461538461 0.2403846153846154 0.21394230769230768
180 0.1935096153846154 0.9158653846153846 0.25721153846153844 0.16826923076923078