180 0.13341346153846154 0.3557692307692308 0.22596153846153846 0.1971153846153846
70 0.38221153846153844 0.3581730769230769 0.21754807692307693 0.18509615384615385
214 0.13581730769230768 0.6033653846153846 0.2247596153846154 0.19471153846153846
180 0.6225961538461539 0.6081730769230769 0.21754807692307693 0.18389423076923078
180 0.8774038461538461 0.609375 0.21754807692307693 0.1814903846153846
70 0.3737980769230769 0.6105769230769231 0.20552884615384615 0.18028846153846154
70 0.3798076923076923 0.8413461538461539 0.21033653846153846 0.18629807692307693
214 0.13341346153846154 0.8461538461538461 0.21634615384615385 0.18870192307692307
214 0.1310096153846154 0.11899038461538461 0.20793269230769232 0.18870192307692307
70 0.375 0.11899038461538461 0.20432692307692307 0.1814903846153846
180 0.8677884615384616 0.12259615384615384 0.2247596153846154 0.17548076923076922
214 0.6153846153846154 0.125 0.21995192307692307 0.18269230769230768