180 0.3786057692307692 0.35336538461538464 0.25721153846153844 0.21394230769230768
180 0.12620192307692307 0.38100961538461536 0.24759615384615385 0.23317307692307693
70 0.1346153846153846 0.6262019230769231 0.23798076923076922 0.22355769230769232
214 0.6322115384615384 0.578125 0.2403846153846154 0.21875
70 0.8798076923076923 0.5516826923076923 0.23798076923076922 0.22115384615384615
180 0.3894230769230769 0.6045673076923077 0.23317307692307693 0.2091346153846154
180 0.171875 0.8653846153846154 0.24519230769230768 0.1971153846153846
214 0.4254807692307692 0.8401442307692307 0.25 0.21634615384615385
214 0.8209134615384616 0.0829326923076923 0.2283653846153846 0.1658653846153846
70 0.33413461538461536 0.12379807692307693 0.23076923076923078 0.21153846153846154
70 0.5769230769230769 0.10216346153846154 0.2403846153846154 0.20432692307692307
214 0.10216346153846154 0.15264423076923078 0.20432692307692307 0.20432692307692307