86 0.5252403846153846 0.35697115384615385 0.1778846153846154 0.1658653846153846
242 0.3245192307692308 0.3401442307692308 0.18990384615384615 0.125
197 0.12740384615384615 0.33533653846153844 0.17307692307692307 0.14903846153846154
242 0.1045673076923077 0.5841346153846154 0.18028846153846154 0.1466346153846154
86 0.30408653846153844 0.6021634615384616 0.17548076923076922 0.15144230769230768
242 0.6947115384615384 0.6394230769230769 0.1875 0.14903846153846154
197 0.8870192307692307 0.6646634615384616 0.1658653846153846 0.13701923076923078
197 0.49759615384615385 0.6310096153846154 0.18269230769230768 0.15625
86 0.09134615384615384 0.8341346153846154 0.17548076923076922 0.14423076923076922
197 0.34615384615384615 0.09375 0.17067307692307693 0.15384615384615385
86 0.5456730769230769 0.11177884615384616 0.1778846153846154 0.15144230769230768
242 0.14543269230769232 0.08173076923076923 0.18509615384615385 0.15625