86 0.5132211538461539 0.3557692307692308 0.1658653846153846 0.15264423076923078
242 0.3112980769230769 0.3557692307692308 0.18028846153846154 0.109375
197 0.1141826923076923 0.36899038461538464 0.16105769230769232 0.13581730769230768
242 0.11298076923076923 0.6177884615384616 0.16947115384615385 0.13221153846153846
86 0.3137019230769231 0.6189903846153846 0.16466346153846154 0.13701923076923078
242 0.7055288461538461 0.6213942307692307 0.17548076923076922 0.13341346153846154
197 0.9002403846153846 0.6298076923076923 0.15625 0.125
197 0.5096153846153846 0.6310096153846154 0.17067307692307693 0.14182692307692307
86 0.12259615384615384 0.8689903846153846 0.16466346153846154 0.1310096153846154
197 0.3112980769230769 0.10817307692307693 0.15985576923076922 0.140625
86 0.5120192307692307 0.109375 0.1658653846153846 0.13701923076923078
242 0.11057692307692307 0.1141826923076923 0.17307692307692307 0.14182692307692307