47 0.109375 0.30528846153846156 0.16466346153846154 0.1622596153846154
225 0.10096153846153846 0.5180288461538461 0.16105769230769232 0.17908653846153846
47 0.46634615384615385 0.5192307692307693 0.1658653846153846 0.1622596153846154
47 0.28365384615384615 0.5204326923076923 0.15384615384615385 0.1814903846153846
144 0.6706730769230769 0.5204326923076923 0.17668269230769232 0.16947115384615385
144 0.8762019230769231 0.5216346153846154 0.1875 0.17067307692307693
225 0.10216346153846154 0.71875 0.15144230769230768 0.16947115384615385
47 0.109375 0.09975961538461539 0.16466346153846154 0.1658653846153846
225 0.8810096153846154 0.10576923076923077 0.15504807692307693 0.1622596153846154
225 0.7091346153846154 0.10697115384615384 0.1502403846153846 0.15504807692307693
144 0.5144230769230769 0.10817307692307693 0.18389423076923078 0.15504807692307693
144 0.30288461538461536 0.11298076923076923 0.1778846153846154 0.1658653846153846