47 0.10336538461538461 0.31850961538461536 0.17067307692307693 0.16826923076923078
225 0.10216346153846154 0.5324519230769231 0.16826923076923078 0.18509615384615385
47 0.4675480769230769 0.5204326923076923 0.17067307692307693 0.16826923076923078
47 0.2848557692307692 0.5276442307692307 0.16105769230769232 0.1875
144 0.671875 0.5144230769230769 0.18269230769230768 0.17548076923076922
144 0.8762019230769231 0.5084134615384616 0.19230769230769232 0.1778846153846154
225 0.11057692307692307 0.7319711538461539 0.15625 0.17548076923076922
47 0.09615384615384616 0.1141826923076923 0.17067307692307693 0.17067307692307693
225 0.8665865384615384 0.09254807692307693 0.16105769230769232 0.16826923076923078
225 0.6947115384615384 0.09975961538461539 0.15625 0.16105769230769232
144 0.5012019230769231 0.10817307692307693 0.18990384615384615 0.16105769230769232
144 0.28966346153846156 0.1201923076923077 0.18269230769230768 0.17307692307692307