86 0.12980769230769232 0.3016826923076923 0.19471153846153846 0.15865384615384615
242 0.28125 0.5901442307692307 0.18990384615384615 0.1658653846153846
86 0.4675480769230769 0.6262019230769231 0.2091346153846154 0.16826923076923078
86 0.09014423076923077 0.5649038461538461 0.18028846153846154 0.15865384615384615
197 0.8605769230769231 0.6911057692307693 0.1875 0.17067307692307693
242 0.6658653846153846 0.6610576923076923 0.18509615384615385 0.15625
197 0.07091346153846154 0.8233173076923077 0.14182692307692307 0.15625
242 0.35096153846153844 0.08413461538461539 0.1971153846153846 0.16826923076923078
242 0.16466346153846154 0.06610576923076923 0.18990384615384615 0.13221153846153846
197 0.5649038461538461 0.11778846153846154 0.1971153846153846 0.17307692307692307
86 0.7572115384615384 0.15384615384615385 0.20673076923076922 0.15865384615384615
197 0.9314903846153846 0.18509615384615385 0.13701923076923078 0.15384615384615385