86 0.09134615384615384 0.4254807692307692 0.18269230769230768 0.15865384615384615
242 0.31971153846153844 0.6538461538461539 0.18990384615384615 0.1658653846153846
86 0.5084134615384616 0.6298076923076923 0.2091346153846154 0.16826923076923078
86 0.12980769230769232 0.6899038461538461 0.18509615384615385 0.15865384615384615
197 0.9014423076923077 0.5697115384615384 0.1875 0.17067307692307693
242 0.7067307692307693 0.6021634615384616 0.18509615384615385 0.15625
197 0.16947115384615385 0.9338942307692307 0.18990384615384615 0.13221153846153846
242 0.22956730769230768 0.14543269230769232 0.1971153846153846 0.18028846153846154
242 0.06850961538461539 0.17427884615384615 0.13701923076923078 0.1658653846153846
197 0.44350961538461536 0.11538461538461539 0.1971153846153846 0.17307692307692307
86 0.6370192307692307 0.09134615384615384 0.20673076923076922 0.15865384615384615
197 0.8329326923076923 0.06850961538461539 0.18028846153846154 0.13701923076923078