29 0.054086538461538464 0.22596153846153846 0.10817307692307693 0.17307692307692307
186 0.3762019230769231 0.18028846153846154 0.12740384615384615 0.125
186 0.5204326923076923 0.16346153846153846 0.13942307692307693 0.13942307692307693
29 0.6875 0.14182692307692307 0.16346153846153846 0.16105769230769232
119 0.8641826923076923 0.11778846153846154 0.16826923076923078 0.13701923076923078
119 0.21514423076923078 0.21033653846153846 0.1778846153846154 0.1658653846153846
194 0.45072115384615385 0.4110576923076923 0.13701923076923078 0.17067307692307693
160 0.27403846153846156 0.4375 0.17307692307692307 0.1778846153846154
37 0.07091346153846154 0.46634615384615385 0.14182692307692307 0.17307692307692307
29 0.6418269230769231 0.40384615384615385 0.18028846153846154 0.14423076923076922
194 0.3317307692307692 0.6730769230769231 0.14423076923076922 0.17548076923076922
160 0.140625 0.7007211538461539 0.19471153846153846 0.20192307692307693