205 0.36177884615384615 0.359375 0.18269230769230768 0.19230769230769232
250 0.1310096153846154 0.34975961538461536 0.19471153846153846 0.17307692307692307
94 0.5997596153846154 0.37740384615384615 0.1875 0.18269230769230768
250 0.11899038461538461 0.6177884615384616 0.20192307692307693 0.17548076923076922
94 0.8209134615384616 0.6538461538461539 0.18509615384615385 0.1875
205 0.5889423076923077 0.6502403846153846 0.17548076923076922 0.17548076923076922
205 0.3425480769230769 0.6418269230769231 0.18990384615384615 0.19471153846153846
94 0.3317307692307692 0.8822115384615384 0.19471153846153846 0.19471153846153846
250 0.10336538461538461 0.8725961538461539 0.1875 0.17307692307692307
205 0.6033653846153846 0.11899038461538461 0.1875 0.1875
250 0.1502403846153846 0.09495192307692307 0.17548076923076922 0.18028846153846154
94 0.38221153846153844 0.11177884615384616 0.17307692307692307 0.18028846153846154