205 0.3545673076923077 0.36658653846153844 0.17307692307692307 0.18389423076923078
250 0.12379807692307693 0.36899038461538464 0.1875 0.16346153846153846
94 0.59375 0.37259615384615385 0.17908653846153846 0.17427884615384615
250 0.12620192307692307 0.6370192307692307 0.19230769230769232 0.1658653846153846
94 0.828125 0.6370192307692307 0.17668269230769232 0.1778846153846154
205 0.5961538461538461 0.6454326923076923 0.16706730769230768 0.16706730769230768
205 0.34975961538461536 0.6502403846153846 0.18028846153846154 0.18629807692307693
94 0.35216346153846156 0.890625 0.18629807692307693 0.18509615384615385
250 0.12379807692307693 0.8930288461538461 0.18028846153846154 0.16466346153846154
205 0.5829326923076923 0.1141826923076923 0.17908653846153846 0.1778846153846154
250 0.12980769230769232 0.1141826923076923 0.1658653846153846 0.17067307692307693
94 0.36177884615384615 0.11899038461538461 0.16346153846153846 0.171875