96 0.08052884615384616 0.171875 0.16105769230769232 0.19951923076923078
252 0.2848557692307692 0.16105769230769232 0.18509615384615385 0.20673076923076922
204 0.31971153846153844 0.3713942307692308 0.17548076923076922 0.1971153846153846
207 0.09495192307692307 0.42788461538461536 0.18028846153846154 0.18509615384615385
204 0.7608173076923077 0.5805288461538461 0.20673076923076922 0.18990384615384615
93 0.3233173076923077 0.6274038461538461 0.18990384615384615 0.17307692307692307
252 0.546875 0.6442307692307693 0.17548076923076922 0.19471153846153846
96 0.12259615384615384 0.6899038461538461 0.1778846153846154 0.17548076923076922
249 0.3329326923076923 0.8701923076923077 0.19951923076923078 0.16346153846153846
96 0.13822115384615385 0.9098557692307693 0.17067307692307693 0.18028846153846154
93 0.5012019230769231 0.10336538461538461 0.1875 0.17548076923076922
249 0.7175480769230769 0.0889423076923077 0.17548076923076922 0.1778846153846154