96 0.28125 0.16346153846153846 0.17548076923076922 0.17307692307692307
252 0.6899038461538461 0.12980769230769232 0.17548076923076922 0.1875
93 0.09134615384615384 0.36778846153846156 0.17067307692307693 0.18028846153846154
207 0.2920673076923077 0.3894230769230769 0.1778846153846154 0.1971153846153846
204 0.10576923076923077 0.6262019230769231 0.17307692307692307 0.18990384615384615
249 0.3125 0.609375 0.18028846153846154 0.1778846153846154
93 0.32572115384615385 0.8353365384615384 0.18028846153846154 0.18269230769230768
252 0.5360576923076923 0.8557692307692307 0.18028846153846154 0.1875
96 0.1310096153846154 0.8930288461538461 0.18509615384615385 0.19230769230769232
207 0.7524038461538461 0.8401442307692307 0.16105769230769232 0.19471153846153846
249 0.47596153846153844 0.09495192307692307 0.1658653846153846 0.16105769230769232
204 0.07692307692307693 0.140625 0.15384615384615385 0.18028846153846154