96 0.3173076923076923 0.14182692307692307 0.1658653846153846 0.16105769230769232
252 0.7271634615384616 0.15144230769230768 0.16346153846153846 0.1778846153846154
93 0.10697115384615384 0.32572115384615385 0.15865384615384615 0.17067307692307693
207 0.30528846153846156 0.36778846153846156 0.1658653846153846 0.1875
204 0.09495192307692307 0.5841346153846154 0.16105769230769232 0.18028846153846154
249 0.30288461538461536 0.5889423076923077 0.16826923076923078 0.1658653846153846
93 0.29086538461538464 0.8149038461538461 0.16826923076923078 0.17307692307692307
252 0.4987980769230769 0.8569711538461539 0.16826923076923078 0.1778846153846154
96 0.09254807692307693 0.8521634615384616 0.17307692307692307 0.18028846153846154
207 0.7163461538461539 0.8641826923076923 0.14903846153846154 0.18509615384615385
249 0.5180288461538461 0.09495192307692307 0.15625 0.15144230769230768
204 0.10697115384615384 0.0985576923076923 0.16346153846153846 0.16826923076923078