207 0.09975961538461539 0.14182692307692307 0.1658653846153846 0.17548076923076922
96 0.3317307692307692 0.13822115384615385 0.17548076923076922 0.17548076923076922
249 0.3125 0.33653846153846156 0.18028846153846154 0.15865384615384615
93 0.1045673076923077 0.34375 0.1778846153846154 0.16105769230769232
249 0.5276442307692307 0.38100961538461536 0.19471153846153846 0.16826923076923078
249 0.09735576923076923 0.6045673076923077 0.18269230769230768 0.15384615384615385
93 0.5420673076923077 0.6033653846153846 0.19230769230769232 0.1778846153846154
252 0.31850961538461536 0.6466346153846154 0.16826923076923078 0.17548076923076922
204 0.5564903846153846 0.8485576923076923 0.17548076923076922 0.17307692307692307
96 0.34375 0.8882211538461539 0.1658653846153846 0.18509615384615385
207 0.11778846153846154 0.9002403846153846 0.17067307692307693 0.17307692307692307
204 0.5444711538461539 0.09615384615384616 0.16826923076923078 0.18509615384615385