207 0.33774038461538464 0.13221153846153846 0.16105769230769232 0.18509615384615385
252 0.546875 0.15625 0.17067307692307693 0.18028846153846154
249 0.10216346153846154 0.3112980769230769 0.18509615384615385 0.17307692307692307
96 0.32211538461538464 0.37259615384615385 0.18028846153846154 0.19230769230769232
86 0.30288461538461536 0.5973557692307693 0.1778846153846154 0.13701923076923078
207 0.08533653846153846 0.5985576923076923 0.17067307692307693 0.1971153846153846
249 0.5024038461538461 0.8377403846153846 0.18028846153846154 0.16346153846153846
204 0.09254807692307693 0.8016826923076923 0.18269230769230768 0.18028846153846154
96 0.30408653846153844 0.8629807692307693 0.17307692307692307 0.1875
252 0.7199519230769231 0.8990384615384616 0.1778846153846154 0.1778846153846154
93 0.1310096153846154 0.078125 0.18028846153846154 0.15625
204 0.765625 0.1346153846153846 0.1658653846153846 0.18269230769230768