194 0.0985576923076923 0.27403846153846156 0.13942307692307693 0.17307692307692307
37 0.2704326923076923 0.3112980769230769 0.15384615384615385 0.1971153846153846
37 0.4567307692307692 0.3449519230769231 0.1658653846153846 0.18509615384615385
160 0.6454326923076923 0.3798076923076923 0.19951923076923078 0.19471153846153846
186 0.056490384615384616 0.5384615384615384 0.11298076923076923 0.13942307692307693
186 0.35096153846153844 0.5889423076923077 0.13701923076923078 0.13221153846153846
119 0.6742788461538461 0.6430288461538461 0.17307692307692307 0.15384615384615385
29 0.19831730769230768 0.5673076923076923 0.14903846153846154 0.15144230769230768
119 0.8617788461538461 0.6742788461538461 0.1658653846153846 0.15865384615384615
29 0.5024038461538461 0.6177884615384616 0.15625 0.1466346153846154
194 0.13581730769230768 0.06490384615384616 0.14182692307692307 0.12980769230769232
160 0.3293269230769231 0.08413461538461539 0.18269230769230768 0.16826923076923078