198 0.7067307692307693 0.12139423076923077 0.22355769230769232 0.18990384615384615
87 0.1045673076923077 0.45072115384615385 0.2091346153846154 0.18990384615384615
243 0.3112980769230769 0.42427884615384615 0.20673076923076922 0.1778846153846154
251 0.328125 0.6382211538461539 0.19951923076923078 0.20192307692307693
206 0.1201923076923077 0.6754807692307693 0.18990384615384615 0.21875
87 0.7896634615384616 0.5961538461538461 0.21153846153846154 0.20192307692307693
198 0.5817307692307693 0.6478365384615384 0.25 0.23317307692307693
95 0.36778846153846156 0.8725961538461539 0.19230769230769232 0.21634615384615385
243 0.16947115384615385 0.9194711538461539 0.2283653846153846 0.16105769230769232
206 0.06971153846153846 0.18028846153846154 0.13942307692307693 0.21153846153846154
95 0.26322115384615385 0.14783653846153846 0.20673076923076922 0.22596153846153846
251 0.46033653846153844 0.11778846153846154 0.19951923076923078 0.21634615384615385