243 0.7463942307692307 0.13221153846153846 0.22596153846153846 0.18990384615384615
87 0.10817307692307693 0.13701923076923078 0.203125 0.14302884615384615
251 0.3125 0.34134615384615385 0.1658653846153846 0.19951923076923078
198 0.11538461538461539 0.3798076923076923 0.18389423076923078 0.16105769230769232
95 0.31009615384615385 0.59375 0.16466346153846154 0.1778846153846154
251 0.5108173076923077 0.5997596153846154 0.16706730769230768 0.19831730769230768
243 0.1045673076923077 0.6334134615384616 0.19471153846153846 0.16466346153846154
87 0.7524038461538461 0.6358173076923077 0.20432692307692307 0.17548076923076922
206 0.09254807692307693 0.84375 0.17908653846153846 0.19831730769230768
198 0.33533653846153844 0.8822115384615384 0.20552884615384615 0.1622596153846154
95 0.31009615384615385 0.09975961538461539 0.15865384615384615 0.18990384615384615
206 0.5240384615384616 0.10336538461538461 0.15865384615384615 0.19471153846153846