243 0.7139423076923077 0.11177884615384616 0.24278846153846154 0.2091346153846154
87 0.09254807692307693 0.171875 0.18509615384615385 0.16105769230769232
251 0.29927884615384615 0.3581730769230769 0.18269230769230768 0.21394230769230768
198 0.10697115384615384 0.41346153846153844 0.1971153846153846 0.17548076923076922
95 0.31850961538461536 0.609375 0.18028846153846154 0.19230769230769232
251 0.5192307692307693 0.5985576923076923 0.18269230769230768 0.21153846153846154
243 0.11778846153846154 0.6670673076923077 0.2091346153846154 0.18028846153846154
87 0.7632211538461539 0.6129807692307693 0.21875 0.19230769230769232
206 0.12379807692307693 0.8774038461538461 0.19471153846153846 0.21394230769230768
198 0.36899038461538464 0.8954326923076923 0.21875 0.18028846153846154
95 0.2764423076923077 0.11778846153846154 0.17548076923076922 0.20192307692307693
206 0.4891826923076923 0.10336538461538461 0.17548076923076922 0.20673076923076922