244 0.10336538461538461 0.3629807692307692 0.17548076923076922 0.17427884615384615
88 0.32211538461538464 0.36778846153846156 0.17307692307692307 0.18028846153846154
244 0.7800480769230769 0.6189903846153846 0.18389423076923078 0.18629807692307693
200 0.10817307692307693 0.6274038461538461 0.18629807692307693 0.17908653846153846
245 0.33052884615384615 0.6286057692307693 0.18028846153846154 0.18509615384615385
199 0.5564903846153846 0.6358173076923077 0.17427884615384615 0.19951923076923078
88 0.31850961538461536 0.8822115384615384 0.18509615384615385 0.18389423076923078
89 0.10697115384615384 0.8822115384615384 0.18629807692307693 0.17548076923076922
245 0.5456730769230769 0.109375 0.171875 0.18870192307692307
89 0.3389423076923077 0.11658653846153846 0.1622596153846154 0.18389423076923078
199 0.7692307692307693 0.1201923076923077 0.18269230769230768 0.19110576923076922
200 0.11298076923076923 0.125 0.16826923076923078 0.18269230769230768