88 0.6045673076923077 0.13822115384615385 0.18990384615384615 0.1971153846153846
89 0.8269230769230769 0.15504807692307693 0.21153846153846154 0.21153846153846154
199 0.3701923076923077 0.125 0.19471153846153846 0.1971153846153846
245 0.359375 0.36778846153846156 0.20432692307692307 0.1971153846153846
200 0.12860576923076922 0.359375 0.1778846153846154 0.21153846153846154
244 0.5576923076923077 0.6550480769230769 0.19230769230769232 0.19230769230769232
245 0.78125 0.671875 0.18028846153846154 0.19230769230769232
200 0.33533653846153844 0.6418269230769231 0.17307692307692307 0.19951923076923078
89 0.11057692307692307 0.6262019230769231 0.19471153846153846 0.20192307692307693
199 0.09254807692307693 0.8701923076923077 0.18509615384615385 0.19951923076923078
89 0.32572115384615385 0.8966346153846154 0.19471153846153846 0.19230769230769232
244 0.14903846153846154 0.10697115384615384 0.19230769230769232 0.21394230769230768