200 0.328125 0.33653846153846156 0.18269230769230768 0.19471153846153846
88 0.1141826923076923 0.31971153846153844 0.18269230769230768 0.18990384615384615
244 0.7728365384615384 0.6322115384615384 0.18990384615384615 0.18269230769230768
245 0.08774038461538461 0.5733173076923077 0.17548076923076922 0.18509615384615385
199 0.5288461538461539 0.6225961538461539 0.1875 0.2091346153846154
88 0.30528846153846156 0.6069711538461539 0.18269230769230768 0.1971153846153846
200 0.2860576923076923 0.8389423076923077 0.17548076923076922 0.21153846153846154
89 0.0829326923076923 0.8257211538461539 0.1658653846153846 0.19471153846153846
244 0.7884615384615384 0.1310096153846154 0.18990384615384615 0.18990384615384615
199 0.5709134615384616 0.1141826923076923 0.17307692307692307 0.19471153846153846
245 0.3485576923076923 0.09615384615384616 0.18509615384615385 0.18509615384615385
89 0.13701923076923078 0.08774038461538461 0.1778846153846154 0.17548076923076922