200 0.34615384615384615 0.33653846153846156 0.19230769230769232 0.19951923076923078
89 0.11778846153846154 0.3329326923076923 0.18509615384615385 0.18990384615384615
89 0.7896634615384616 0.6346153846153846 0.19951923076923078 0.2091346153846154
88 0.11177884615384616 0.5985576923076923 0.18509615384615385 0.1971153846153846
200 0.3317307692307692 0.6141826923076923 0.17067307692307693 0.19471153846153846
199 0.5576923076923077 0.6274038461538461 0.18990384615384615 0.2091346153846154
245 0.0889423076923077 0.8425480769230769 0.1778846153846154 0.19471153846153846
244 0.3125 0.8581730769230769 0.20432692307692307 0.1875
244 0.5805288461538461 0.10096153846153846 0.1875 0.18509615384615385
245 0.12980769230769232 0.08413461538461539 0.18269230769230768 0.16826923076923078
199 0.3581730769230769 0.09375 0.18028846153846154 0.1778846153846154
88 0.8100961538461539 0.11899038461538461 0.20432692307692307 0.18990384615384615