200 0.33774038461538464 0.3449519230769231 0.18269230769230768 0.19110576923076922
89 0.109375 0.35336538461538464 0.17668269230769232 0.1814903846153846
89 0.796875 0.6189903846153846 0.18870192307692307 0.20072115384615385
88 0.11778846153846154 0.6189903846153846 0.17548076923076922 0.1875
200 0.33774038461538464 0.6225961538461539 0.16105769230769232 0.1875
199 0.5637019230769231 0.6237980769230769 0.18028846153846154 0.19951923076923078
245 0.10697115384615384 0.8653846153846154 0.171875 0.18509615384615385
244 0.3317307692307692 0.8677884615384616 0.19591346153846154 0.1778846153846154
244 0.5600961538461539 0.09735576923076923 0.1778846153846154 0.17668269230769232
245 0.10817307692307693 0.0985576923076923 0.17307692307692307 0.17067307692307693
199 0.33653846153846156 0.10216346153846154 0.171875 0.16947115384615385
88 0.7896634615384616 0.10336538461538461 0.19471153846153846 0.18028846153846154