244 0.3293269230769231 0.35697115384615385 0.18028846153846154 0.18389423076923078
200 0.10576923076923077 0.3641826923076923 0.17067307692307693 0.19471153846153846
89 0.5480769230769231 0.6177884615384616 0.16947115384615385 0.18990384615384615
200 0.32211538461538464 0.6237980769230769 0.1658653846153846 0.18990384615384615
244 0.7632211538461539 0.6237980769230769 0.18509615384615385 0.18028846153846154
244 0.10096153846153846 0.625 0.17307692307692307 0.18629807692307693
199 0.1045673076923077 0.8665865384615384 0.17067307692307693 0.18509615384615385
88 0.33052884615384615 0.8689903846153846 0.19230769230769232 0.20192307692307693
245 0.3137019230769231 0.11057692307692307 0.18509615384615385 0.17067307692307693
199 0.5408653846153846 0.11298076923076923 0.16105769230769232 0.19951923076923078
88 0.10216346153846154 0.1141826923076923 0.16466346153846154 0.18509615384615385
89 0.7716346153846154 0.11778846153846154 0.1935096153846154 0.19471153846153846