202 0.8533653846153846 0.19591346153846154 0.1778846153846154 0.1971153846153846
247 0.3798076923076923 0.13822115384615385 0.18509615384615385 0.18028846153846154
246 0.12620192307692307 0.28125 0.18269230769230768 0.19230769230769232
91 0.35336538461538464 0.3605769230769231 0.18509615384615385 0.18990384615384615
246 0.5889423076923077 0.5997596153846154 0.20192307692307693 0.21634615384615385
90 0.8209134615384616 0.6346153846153846 0.19230769230769232 0.20673076923076922
91 0.34615384615384615 0.6117788461538461 0.20192307692307693 0.18269230769230768
202 0.0889423076923077 0.5817307692307693 0.1778846153846154 0.1778846153846154
201 0.078125 0.7728365384615384 0.15625 0.19951923076923078
247 0.28125 0.8377403846153846 0.18509615384615385 0.18269230769230768
90 0.6466346153846154 0.11658653846153846 0.18269230769230768 0.19951923076923078
201 0.16826923076923078 0.078125 0.1875 0.15625