202 0.8076923076923077 0.1502403846153846 0.15384615384615385 0.1778846153846154
247 0.33052884615384615 0.15865384615384615 0.16466346153846154 0.15865384615384615
246 0.09975961538461539 0.33533653846153844 0.16105769230769232 0.171875
91 0.33533653846153844 0.38221153846153844 0.1622596153846154 0.16947115384615385
246 0.6021634615384616 0.5865384615384616 0.17668269230769232 0.19471153846153846
90 0.8365384615384616 0.5889423076923077 0.16706730769230768 0.18629807692307693
91 0.3629807692307692 0.6322115384615384 0.18269230769230768 0.15865384615384615
202 0.1045673076923077 0.6382211538461539 0.15865384615384615 0.15745192307692307
201 0.10697115384615384 0.8305288461538461 0.15865384615384615 0.18028846153846154
247 0.33052884615384615 0.8653846153846154 0.16346153846153846 0.16105769230769232
90 0.5913461538461539 0.09975961538461539 0.15865384615384615 0.18028846153846154
201 0.109375 0.1045673076923077 0.1622596153846154 0.18509615384615385