202 0.8016826923076923 0.14543269230769232 0.15625 0.18028846153846154
247 0.3245192307692308 0.1622596153846154 0.16826923076923078 0.16105769230769232
246 0.09735576923076923 0.3425480769230769 0.16346153846153846 0.17548076923076922
91 0.3329326923076923 0.38461538461538464 0.1658653846153846 0.17307692307692307
246 0.6033653846153846 0.5853365384615384 0.18028846153846154 0.1971153846153846
90 0.8377403846153846 0.5829326923076923 0.17067307692307693 0.18990384615384615
91 0.36538461538461536 0.6346153846153846 0.18509615384615385 0.16105769230769232
202 0.10697115384615384 0.6454326923076923 0.16105769230769232 0.16105769230769232
201 0.11298076923076923 0.8377403846153846 0.16105769230769232 0.18269230769230768
247 0.33653846153846156 0.8677884615384616 0.1658653846153846 0.16346153846153846
90 0.5841346153846154 0.0985576923076923 0.16105769230769232 0.18269230769230768
201 0.10216346153846154 0.11177884615384616 0.1658653846153846 0.1875