91 0.5865384615384616 0.15144230769230768 0.18028846153846154 0.17067307692307693
202 0.3293269230769231 0.15745192307692307 0.16105769230769232 0.17067307692307693
90 0.10697115384615384 0.3581730769230769 0.17067307692307693 0.18269230769230768
247 0.33413461538461536 0.40865384615384615 0.17067307692307693 0.1658653846153846
201 0.5913461538461539 0.6033653846153846 0.16346153846153846 0.1971153846153846
246 0.11177884615384616 0.6129807692307693 0.18028846153846154 0.18509615384615385
202 0.8305288461538461 0.6370192307692307 0.17067307692307693 0.18028846153846154
91 0.34134615384615385 0.6586538461538461 0.17067307692307693 0.16826923076923078
90 0.36778846153846156 0.8509615384615384 0.16826923076923078 0.18509615384615385
247 0.11057692307692307 0.9014423076923077 0.16826923076923078 0.15384615384615385
246 0.0985576923076923 0.11658653846153846 0.1658653846153846 0.16826923076923078
201 0.8449519230769231 0.10576923076923077 0.17067307692307693 0.18509615384615385