247 0.7944711538461539 0.171875 0.17067307692307693 0.1778846153846154
202 0.11298076923076923 0.3858173076923077 0.1658653846153846 0.1658653846153846
91 0.36538461538461536 0.40384615384615385 0.18028846153846154 0.1778846153846154
201 0.6057692307692307 0.6105769230769231 0.1658653846153846 0.18028846153846154
90 0.8413461538461539 0.6201923076923077 0.1658653846153846 0.20432692307692307
91 0.34975961538461536 0.6478365384615384 0.17067307692307693 0.1778846153846154
247 0.09735576923076923 0.6454326923076923 0.16826923076923078 0.18269230769230768
246 0.3473557692307692 0.8401442307692307 0.1778846153846154 0.18990384615384615
202 0.09134615384615384 0.875 0.1658653846153846 0.1658653846153846
246 0.11778846153846154 0.09975961538461539 0.1658653846153846 0.18509615384615385
201 0.34975961538461536 0.11177884615384616 0.16826923076923078 0.18028846153846154
90 0.5817307692307693 0.12379807692307693 0.1658653846153846 0.18990384615384615