247 0.7824519230769231 0.1622596153846154 0.1658653846153846 0.17307692307692307
202 0.109375 0.39903846153846156 0.15985576923076922 0.15985576923076922
91 0.36177884615384615 0.40865384615384615 0.17548076923076922 0.171875
201 0.609375 0.6069711538461539 0.15985576923076922 0.17548076923076922
90 0.8449519230769231 0.6081730769230769 0.15985576923076922 0.19831730769230768
91 0.3545673076923077 0.6526442307692307 0.16466346153846154 0.171875
247 0.10216346153846154 0.6598557692307693 0.1622596153846154 0.1778846153846154
246 0.359375 0.8449519230769231 0.17067307692307693 0.18389423076923078
202 0.1045673076923077 0.8894230769230769 0.16105769230769232 0.15985576923076922
246 0.1045673076923077 0.11298076923076923 0.15985576923076922 0.18028846153846154
201 0.33653846153846156 0.11778846153846154 0.1622596153846154 0.17548076923076922
90 0.5685096153846154 0.12139423076923077 0.15865384615384615 0.18389423076923078