247 0.09495192307692307 0.16826923076923078 0.14783653846153846 0.1502403846153846
91 0.5673076923076923 0.17307692307692307 0.15384615384615385 0.16105769230769232
246 0.3317307692307692 0.35216346153846156 0.18629807692307693 0.171875
202 0.09735576923076923 0.39783653846153844 0.1466346153846154 0.14903846153846154
201 0.5552884615384616 0.5949519230769231 0.15625 0.18269230769230768
90 0.1045673076923077 0.5997596153846154 0.16706730769230768 0.17307692307692307
247 0.7836538461538461 0.6382211538461539 0.1658653846153846 0.171875
91 0.3125 0.6430288461538461 0.18028846153846154 0.15144230769230768
201 0.34975961538461536 0.8329326923076923 0.15504807692307693 0.18389423076923078
202 0.09615384615384616 0.8689903846153846 0.15745192307692307 0.14903846153846154
201 0.3473557692307692 0.12259615384615384 0.16826923076923078 0.16826923076923078
90 0.8137019230769231 0.12740384615384615 0.15625 0.18990384615384615