91 0.10817307692307693 0.1502403846153846 0.16706730769230768 0.1502403846153846
202 0.3605769230769231 0.15504807692307693 0.17067307692307693 0.15985576923076922
246 0.1045673076923077 0.33774038461538464 0.16105769230769232 0.18629807692307693
247 0.3329326923076923 0.38822115384615385 0.16947115384615385 0.171875
246 0.6105769230769231 0.5961538461538461 0.16826923076923078 0.19591346153846154
90 0.8545673076923077 0.6021634615384616 0.18509615384615385 0.18509615384615385
247 0.35096153846153844 0.6442307692307693 0.17067307692307693 0.17668269230769232
91 0.109375 0.6466346153846154 0.1622596153846154 0.16826923076923078
201 0.1141826923076923 0.8497596153846154 0.1622596153846154 0.19110576923076922
202 0.35096153846153844 0.8870192307692307 0.15745192307692307 0.16826923076923078
90 0.6358173076923077 0.10336538461538461 0.17067307692307693 0.18870192307692307
201 0.8617788461538461 0.10576923076923077 0.1622596153846154 0.18509615384615385