91 0.140625 0.11778846153846154 0.18028846153846154 0.16346153846153846
202 0.390625 0.14423076923076922 0.18509615384615385 0.17307692307692307
246 0.1201923076923077 0.30408653846153844 0.17548076923076922 0.19951923076923078
247 0.34375 0.3737980769230769 0.18269230769230768 0.18509615384615385
246 0.6021634615384616 0.6057692307692307 0.18509615384615385 0.2091346153846154
90 0.84375 0.6322115384615384 0.19951923076923078 0.19951923076923078
247 0.3389423076923077 0.6310096153846154 0.18509615384615385 0.18990384615384615
91 0.0985576923076923 0.6117788461538461 0.17548076923076922 0.18269230769230768
201 0.08653846153846154 0.8137019230769231 0.17307692307692307 0.20432692307692307
202 0.3173076923076923 0.8725961538461539 0.17067307692307693 0.18028846153846154
90 0.6694711538461539 0.11658653846153846 0.1875 0.20192307692307693
201 0.8942307692307693 0.13822115384615385 0.1778846153846154 0.19951923076923078