91 0.11899038461538461 0.14423076923076922 0.1622596153846154 0.16105769230769232
246 0.3713942307692308 0.33653846153846156 0.19110576923076922 0.1814903846153846
247 0.11177884615384616 0.38822115384615385 0.16466346153846154 0.16947115384615385
246 0.1141826923076923 0.5949519230769231 0.1778846153846154 0.19471153846153846
90 0.35096153846153844 0.6021634615384616 0.15985576923076922 0.18870192307692307
247 0.5709134615384616 0.640625 0.17908653846153846 0.18990384615384615
91 0.8365384615384616 0.640625 0.1658653846153846 0.19951923076923078
201 0.12259615384615384 0.8401442307692307 0.16947115384615385 0.1935096153846154
202 0.35697115384615385 0.8882211538461539 0.1622596153846154 0.17548076923076922
201 0.37740384615384615 0.0985576923076923 0.15985576923076922 0.1778846153846154
90 0.6165865384615384 0.10336538461538461 0.1658653846153846 0.1875
202 0.8449519230769231 0.13581730769230768 0.15985576923076922 0.17067307692307693