91 0.14423076923076922 0.11899038461538461 0.17307692307692307 0.17307692307692307
246 0.38341346153846156 0.328125 0.20432692307692307 0.19471153846153846
247 0.1201923076923077 0.36177884615384615 0.17548076923076922 0.18028846153846154
246 0.10817307692307693 0.5673076923076923 0.18990384615384615 0.20673076923076922
90 0.34375 0.5913461538461539 0.17307692307692307 0.19951923076923078
247 0.5612980769230769 0.6454326923076923 0.19230769230769232 0.20192307692307693
91 0.8257211538461539 0.6634615384615384 0.18028846153846154 0.21153846153846154
201 0.09975961538461539 0.8125 0.18269230769230768 0.20432692307692307
202 0.33052884615384615 0.8774038461538461 0.17307692307692307 0.1875
201 0.4050480769230769 0.09254807692307693 0.17067307692307693 0.18509615384615385
90 0.6442307692307693 0.11298076923076923 0.1778846153846154 0.19951923076923078
202 0.8689903846153846 0.16105769230769232 0.17067307692307693 0.18028846153846154