203 0.0985576923076923 0.1814903846153846 0.1971153846153846 0.21875
92 0.34975961538461536 0.3713942307692308 0.25 0.22115384615384615
248 0.10697115384615384 0.4014423076923077 0.21394230769230768 0.1971153846153846
248 0.3701923076923077 0.6165865384615384 0.24759615384615385 0.21153846153846154
203 0.8701923076923077 0.5612980769230769 0.24759615384615385 0.23798076923076922
92 0.12980769230769232 0.6574519230769231 0.23557692307692307 0.21634615384615385
92 0.6177884615384616 0.5997596153846154 0.24519230769230768 0.23317307692307693
248 0.4110576923076923 0.8521634615384616 0.24278846153846154 0.20432692307692307
203 0.16826923076923078 0.8894230769230769 0.25 0.22115384615384615
248 0.3137019230769231 0.140625 0.25240384615384615 0.19951923076923078
203 0.5685096153846154 0.11658653846153846 0.25 0.19471153846153846
92 0.8245192307692307 0.09254807692307693 0.23557692307692307 0.18509615384615385