29 0.7475961538461539 0.12259615384615384 0.1310096153846154 0.11658653846153846
186 0.0829326923076923 0.3485576923076923 0.10336538461538461 0.11658653846153846
186 0.21875 0.34975961538461536 0.12379807692307693 0.1045673076923077
119 0.6983173076923077 0.34975961538461536 0.15504807692307693 0.11899038461538461
119 0.8810096153846154 0.35336538461538464 0.15504807692307693 0.12740384615384615
29 0.375 0.36177884615384615 0.12620192307692307 0.1201923076923077
29 0.5360576923076923 0.3629807692307692 0.1310096153846154 0.12139423076923077
160 0.11057692307692307 0.5697115384615384 0.1466346153846154 0.171875
160 0.7884615384615384 0.7956730769230769 0.16947115384615385 0.16466346153846154
37 0.09134615384615384 0.7992788461538461 0.125 0.16706730769230768
194 0.5961538461538461 0.8004807692307693 0.12980769230769232 0.15745192307692307
194 0.2608173076923077 0.8052884615384616 0.11899038461538461 0.16105769230769232
37 0.4375 0.8076923076923077 0.13221153846153846 0.171875
186 0.8882211538461539 0.1045673076923077 0.109375 0.1141826923076923
186 0.5973557692307693 0.10817307692307693 0.12139423076923077 0.10817307692307693
119 0.2932692307692308 0.11057692307692307 0.1502403846153846 0.13701923076923078
29 0.4519230769230769 0.11177884615384616 0.12139423076923077 0.11778846153846154
119 0.1141826923076923 0.1141826923076923 0.14423076923076922 0.1346153846153846