248 0.11538461538461539 0.359375 0.23076923076923078 0.19471153846153846
248 0.3581730769230769 0.35336538461538464 0.2403846153846154 0.18990384615384615
92 0.12620192307692307 0.6117788461538461 0.22355769230769232 0.19471153846153846
203 0.6153846153846154 0.5961538461538461 0.23798076923076922 0.20192307692307693
203 0.8689903846153846 0.5889423076923077 0.23076923076923078 0.20432692307692307
248 0.36538461538461536 0.609375 0.23076923076923078 0.18269230769230768
92 0.140625 0.8449519230769231 0.2283653846153846 0.21394230769230768
248 0.3762019230769231 0.84375 0.2283653846153846 0.21394230769230768
203 0.36177884615384615 0.11899038461538461 0.23557692307692307 0.1971153846153846
92 0.6117788461538461 0.11298076923076923 0.21875 0.1971153846153846
203 0.8545673076923077 0.1045673076923077 0.22596153846153846 0.18990384615384615
92 0.11057692307692307 0.1310096153846154 0.21394230769230768 0.20432692307692307