126 0.29447115384615385 0.3233173076923077 0.16706730769230768 0.12139423076923077
52 0.6033653846153846 0.3245192307692308 0.12740384615384615 0.11658653846153846
52 0.9026442307692307 0.3293269230769231 0.1201923076923077 0.10697115384615384
104 0.7596153846153846 0.3293269230769231 0.13221153846153846 0.12259615384615384
104 0.46274038461538464 0.33052884615384615 0.12620192307692307 0.12860576923076922
126 0.109375 0.3317307692307692 0.171875 0.1310096153846154
126 0.40024038461538464 0.5697115384615384 0.17427884615384615 0.1346153846153846
126 0.5949519230769231 0.5697115384615384 0.16947115384615385 0.1346153846153846
52 0.7512019230769231 0.5709134615384616 0.12379807692307693 0.10336538461538461
104 0.21995192307692307 0.5757211538461539 0.13581730769230768 0.12259615384615384
104 0.8918269230769231 0.5769230769230769 0.1346153846153846 0.12620192307692307
52 0.06971153846153846 0.578125 0.12379807692307693 0.12860576923076922
126 0.4182692307692308 0.07692307692307693 0.1622596153846154 0.12980769230769232
104 0.27283653846153844 0.8173076923076923 0.12379807692307693 0.13701923076923078
52 0.6069711538461539 0.8173076923076923 0.1141826923076923 0.10817307692307693
52 0.7487980769230769 0.8173076923076923 0.11538461538461539 0.12139423076923077
126 0.45072115384615385 0.8185096153846154 0.1658653846153846 0.11899038461538461
126 0.1045673076923077 0.8197115384615384 0.16706730769230768 0.14543269230769232
104 0.8930288461538461 0.8221153846153846 0.12860576923076922 0.11057692307692307
104 0.23918269230769232 0.08533653846153846 0.15264423076923078 0.11899038461538461
52 0.5817307692307693 0.08653846153846154 0.12379807692307693 0.11538461538461539
126 0.7487980769230769 0.08774038461538461 0.16706730769230768 0.13942307692307693
52 0.9086538461538461 0.08774038461538461 0.12379807692307693 0.11778846153846154
104 0.07932692307692307 0.0889423076923077 0.12620192307692307 0.13701923076923078