126 0.3245192307692308 0.2932692307692308 0.18509615384615385 0.1466346153846154
52 0.6298076923076923 0.3425480769230769 0.14423076923076922 0.1346153846153846
52 0.9242788461538461 0.3942307692307692 0.1346153846153846 0.125
104 0.7836538461538461 0.37259615384615385 0.14903846153846154 0.14182692307692307
104 0.4891826923076923 0.3269230769230769 0.14423076923076922 0.1466346153846154
126 0.140625 0.27283653846153844 0.18990384615384615 0.15625
126 0.390625 0.5528846153846154 0.19230769230769232 0.16105769230769232
126 0.5829326923076923 0.5841346153846154 0.1875 0.15865384615384615
52 0.7367788461538461 0.609375 0.13942307692307693 0.12259615384615384
104 0.21153846153846154 0.53125 0.15384615384615385 0.14182692307692307
104 0.875 0.6370192307692307 0.15384615384615385 0.1466346153846154
52 0.06610576923076923 0.5084134615384616 0.13221153846153846 0.1466346153846154
126 0.484375 0.0733173076923077 0.18028846153846154 0.1466346153846154
104 0.22596153846153846 0.7776442307692307 0.14423076923076922 0.15384615384615385
52 0.5564903846153846 0.8305288461538461 0.12980769230769232 0.125
52 0.6959134615384616 0.8521634615384616 0.13221153846153846 0.13701923076923078
126 0.4014423076923077 0.8064903846153846 0.18269230769230768 0.14423076923076922
126 0.07572115384615384 0.7536057692307693 0.15144230769230768 0.17067307692307693
104 0.8377403846153846 0.8798076923076923 0.14423076923076922 0.12980769230769232
104 0.3076923076923077 0.06009615384615385 0.16826923076923078 0.1201923076923077
52 0.6454326923076923 0.1045673076923077 0.13942307692307693 0.13221153846153846
126 0.8100961538461539 0.13221153846153846 0.1875 0.16346153846153846
52 0.9483173076923077 0.15625 0.10336538461538461 0.1346153846153846
104 0.14783653846153846 0.052884615384615384 0.1466346153846154 0.10576923076923077