60 0.10817307692307693 0.26802884615384615 0.14423076923076922 0.1778846153846154
60 0.27163461538461536 0.3004807692307692 0.15384615384615385 0.17307692307692307
112 0.07932692307692307 0.515625 0.15865384615384615 0.19951923076923078
60 0.052884615384615384 0.7379807692307693 0.10576923076923077 0.1875
60 0.40384615384615385 0.8004807692307693 0.14423076923076922 0.18028846153846154
134 0.22956730769230768 0.7788461538461539 0.18990384615384615 0.19951923076923078
112 0.7872596153846154 0.8665865384615384 0.15625 0.19471153846153846
134 0.5985576923076923 0.8377403846153846 0.19471153846153846 0.18269230769230768
134 0.5649038461538461 0.10576923076923077 0.19951923076923078 0.19230769230769232
112 0.3605769230769231 0.0829326923076923 0.14423076923076922 0.1658653846153846
134 0.17908653846153846 0.06971153846153846 0.19471153846153846 0.13942307692307693
112 0.7463942307692307 0.14423076923076922 0.16826923076923078 0.18509615384615385