60 0.09735576923076923 0.28846153846153844 0.13701923076923078 0.17067307692307693
60 0.2608173076923077 0.3125 0.1466346153846154 0.16826923076923078
112 0.08052884615384616 0.5384615384615384 0.15144230769230768 0.19471153846153846
60 0.057692307692307696 0.7620192307692307 0.11538461538461539 0.18269230769230768
60 0.41947115384615385 0.8040865384615384 0.13701923076923078 0.17548076923076922
134 0.2439903846153846 0.7920673076923077 0.18028846153846154 0.19230769230769232
112 0.8064903846153846 0.8509615384615384 0.14903846153846154 0.18990384615384615
134 0.6165865384615384 0.8329326923076923 0.18990384615384615 0.17548076923076922
134 0.5444711538461539 0.10336538461538461 0.19230769230769232 0.18509615384615385
112 0.3401442307692308 0.08653846153846154 0.13701923076923078 0.1658653846153846
134 0.15504807692307693 0.07572115384615384 0.18990384615384615 0.15144230769230768
112 0.7271634615384616 0.13221153846153846 0.16105769230769232 0.1778846153846154