37 0.27524038461538464 0.13701923076923078 0.13341346153846154 0.17668269230769232
119 0.6358173076923077 0.14903846153846154 0.1778846153846154 0.14182692307692307
160 0.14182692307692307 0.36177884615384615 0.16947115384615385 0.17067307692307693
37 0.3401442307692308 0.3629807692307692 0.13701923076923078 0.16466346153846154
29 0.7692307692307693 0.6394230769230769 0.13341346153846154 0.12620192307692307
186 0.09735576923076923 0.640625 0.12379807692307693 0.12139423076923077
186 0.43149038461538464 0.6442307692307693 0.12980769230769232 0.1201923076923077
119 0.26802884615384615 0.6466346153846154 0.16947115384615385 0.13942307692307693
119 0.5985576923076923 0.6466346153846154 0.17548076923076922 0.12980769230769232
29 0.9266826923076923 0.6478365384615384 0.12980769230769232 0.13341346153846154
194 0.4423076923076923 0.12139423076923077 0.12620192307692307 0.15745192307692307
194 0.09014423076923077 0.12259615384615384 0.13341346153846154 0.16706730769230768