136 0.12860576923076922 0.12620192307692307 0.20192307692307693 0.20673076923076922
133 0.1201923076923077 0.33533653846153844 0.19230769230769232 0.18028846153846154
114 0.32091346153846156 0.38461538461538464 0.14423076923076922 0.17067307692307693
62 0.515625 0.3918269230769231 0.14182692307692307 0.18269230769230768
59 0.08774038461538461 0.5961538461538461 0.14182692307692307 0.18028846153846154
126 0.28725961538461536 0.625 0.20192307692307693 0.15625
111 0.10216346153846154 0.84375 0.16826923076923078 0.18028846153846154
133 0.3173076923076923 0.8629807692307693 0.20432692307692307 0.18028846153846154
114 0.703125 0.9110576923076923 0.15625 0.1778846153846154
62 0.5084134615384616 0.9050480769230769 0.15625 0.18990384615384615
59 0.32572115384615385 0.08533653846153846 0.125 0.16346153846153846
111 0.5084134615384616 0.10096153846153846 0.17067307692307693 0.16346153846153846