136 0.11538461538461539 0.13942307692307693 0.19591346153846154 0.20072115384615385
133 0.1141826923076923 0.3485576923076923 0.18629807692307693 0.17307692307692307
114 0.3173076923076923 0.390625 0.13822115384615385 0.16706730769230768
62 0.5120192307692307 0.3918269230769231 0.1346153846153846 0.17908653846153846
59 0.09134615384615384 0.6105769230769231 0.1346153846153846 0.17548076923076922
126 0.2920673076923077 0.6322115384615384 0.19591346153846154 0.14903846153846154
111 0.1141826923076923 0.8569711538461539 0.16105769230769232 0.17548076923076922
133 0.33052884615384615 0.8689903846153846 0.19831730769230768 0.17307692307692307
114 0.7175480769230769 0.9050480769230769 0.14903846153846154 0.17548076923076922
62 0.5240384615384616 0.90625 0.14903846153846154 0.1875
59 0.3112980769230769 0.09134615384615384 0.1201923076923077 0.15865384615384615
111 0.49399038461538464 0.10096153846153846 0.1658653846153846 0.15745192307692307