136 0.3088942307692308 0.14423076923076922 0.1814903846153846 0.17067307692307693
59 0.2704326923076923 0.35216346153846156 0.13942307692307693 0.1622596153846154
133 0.48197115384615385 0.35216346153846156 0.19230769230769232 0.17307692307692307
114 0.09014423076923077 0.3918269230769231 0.13221153846153846 0.1778846153846154
62 0.6778846153846154 0.3954326923076923 0.15384615384615385 0.16466346153846154
111 0.08653846153846154 0.6117788461538461 0.13581730769230768 0.17908653846153846
62 0.27163461538461536 0.6610576923076923 0.140625 0.1814903846153846
133 0.11177884615384616 0.8557692307692307 0.18629807692307693 0.17427884615384615
59 0.2980769230769231 0.8665865384615384 0.1502403846153846 0.1622596153846154
114 0.7211538461538461 0.9002403846153846 0.14543269230769232 0.1778846153846154
136 0.5204326923076923 0.9038461538461539 0.18028846153846154 0.1658653846153846
111 0.08653846153846154 0.09975961538461539 0.13942307692307693 0.16466346153846154