133 0.33413461538461536 0.31009615384615385 0.1971153846153846 0.18509615384615385
114 0.12620192307692307 0.3293269230769231 0.15865384615384615 0.1778846153846154
62 0.5060096153846154 0.3737980769230769 0.14423076923076922 0.18269230769230768
111 0.0889423076923077 0.5288461538461539 0.13942307692307693 0.17067307692307693
133 0.2824519230769231 0.5600961538461539 0.1971153846153846 0.18269230769230768
136 0.6742788461538461 0.6358173076923077 0.1875 0.20432692307692307
114 0.4735576923076923 0.6165865384615384 0.14182692307692307 0.18509615384615385
59 0.06129807692307692 0.7620192307692307 0.12259615384615384 0.17307692307692307
62 0.20673076923076922 0.8233173076923077 0.1466346153846154 0.18269230769230768
111 0.1310096153846154 0.06850961538461539 0.14182692307692307 0.13701923076923078
59 0.3016826923076923 0.078125 0.16105769230769232 0.15625
126 0.4987980769230769 0.11658653846153846 0.19471153846153846 0.16105769230769232