114 0.3245192307692308 0.10576923076923077 0.16826923076923078 0.19230769230769232
62 0.7091346153846154 0.17307692307692307 0.14903846153846154 0.18269230769230768
111 0.33653846153846156 0.30408653846153844 0.16346153846153846 0.18269230769230768
173 0.14182692307692307 0.3088942307692308 0.21875 0.21153846153846154
59 0.0733173076923077 0.5012019230769231 0.1466346153846154 0.17548076923076922
126 0.26802884615384615 0.5673076923076923 0.19471153846153846 0.16105769230769232
111 0.4050480769230769 0.8088942307692307 0.1658653846153846 0.19471153846153846
133 0.6141826923076923 0.8473557692307693 0.2091346153846154 0.19471153846153846
114 0.21995192307692307 0.8137019230769231 0.16346153846153846 0.19471153846153846
62 0.06370192307692307 0.7860576923076923 0.12740384615384615 0.19230769230769232
59 0.15985576923076922 0.057692307692307696 0.1466346153846154 0.11538461538461539
133 0.5324519230769231 0.0985576923076923 0.21634615384615385 0.1971153846153846