114 0.25841346153846156 0.14182692307692307 0.140625 0.16947115384615385
62 0.6490384615384616 0.14182692307692307 0.12139423076923077 0.16346153846153846
111 0.30528846153846156 0.33533653846153844 0.13822115384615385 0.16105769230769232
173 0.1141826923076923 0.3737980769230769 0.18870192307692307 0.18269230769230768
59 0.078125 0.5769230769230769 0.12980769230769232 0.15504807692307693
126 0.28365384615384615 0.6069711538461539 0.17548076923076922 0.13221153846153846
111 0.46033653846153844 0.8209134615384616 0.13701923076923078 0.17427884615384615
133 0.6730769230769231 0.8221153846153846 0.18389423076923078 0.16466346153846154
114 0.27884615384615385 0.8569711538461539 0.1346153846153846 0.17307692307692307
62 0.109375 0.859375 0.12259615384615384 0.17427884615384615
59 0.08413461538461539 0.09615384615384616 0.12259615384615384 0.15144230769230768
133 0.46274038461538464 0.0985576923076923 0.18990384615384615 0.16706730769230768