114 0.1310096153846154 0.1045673076923077 0.14903846153846154 0.1658653846153846
136 0.3329326923076923 0.11658653846153846 0.18990384615384615 0.1658653846153846
133 0.3088942307692308 0.3112980769230769 0.20673076923076922 0.18269230769230768
62 0.10096153846153846 0.3389423076923077 0.1346153846153846 0.17067307692307693
133 0.484375 0.5637019230769231 0.18269230769230768 0.18028846153846154
111 0.890625 0.5877403846153846 0.14423076923076922 0.16105769230769232
59 0.2776442307692308 0.5649038461538461 0.13221153846153846 0.17067307692307693
136 0.6923076923076923 0.6177884615384616 0.19471153846153846 0.17548076923076922
114 0.10096153846153846 0.5949519230769231 0.15384615384615385 0.16826923076923078
62 0.08173076923076923 0.8305288461538461 0.13701923076923078 0.1658653846153846
59 0.5240384615384616 0.09014423076923077 0.125 0.1658653846153846
111 0.6971153846153846 0.09975961538461539 0.15384615384615385 0.18028846153846154