114 0.08533653846153846 0.15264423076923078 0.15144230769230768 0.16826923076923078
136 0.28846153846153844 0.140625 0.19230769230769232 0.17067307692307693
133 0.28725961538461536 0.33653846153846156 0.2091346153846154 0.1875
62 0.08413461538461539 0.3894230769230769 0.13942307692307693 0.17307692307692307
133 0.49278846153846156 0.5661057692307693 0.18509615384615385 0.18269230769230768
111 0.8978365384615384 0.5396634615384616 0.1466346153846154 0.16346153846153846
59 0.28725961538461536 0.5925480769230769 0.13701923076923078 0.17067307692307693
136 0.7055288461538461 0.5925480769230769 0.1971153846153846 0.18028846153846154
114 0.11538461538461539 0.6430288461538461 0.15625 0.17067307692307693
62 0.125 0.8798076923076923 0.13942307692307693 0.16826923076923078
59 0.4735576923076923 0.09014423076923077 0.12740384615384615 0.16826923076923078
111 0.6454326923076923 0.08533653846153846 0.15625 0.17067307692307693