59 0.6790865384615384 0.3125 0.1346153846153846 0.15865384615384615
111 0.2776442307692308 0.3173076923076923 0.13341346153846154 0.15865384615384615
114 0.09254807692307693 0.3557692307692308 0.12980769230769232 0.16826923076923078
136 0.49399038461538464 0.3581730769230769 0.18028846153846154 0.18870192307692307
62 0.08774038461538461 0.6165865384615384 0.13581730769230768 0.16466346153846154
133 0.28966346153846156 0.08052884615384616 0.18028846153846154 0.15745192307692307
59 0.26322115384615385 0.8100961538461539 0.14543269230769232 0.15384615384615385
133 0.4795673076923077 0.8100961538461539 0.17668269230769232 0.16706730769230768
111 0.09134615384615384 0.8137019230769231 0.12860576923076922 0.16706730769230768
114 0.8966346153846154 0.8545673076923077 0.12620192307692307 0.16706730769230768
136 0.6947115384615384 0.8605769230769231 0.19591346153846154 0.1778846153846154
62 0.08052884615384616 0.11899038461538461 0.13822115384615385 0.17307692307692307