127 0.3112980769230769 0.13221153846153846 0.18990384615384615 0.15264423076923078
105 0.1141826923076923 0.14543269230769232 0.16826923076923078 0.14302884615384615
135 0.3004807692307692 0.328125 0.1778846153846154 0.19591346153846154
113 0.09254807692307693 0.3317307692307692 0.140625 0.18269230769230768
53 0.5060096153846154 0.3798076923076923 0.16466346153846154 0.14543269230769232
61 0.6574519230769231 0.5793269230769231 0.12860576923076922 0.18389423076923078
135 0.47596153846153844 0.5829326923076923 0.17548076923076922 0.18028846153846154
105 0.109375 0.6201923076923077 0.1622596153846154 0.15504807692307693
53 0.2824519230769231 0.625 0.15625 0.15625
113 0.09375 0.8209134615384616 0.1346153846153846 0.17548076923076922
127 0.3173076923076923 0.8629807692307693 0.19230769230769232 0.1502403846153846
61 0.4879807692307692 0.09375 0.12259615384615384 0.17668269230769232