127 0.27403846153846156 0.15384615384615385 0.20432692307692307 0.17067307692307693
105 0.08533653846153846 0.1875 0.17067307692307693 0.15865384615384615
135 0.28365384615384615 0.34975961538461536 0.1971153846153846 0.21394230769230768
113 0.078125 0.375 0.15625 0.1971153846153846
53 0.49399038461538464 0.3798076923076923 0.1778846153846154 0.16105769230769232
61 0.6646634615384616 0.5625 0.1466346153846154 0.1971153846153846
135 0.484375 0.5853365384615384 0.19230769230769232 0.1971153846153846
105 0.12379807692307693 0.6598557692307693 0.1778846153846154 0.17067307692307693
53 0.296875 0.6466346153846154 0.17067307692307693 0.17067307692307693
113 0.12980769230769232 0.8617788461538461 0.15144230769230768 0.1875
127 0.3557692307692308 0.8798076923076923 0.20673076923076922 0.17067307692307693
61 0.44591346153846156 0.09735576923076923 0.13942307692307693 0.1875