53 0.9314903846153846 0.21033653846153846 0.13701923076923078 0.17067307692307693
105 0.7764423076923077 0.18269230769230768 0.1971153846153846 0.1778846153846154
127 0.5673076923076923 0.14903846153846154 0.23317307692307693 0.1778846153846154
135 0.1622596153846154 0.28365384615384615 0.21875 0.23798076923076922
61 0.8677884615384616 0.671875 0.15144230769230768 0.20432692307692307
113 0.08653846153846154 0.5348557692307693 0.17307692307692307 0.21394230769230768
127 0.31009615384615385 0.6165865384615384 0.2283653846153846 0.19230769230769232
105 0.6887019230769231 0.6887019230769231 0.19471153846153846 0.17548076923076922
53 0.5024038461538461 0.6610576923076923 0.17548076923076922 0.15865384615384615
135 0.09014423076923077 0.7896634615384616 0.18028846153846154 0.22355769230769232
113 0.17908653846153846 0.06370192307692307 0.17548076923076922 0.12740384615384615
61 0.3581730769230769 0.08173076923076923 0.19230769230769232 0.16346153846153846