127 0.71875 0.13822115384615385 0.19471153846153846 0.15264423076923078
105 0.5168269230769231 0.14302884615384615 0.16706730769230768 0.1622596153846154
53 0.10576923076923077 0.3786057692307692 0.17427884615384615 0.14903846153846154
135 0.1201923076923077 0.5829326923076923 0.18269230769230768 0.18028846153846154
61 0.3088942307692308 0.5877403846153846 0.1346153846153846 0.1814903846153846
113 0.8786057692307693 0.5901442307692307 0.13701923076923078 0.18509615384615385
53 0.4879807692307692 0.6286057692307693 0.15745192307692307 0.15384615384615385
127 0.6875 0.6346153846153846 0.19831730769230768 0.15985576923076922
105 0.11778846153846154 0.8713942307692307 0.18990384615384615 0.1466346153846154
135 0.12379807692307693 0.09615384615384616 0.171875 0.18509615384615385
61 0.9014423076923077 0.0985576923076923 0.1201923076923077 0.17908653846153846
113 0.3112980769230769 0.09975961538461539 0.14543269230769232 0.18389423076923078