127 0.7307692307692307 0.1466346153846154 0.19951923076923078 0.15865384615384615
105 0.5288461538461539 0.14423076923076922 0.17307692307692307 0.16826923076923078
53 0.11057692307692307 0.36538461538461536 0.18028846153846154 0.15384615384615385
135 0.11778846153846154 0.5697115384615384 0.18990384615384615 0.1875
61 0.30649038461538464 0.5805288461538461 0.14182692307692307 0.18509615384615385
113 0.875 0.6033653846153846 0.14423076923076922 0.18990384615384615
53 0.4831730769230769 0.6286057692307693 0.16346153846153846 0.15865384615384615
127 0.6826923076923077 0.640625 0.20432692307692307 0.1658653846153846
105 0.1045673076923077 0.8581730769230769 0.19471153846153846 0.15384615384615385
135 0.13701923076923078 0.0889423076923077 0.1778846153846154 0.1778846153846154
61 0.9146634615384616 0.11298076923076923 0.12740384615384615 0.18269230769230768
113 0.32572115384615385 0.09375 0.15144230769230768 0.1875