127 0.5649038461538461 0.15985576923076922 0.21875 0.18509615384615385
105 0.3581730769230769 0.14543269230769232 0.1875 0.17307692307692307
53 0.109375 0.36778846153846156 0.17067307692307693 0.16826923076923078
61 0.6814903846153846 0.6370192307692307 0.14423076923076922 0.19230769230769232
113 0.30408653846153844 0.6081730769230769 0.1466346153846154 0.2091346153846154
127 0.11057692307692307 0.625 0.21634615384615385 0.19471153846153846
105 0.5036057692307693 0.6598557692307693 0.1875 0.18028846153846154
53 0.8581730769230769 0.7007211538461539 0.18269230769230768 0.15384615384615385
135 0.09014423076923077 0.8269230769230769 0.18028846153846154 0.19230769230769232
113 0.7596153846153846 0.1310096153846154 0.15384615384615385 0.1971153846153846
61 0.9375 0.15264423076923078 0.125 0.21394230769230768
135 0.15384615384615385 0.09134615384615384 0.21153846153846154 0.18269230769230768