127 0.1502403846153846 0.10096153846153846 0.1971153846153846 0.16105769230769232
105 0.9206730769230769 0.16947115384615385 0.15865384615384615 0.17548076923076922
53 0.10697115384615384 0.33774038461538464 0.1658653846153846 0.16826923076923078
113 0.5108173076923077 0.5745192307692307 0.14423076923076922 0.19471153846153846
61 0.6802884615384616 0.5961538461538461 0.1346153846153846 0.18990384615384615
127 0.32572115384615385 0.5985576923076923 0.1971153846153846 0.16826923076923078
127 0.11298076923076923 0.5829326923076923 0.20432692307692307 0.18028846153846154
105 0.8701923076923077 0.6634615384615384 0.16826923076923078 0.1778846153846154
135 0.5384615384615384 0.08533653846153846 0.20432692307692307 0.17067307692307693
53 0.07211538461538461 0.8149038461538461 0.14423076923076922 0.16826923076923078
61 0.3317307692307692 0.08173076923076923 0.14423076923076922 0.16346153846153846
113 0.7367788461538461 0.11658653846153846 0.15384615384615385 0.1971153846153846