127 0.8521634615384616 0.11658653846153846 0.1971153846153846 0.1658653846153846
53 0.07451923076923077 0.1875 0.14903846153846154 0.16826923076923078
105 0.6454326923076923 0.13822115384615385 0.1778846153846154 0.1658653846153846
61 0.07211538461538461 0.38461538461538464 0.13701923076923078 0.18990384615384615
61 0.6646634615384616 0.5841346153846154 0.1466346153846154 0.1971153846153846
135 0.47836538461538464 0.6081730769230769 0.1875 0.19951923076923078
127 0.8774038461538461 0.6033653846153846 0.2091346153846154 0.1658653846153846
53 0.11057692307692307 0.6790865384615384 0.1658653846153846 0.17307692307692307
105 0.28966346153846156 0.6634615384615384 0.17548076923076922 0.1778846153846154
113 0.125 0.8677884615384616 0.14182692307692307 0.19951923076923078
113 0.4423076923076923 0.11057692307692307 0.15144230769230768 0.18990384615384615
135 0.2536057692307692 0.13221153846153846 0.18509615384615385 0.1971153846153846