127 0.8653846153846154 0.12980769230769232 0.19230769230769232 0.15865384615384615
53 0.07932692307692307 0.17307692307692307 0.15865384615384615 0.16346153846153846
105 0.6586538461538461 0.14423076923076922 0.17307692307692307 0.16105769230769232
61 0.07692307692307693 0.36899038461538464 0.12980769230769232 0.1875
61 0.6610576923076923 0.5901442307692307 0.13942307692307693 0.19230769230769232
135 0.47475961538461536 0.6069711538461539 0.18028846153846154 0.19471153846153846
127 0.8725961538461539 0.6165865384615384 0.20432692307692307 0.16105769230769232
53 0.1045673076923077 0.6646634615384616 0.16105769230769232 0.16826923076923078
105 0.2848557692307692 0.65625 0.17067307692307693 0.17067307692307693
113 0.11177884615384616 0.8545673076923077 0.13701923076923078 0.19471153846153846
113 0.45552884615384615 0.10817307692307693 0.14423076923076922 0.18509615384615385
135 0.265625 0.12379807692307693 0.18028846153846154 0.19230769230769232