107 0.10096153846153846 0.35697115384615385 0.1466346153846154 0.18509615384615385
55 0.8954326923076923 0.625 0.13701923076923078 0.18028846153846154
54 0.2764423076923077 0.6153846153846154 0.14182692307692307 0.1778846153846154
107 0.0889423076923077 0.6117788461538461 0.13701923076923078 0.18269230769230768
128 0.484375 0.6201923076923077 0.1875 0.1875
129 0.7007211538461539 0.625 0.1875 0.18990384615384615
106 0.09134615384615384 0.8521634615384616 0.14903846153846154 0.18269230769230768
55 0.9014423076923077 0.1201923076923077 0.13942307692307693 0.18509615384615385
54 0.5444711538461539 0.11538461538461539 0.13221153846153846 0.18269230769230768
106 0.7259615384615384 0.12259615384615384 0.14903846153846154 0.17307692307692307
128 0.12620192307692307 0.1141826923076923 0.19471153846153846 0.18509615384615385
129 0.3473557692307692 0.11899038461538461 0.1875 0.1875