106 0.09735576923076923 0.3605769230769231 0.14903846153846154 0.18629807692307693
107 0.3088942307692308 0.6117788461538461 0.14903846153846154 0.17908653846153846
128 0.7091346153846154 0.6141826923076923 0.1778846153846154 0.17548076923076922
55 0.4963942307692308 0.6141826923076923 0.14543269230769232 0.16826923076923078
129 0.1141826923076923 0.6153846153846154 0.18028846153846154 0.17548076923076922
54 0.9026442307692307 0.6165865384615384 0.13341346153846154 0.17908653846153846
106 0.09014423076923077 0.8533653846153846 0.13341346153846154 0.1814903846153846
54 0.49759615384615385 0.10817307692307693 0.13341346153846154 0.1658653846153846
128 0.8834134615384616 0.10817307692307693 0.1778846153846154 0.18389423076923078
129 0.31009615384615385 0.109375 0.18028846153846154 0.18028846153846154
55 0.6754807692307693 0.11057692307692307 0.12860576923076922 0.17067307692307693
107 0.09254807692307693 0.11899038461538461 0.12860576923076922 0.18629807692307693