106 0.10216346153846154 0.34615384615384615 0.15625 0.19230769230769232
107 0.30528846153846156 0.6045673076923077 0.15625 0.18509615384615385
128 0.7055288461538461 0.6213942307692307 0.18509615384615385 0.18269230769230768
55 0.49278846153846156 0.6141826923076923 0.15144230769230768 0.17307692307692307
129 0.11057692307692307 0.6021634615384616 0.1875 0.18269230769230768
54 0.8978365384615384 0.6310096153846154 0.13942307692307693 0.18269230769230768
106 0.078125 0.8389423076923077 0.13942307692307693 0.18509615384615385
54 0.5108173076923077 0.10817307692307693 0.13942307692307693 0.17067307692307693
128 0.8966346153846154 0.12139423076923077 0.18509615384615385 0.18990384615384615
129 0.3233173076923077 0.10336538461538461 0.1875 0.1875
55 0.6887019230769231 0.11658653846153846 0.1346153846153846 0.17548076923076922
107 0.10576923076923077 0.1045673076923077 0.1346153846153846 0.18990384615384615