128 0.12139423076923077 0.35096153846153844 0.18269230769230768 0.17548076923076922
106 0.31490384615384615 0.6129807692307693 0.1502403846153846 0.17908653846153846
55 0.921875 0.6129807692307693 0.15144230769230768 0.18990384615384615
107 0.7307692307692307 0.6141826923076923 0.14543269230769232 0.16466346153846154
128 0.5324519230769231 0.6153846153846154 0.1814903846153846 0.1875
129 0.10697115384615384 0.6213942307692307 0.18509615384615385 0.1971153846153846
54 0.08052884615384616 0.8629807692307693 0.12379807692307693 0.16826923076923078
55 0.8701923076923077 0.1045673076923077 0.14182692307692307 0.1778846153846154
129 0.10817307692307693 0.1045673076923077 0.17908653846153846 0.18389423076923078
107 0.4855769230769231 0.1045673076923077 0.15625 0.19831730769230768
54 0.30649038461538464 0.10576923076923077 0.12139423076923077 0.1778846153846154
106 0.6850961538461539 0.10817307692307693 0.140625 0.17668269230769232