128 0.11899038461538461 0.3485576923076923 0.1814903846153846 0.17427884615384615
55 0.07932692307692307 0.609375 0.12620192307692307 0.16947115384615385
106 0.2644230769230769 0.6105769230769231 0.14302884615384615 0.18629807692307693
107 0.4579326923076923 0.6105769230769231 0.1466346153846154 0.18629807692307693
128 0.8978365384615384 0.6105769230769231 0.1778846153846154 0.18629807692307693
129 0.6766826923076923 0.6165865384615384 0.1658653846153846 0.19591346153846154
54 0.0829326923076923 0.8629807692307693 0.12860576923076922 0.18509615384615385
55 0.08052884615384616 0.1045673076923077 0.140625 0.171875
54 0.8713942307692307 0.10576923076923077 0.12980769230769232 0.16826923076923078
106 0.4567307692307692 0.10576923076923077 0.15264423076923078 0.171875
129 0.6670673076923077 0.11057692307692307 0.19230769230769232 0.20552884615384615
107 0.26802884615384615 0.11057692307692307 0.1466346153846154 0.1814903846153846