128 0.14423076923076922 0.296875 0.20432692307692307 0.1971153846153846
55 0.07091346153846154 0.5492788461538461 0.14182692307692307 0.18509615384615385
106 0.2512019230769231 0.5769230769230769 0.16826923076923078 0.20432692307692307
107 0.44350961538461536 0.6033653846153846 0.17067307692307693 0.20432692307692307
128 0.8786057692307693 0.6646634615384616 0.20192307692307693 0.2091346153846154
129 0.6586538461538461 0.640625 0.19230769230769232 0.21634615384615385
54 0.056490384615384616 0.8004807692307693 0.11298076923076923 0.20192307692307693
55 0.13942307692307693 0.07211538461538461 0.16346153846153846 0.14423076923076922
54 0.9230769230769231 0.16105769230769232 0.15144230769230768 0.18509615384615385
106 0.5120192307692307 0.10336538461538461 0.17548076923076922 0.19230769230769232
129 0.7199519230769231 0.13701923076923078 0.21875 0.23076923076923078
107 0.3233173076923077 0.09014423076923077 0.17067307692307693 0.18028846153846154