106 0.08173076923076923 0.3641826923076923 0.16346153846153846 0.19471153846153846
55 0.09254807692307693 0.6177884615384616 0.13942307692307693 0.20192307692307693
128 0.296875 0.609375 0.19951923076923078 0.21875
107 0.6586538461538461 0.5853365384615384 0.16105769230769232 0.20192307692307693
55 0.49038461538461536 0.6021634615384616 0.14182692307692307 0.19471153846153846
54 0.8413461538461539 0.5769230769230769 0.15384615384615385 0.19471153846153846
106 0.12379807692307693 0.8617788461538461 0.15625 0.18990384615384615
54 0.6754807692307693 0.0829326923076923 0.15384615384615385 0.1658653846153846
55 0.0625 0.1201923076923077 0.125 0.17307692307692307
129 0.27283653846153844 0.10697115384615384 0.20673076923076922 0.18990384615384615
128 0.484375 0.09975961538461539 0.18990384615384615 0.19230769230769232
107 0.8617788461538461 0.0829326923076923 0.16105769230769232 0.1658653846153846