106 0.10817307692307693 0.3004807692307692 0.16826923076923078 0.1971153846153846
55 0.07932692307692307 0.5528846153846154 0.14182692307692307 0.20432692307692307
128 0.2824519230769231 0.5757211538461539 0.20432692307692307 0.22115384615384615
107 0.6442307692307693 0.609375 0.16346153846153846 0.20432692307692307
55 0.47475961538461536 0.5985576923076923 0.1466346153846154 0.19471153846153846
54 0.8257211538461539 0.6298076923076923 0.15625 0.1971153846153846
106 0.07572115384615384 0.796875 0.15144230769230768 0.18990384615384615
54 0.7403846153846154 0.10817307692307693 0.15625 0.18269230769230768
55 0.12259615384615384 0.07211538461538461 0.1346153846153846 0.14423076923076922
129 0.33653846153846156 0.08653846153846154 0.21153846153846154 0.17307692307692307
128 0.546875 0.10216346153846154 0.19230769230769232 0.1971153846153846
107 0.921875 0.13581730769230768 0.15625 0.18990384615384615