129 0.140625 0.2860576923076923 0.21153846153846154 0.21634615384615385
128 0.8629807692307693 0.6634615384615384 0.20432692307692307 0.20673076923076922
106 0.6478365384615384 0.6310096153846154 0.15865384615384615 0.20673076923076922
129 0.265625 0.5649038461538461 0.20192307692307693 0.19951923076923078
54 0.06971153846153846 0.5300480769230769 0.13942307692307693 0.18990384615384615
107 0.46033653846153844 0.6033653846153846 0.17548076923076922 0.19471153846153846
55 0.051682692307692304 0.7620192307692307 0.10336538461538461 0.19230769230769232
55 0.9086538461538461 0.16826923076923078 0.16346153846153846 0.19951923076923078
54 0.15625 0.06610576923076923 0.15865384615384615 0.13221153846153846
106 0.5096153846153846 0.10216346153846154 0.1778846153846154 0.1971153846153846
107 0.3233173076923077 0.0829326923076923 0.17067307692307693 0.1658653846153846
128 0.7175480769230769 0.140625 0.21394230769230768 0.21634615384615385