107 0.0889423076923077 0.3329326923076923 0.13221153846153846 0.17427884615384615
55 0.8810096153846154 0.5805288461538461 0.12740384615384615 0.17307692307692307
128 0.6971153846153846 0.5817307692307693 0.17427884615384615 0.17668269230769232
129 0.29447115384615385 0.5841346153846154 0.16346153846153846 0.17668269230769232
107 0.49038461538461536 0.5853365384615384 0.13581730769230768 0.17548076923076922
106 0.09134615384615384 0.5853365384615384 0.13822115384615385 0.1658653846153846
54 0.07932692307692307 0.8233173076923077 0.12740384615384615 0.17307692307692307
54 0.4326923076923077 0.09495192307692307 0.12980769230769232 0.1658653846153846
55 0.25841346153846156 0.09615384615384616 0.11658653846153846 0.15985576923076922
106 0.08774038461538461 0.09615384615384616 0.12860576923076922 0.1622596153846154
129 0.6286057692307693 0.09975961538461539 0.18269230769230768 0.17067307692307693
128 0.8545673076923077 0.10336538461538461 0.17067307692307693 0.17668269230769232