131 0.0889423076923077 0.14302884615384615 0.17307692307692307 0.16105769230769232
109 0.6730769230769231 0.11538461538461539 0.13701923076923078 0.15865384615384615
56 0.13581730769230768 0.31490384615384615 0.125 0.1658653846153846
130 0.7235576923076923 0.5024038461538461 0.17548076923076922 0.20673076923076922
104 0.90625 0.5144230769230769 0.13701923076923078 0.125
57 0.3004807692307692 0.5673076923076923 0.1658653846153846 0.15865384615384615
109 0.49038461538461536 0.5564903846153846 0.14903846153846154 0.16105769230769232
131 0.11658653846153846 0.5769230769230769 0.1778846153846154 0.16826923076923078
57 0.1201923076923077 0.7836538461538461 0.1466346153846154 0.15384615384615385
108 0.3004807692307692 0.09254807692307693 0.12259615384615384 0.15625
130 0.4891826923076923 0.08653846153846154 0.17307692307692307 0.16826923076923078
52 0.8689903846153846 0.08774038461538461 0.14423076923076922 0.12980769230769232