131 0.13581730769230768 0.09615384615384616 0.17548076923076922 0.16346153846153846
109 0.71875 0.13942307692307693 0.13942307692307693 0.16105769230769232
56 0.16105769230769232 0.27163461538461536 0.12980769230769232 0.16826923076923078
130 0.7223557692307693 0.5300480769230769 0.1778846153846154 0.2091346153846154
104 0.9014423076923077 0.5637019230769231 0.13701923076923078 0.12740384615384615
57 0.2932692307692308 0.5420673076923077 0.16826923076923078 0.16105769230769232
109 0.484375 0.5552884615384616 0.15144230769230768 0.16346153846153846
131 0.11057692307692307 0.5288461538461539 0.18028846153846154 0.17067307692307693
57 0.0889423076923077 0.7355769230769231 0.14903846153846154 0.15625
108 0.35096153846153844 0.07572115384615384 0.125 0.15144230769230768
130 0.5396634615384616 0.08774038461538461 0.17548076923076922 0.17307692307692307
52 0.9170673076923077 0.13581730769230768 0.1466346153846154 0.13221153846153846