131 0.8990384615384616 0.13221153846153846 0.1622596153846154 0.15745192307692307
109 0.6586538461538461 0.1346153846153846 0.14543269230769232 0.16105769230769232
57 0.09134615384615384 0.3545673076923077 0.16346153846153846 0.14783653846153846
130 0.12860576923076922 0.5384615384615384 0.17427884615384615 0.16947115384615385
56 0.4963942307692308 0.5384615384615384 0.12620192307692307 0.15745192307692307
108 0.328125 0.5408653846153846 0.1346153846153846 0.16947115384615385
109 0.6598557692307693 0.5817307692307693 0.1466346153846154 0.15504807692307693
131 0.8966346153846154 0.5889423076923077 0.17307692307692307 0.14302884615384615
57 0.08173076923076923 0.8040865384615384 0.14783653846153846 0.15264423076923078
108 0.27283653846153844 0.09134615384615384 0.1346153846153846 0.16466346153846154
56 0.09735576923076923 0.09254807692307693 0.12379807692307693 0.16105769230769232
130 0.47836538461538464 0.09615384615384616 0.17067307692307693 0.18269230769230768