131 0.49158653846153844 0.12139423076923077 0.17307692307692307 0.1778846153846154
109 0.25841346153846156 0.15504807692307693 0.15144230769230768 0.15144230769230768
56 0.12259615384615384 0.33533653846153844 0.14423076923076922 0.16826923076923078
108 0.9098557692307693 0.49158653846153844 0.14903846153846154 0.18269230769230768
130 0.11778846153846154 0.5661057692307693 0.1778846153846154 0.18269230769230768
56 0.7271634615384616 0.5132211538461539 0.1346153846153846 0.16826923076923078
109 0.296875 0.5949519230769231 0.15865384615384615 0.1658653846153846
131 0.5228365384615384 0.5769230769230769 0.1875 0.16826923076923078
57 0.10096153846153846 0.828125 0.15625 0.1466346153846154
108 0.6995192307692307 0.07572115384615384 0.13942307692307693 0.15144230769230768
130 0.08533653846153846 0.125 0.17067307692307693 0.1875
52 0.875 0.07932692307692307 0.11778846153846154 0.12259615384615384