119 0.44471153846153844 0.17307692307692307 0.1622596153846154 0.12259615384615384
186 0.9098557692307693 0.17548076923076922 0.13581730769230768 0.125
29 0.2608173076923077 0.18028846153846154 0.12259615384615384 0.1201923076923077
186 0.7632211538461539 0.1814903846153846 0.11778846153846154 0.125
119 0.08653846153846154 0.1814903846153846 0.16947115384615385 0.13942307692307693
29 0.6165865384615384 0.19230769230769232 0.13822115384615385 0.13341346153846154
29 0.7175480769230769 0.4326923076923077 0.13701923076923078 0.11298076923076923
186 0.39903846153846156 0.43509615384615385 0.140625 0.10817307692307693
186 0.06129807692307692 0.4362980769230769 0.11778846153846154 0.11658653846153846
29 0.5528846153846154 0.4375 0.140625 0.12620192307692307
119 0.23677884615384615 0.43990384615384615 0.15625 0.12379807692307693
119 0.9050480769230769 0.44591346153846156 0.16466346153846154 0.12980769230769232