131 0.8185096153846154 0.08173076923076923 0.18509615384615385 0.16346153846153846
57 0.051682692307692304 0.21153846153846154 0.10336538461538461 0.16346153846153846
109 0.07932692307692307 0.4230769230769231 0.15865384615384615 0.16826923076923078
130 0.7572115384615384 0.49278846153846156 0.19230769230769232 0.1971153846153846
108 0.11658653846153846 0.6057692307692307 0.15144230769230768 0.18028846153846154
52 0.9375 0.484375 0.125 0.14182692307692307
131 0.31971153846153844 0.6105769230769231 0.19230769230769232 0.18028846153846154
109 0.5240384615384616 0.5733173076923077 0.18509615384615385 0.18028846153846154
56 0.20673076923076922 0.8112980769230769 0.15865384615384615 0.1875
56 0.6153846153846154 0.0733173076923077 0.14423076923076922 0.1466346153846154
130 0.2536057692307692 0.12620192307692307 0.18509615384615385 0.1875
108 0.4423076923076923 0.09254807692307693 0.15144230769230768 0.17548076923076922