58 0.09134615384615384 0.2932692307692308 0.171875 0.15865384615384615
132 0.296875 0.5012019230769231 0.18629807692307693 0.16706730769230768
58 0.09495192307692307 0.5024038461538461 0.16466346153846154 0.16105769230769232
110 0.6778846153846154 0.5072115384615384 0.17307692307692307 0.16706730769230768
132 0.8858173076923077 0.5096153846153846 0.18509615384615385 0.15144230769230768
110 0.49278846153846156 0.5132211538461539 0.16706730769230768 0.1658653846153846
58 0.0985576923076923 0.6983173076923077 0.16947115384615385 0.15625
110 0.49278846153846156 0.09615384615384616 0.1622596153846154 0.15625
110 0.6814903846153846 0.09615384615384616 0.17668269230769232 0.16346153846153846
132 0.125 0.09975961538461539 0.18629807692307693 0.16466346153846154
132 0.8834134615384616 0.10096153846153846 0.18028846153846154 0.15985576923076922
58 0.3137019230769231 0.109375 0.15504807692307693 0.1658653846153846