110 0.13581730769230768 0.23918269230769232 0.19230769230769232 0.16826923076923078
132 0.12259615384615384 0.44350961538461536 0.21153846153846154 0.19471153846153846
132 0.7067307692307693 0.5204326923076923 0.22596153846153846 0.1971153846153846
58 0.5048076923076923 0.4987980769230769 0.19230769230769232 0.17548076923076922
58 0.9002403846153846 0.5492788461538461 0.1778846153846154 0.17067307692307693
110 0.31971153846153844 0.4831730769230769 0.19951923076923078 0.18990384615384615
110 0.08653846153846154 0.6538461538461539 0.17307692307692307 0.18269230769230768
58 0.9266826923076923 0.12980769230769232 0.1466346153846154 0.16826923076923078
132 0.5685096153846154 0.09375 0.20432692307692307 0.1778846153846154
58 0.37259615384615385 0.0829326923076923 0.18269230769230768 0.1658653846153846
110 0.7644230769230769 0.1201923076923077 0.19230769230769232 0.18990384615384615
132 0.16947115384615385 0.07572115384615384 0.2091346153846154 0.15144230769230768