63 0.5853365384615384 0.25240384615384615 0.15144230769230768 0.1201923076923077
63 0.11057692307692307 0.19471153846153846 0.14903846153846154 0.11538461538461539
169 0.28846153846153844 0.21754807692307693 0.1875 0.14903846153846154
72 0.875 0.2920673076923077 0.16105769230769232 0.125
154 0.7283653846153846 0.27524038461538464 0.10817307692307693 0.12259615384615384
154 0.44711538461538464 0.24278846153846154 0.12259615384615384 0.11538461538461539
169 0.6129807692307693 0.41346153846153844 0.19471153846153846 0.1346153846153846
63 0.4411057692307692 0.39663461538461536 0.15144230769230768 0.12740384615384615
63 0.09014423076923077 0.3545673076923077 0.1466346153846154 0.11057692307692307
154 0.7764423076923077 0.43990384615384615 0.1201923076923077 0.11538461538461539
169 0.265625 0.3762019230769231 0.18509615384615385 0.12980769230769232
154 0.9074519230769231 0.4567307692307692 0.11057692307692307 0.11298076923076923
0 0.546875 0.578125 0.15384615384615385 0.1346153846153846
0 0.20072115384615385 0.5360576923076923 0.1466346153846154 0.12259615384615384
146 0.6887019230769231 0.5973557692307693 0.11538461538461539 0.125
161 0.8449519230769231 0.6165865384615384 0.18990384615384615 0.13942307692307693
161 0.375 0.5600961538461539 0.17548076923076922 0.13221153846153846
146 0.056490384615384616 0.5204326923076923 0.11298076923076923 0.13701923076923078
0 0.8461538461538461 0.7740384615384616 0.14182692307692307 0.11778846153846154
161 0.5144230769230769 0.7391826923076923 0.1778846153846154 0.13221153846153846
146 0.35697115384615385 0.7211538461538461 0.12980769230769232 0.11538461538461539
0 0.6899038461538461 0.7632211538461539 0.14423076923076922 0.11778846153846154
146 0.04807692307692308 0.6838942307692307 0.09615384615384616 0.12259615384615384
161 0.1935096153846154 0.7055288461538461 0.18509615384615385 0.14182692307692307
63 0.9254807692307693 0.12980769230769232 0.14903846153846154 0.1201923076923077
169 0.4639423076923077 0.07572115384615384 0.18269230769230768 0.1466346153846154
63 0.640625 0.09735576923076923 0.15144230769230768 0.13701923076923078
154 0.7800480769230769 0.11538461538461539 0.1346153846153846 0.11778846153846154
169 0.1466346153846154 0.057692307692307696 0.1875 0.11538461538461539
154 0.8461538461538461 0.9350961538461539 0.11298076923076923 0.12259615384615384
169 0.3293269230769231 0.8725961538461539 0.18509615384615385 0.13221153846153846
169 0.5252403846153846 0.8990384615384616 0.1971153846153846 0.13221153846153846
63 0.6995192307692307 0.9206730769230769 0.14903846153846154 0.12740384615384615
63 0.055288461538461536 0.8401442307692307 0.11057692307692307 0.11778846153846154
154 0.17427884615384615 0.8641826923076923 0.1201923076923077 0.1346153846153846
154 0.30408653846153844 0.06971153846153846 0.12740384615384615 0.13942307692307693