63 0.5360576923076923 0.2403846153846154 0.1466346153846154 0.11298076923076923
63 0.06490384615384616 0.27283653846153844 0.12980769230769232 0.10817307692307693
169 0.23918269230769232 0.26322115384615385 0.18269230769230768 0.13942307692307693
72 0.8293269230769231 0.22355769230769232 0.15625 0.11778846153846154
154 0.6814903846153846 0.23557692307692307 0.10336538461538461 0.11778846153846154
154 0.39903846153846156 0.25721153846153844 0.11778846153846154 0.11057692307692307
169 0.5949519230769231 0.39302884615384615 0.18990384615384615 0.12740384615384615
63 0.4230769230769231 0.4098557692307692 0.1466346153846154 0.1201923076923077
63 0.07091346153846154 0.4338942307692308 0.14182692307692307 0.10336538461538461
154 0.7596153846153846 0.38822115384615385 0.11538461538461539 0.11057692307692307
169 0.24639423076923078 0.42427884615384615 0.18028846153846154 0.12259615384615384
154 0.8918269230769231 0.3798076923076923 0.10576923076923077 0.10817307692307693
0 0.5612980769230769 0.5685096153846154 0.1466346153846154 0.12740384615384615
0 0.2127403846153846 0.5925480769230769 0.14182692307692307 0.11538461538461539
146 0.7043269230769231 0.5588942307692307 0.11057692307692307 0.1201923076923077
161 0.8617788461538461 0.5480769230769231 0.18509615384615385 0.13221153846153846
161 0.3894230769230769 0.5829326923076923 0.17067307692307693 0.125
146 0.06490384615384616 0.6057692307692307 0.11778846153846154 0.13221153846153846
0 0.8930288461538461 0.703125 0.13701923076923078 0.11298076923076923
161 0.5600961538461539 0.7319711538461539 0.17307692307692307 0.12259615384615384
146 0.4014423076923077 0.7439903846153846 0.125 0.10817307692307693
0 0.7367788461538461 0.7223557692307693 0.13942307692307693 0.11298076923076923
146 0.0829326923076923 0.7692307692307693 0.11057692307692307 0.11778846153846154
161 0.23918269230769232 0.7608173076923077 0.18028846153846154 0.1346153846153846
63 0.8497596153846154 0.056490384615384616 0.1466346153846154 0.11298076923076923
169 0.38341346153846156 0.09014423076923077 0.1778846153846154 0.13942307692307693
63 0.5612980769230769 0.078125 0.1466346153846154 0.12980769230769232
154 0.7007211538461539 0.06850961538461539 0.12980769230769232 0.11298076923076923
169 0.078125 0.11538461538461539 0.15625 0.14423076923076922
154 0.9230769230769231 0.8605769230769231 0.10817307692307693 0.11778846153846154
169 0.40384615384615385 0.8978365384615384 0.18028846153846154 0.125
169 0.6009615384615384 0.8870192307692307 0.19230769230769232 0.125
63 0.7752403846153846 0.875 0.14423076923076922 0.1201923076923077
63 0.10697115384615384 0.9242788461538461 0.14903846153846154 0.11057692307692307
154 0.25 0.9194711538461539 0.11298076923076923 0.12980769230769232
154 0.22596153846153846 0.11177884615384616 0.1201923076923077 0.13942307692307693