0 0.6298076923076923 0.2644230769230769 0.16105769230769232 0.12740384615384615
0 0.9206730769230769 0.30649038461538464 0.15384615384615385 0.12740384615384615
146 0.7776442307692307 0.2920673076923077 0.1201923076923077 0.12259615384615384
64 0.46033653846153844 0.24879807692307693 0.15384615384615385 0.125
161 0.13822115384615385 0.20793269230769232 0.19471153846153846 0.14903846153846154
146 0.3088942307692308 0.23317307692307693 0.13221153846153846 0.13701923076923078
154 0.7860576923076923 0.4543269230769231 0.13701923076923078 0.13701923076923078
63 0.30408653846153844 0.3870192307692308 0.15625 0.13701923076923078
72 0.4675480769230769 0.4170673076923077 0.16826923076923078 0.14182692307692307
169 0.12139423076923077 0.36778846153846156 0.21394230769230768 0.16346153846153846
154 0.9146634615384616 0.4807692307692308 0.12980769230769232 0.1346153846153846
63 0.640625 0.44471153846153844 0.16105769230769232 0.125
0 0.4495192307692308 0.5877403846153846 0.15144230769230768 0.12259615384615384
0 0.7451923076923077 0.6322115384615384 0.15625 0.14182692307692307
146 0.5961538461538461 0.6153846153846154 0.1201923076923077 0.13221153846153846
161 0.26802884615384615 0.5709134615384616 0.19230769230769232 0.14423076923076922
146 0.8942307692307693 0.6586538461538461 0.12980769230769232 0.1346153846153846
161 0.09014423076923077 0.546875 0.18028846153846154 0.1466346153846154
0 0.8173076923076923 0.11778846153846154 0.15384615384615385 0.13221153846153846
146 0.953125 0.14423076923076922 0.09375 0.1201923076923077
161 0.16105769230769232 0.057692307692307696 0.20192307692307693 0.11538461538461539
0 0.3449519230769231 0.06610576923076923 0.16105769230769232 0.13221153846153846
64 0.6502403846153846 0.1045673076923077 0.1658653846153846 0.15384615384615385
146 0.49759615384615385 0.08413461538461539 0.11778846153846154 0.125