0 0.4338942307692308 0.24639423076923078 0.14903846153846154 0.11538461538461539
0 0.07211538461538461 0.24759615384615385 0.14302884615384615 0.11538461538461539
161 0.875 0.25 0.1778846153846154 0.12259615384615384
161 0.25240384615384615 0.2536057692307692 0.17427884615384615 0.11658653846153846
146 0.7139423076923077 0.25961538461538464 0.10576923076923077 0.10336538461538461
146 0.5853365384615384 0.2644230769230769 0.0985576923076923 0.11177884615384616
0 0.4807692307692308 0.41346153846153844 0.14423076923076922 0.11658653846153846
0 0.078125 0.41586538461538464 0.14182692307692307 0.125
161 0.8798076923076923 0.41947115384615385 0.17908653846153846 0.125
161 0.6694711538461539 0.4206730769230769 0.17668269230769232 0.12259615384615384
146 0.21754807692307693 0.42908653846153844 0.11177884615384616 0.11057692307692307
146 0.3425480769230769 0.42908653846153844 0.109375 0.13221153846153846
161 0.5757211538461539 0.5829326923076923 0.17427884615384615 0.12259615384615384
0 0.07692307692307693 0.5841346153846154 0.14543269230769232 0.1045673076923077
146 0.9134615384615384 0.5877403846153846 0.11177884615384616 0.125
0 0.7716346153846154 0.5901442307692307 0.15985576923076922 0.11899038461538461
146 0.41947115384615385 0.5913461538461539 0.11538461538461539 0.12379807692307693
161 0.25240384615384615 0.5961538461538461 0.17908653846153846 0.12139423076923077
0 0.359375 0.07932692307692307 0.14423076923076922 0.12620192307692307
0 0.20192307692307693 0.07932692307692307 0.14543269230769232 0.12980769230769232
161 0.8774038461538461 0.08413461538461539 0.17548076923076922 0.1201923076923077
146 0.5108173076923077 0.09254807692307693 0.1045673076923077 0.1045673076923077
146 0.0625 0.09254807692307693 0.1141826923076923 0.10216346153846154
161 0.6742788461538461 0.09254807692307693 0.16706730769230768 0.12139423076923077