168 0.6189903846153846 0.23076923076923078 0.18269230769230768 0.13701923076923078
40 0.7956730769230769 0.2127403846153846 0.15865384615384615 0.12740384615384615
153 0.46033653846153844 0.25721153846153844 0.11778846153846154 0.12740384615384615
156 0.34134615384615385 0.27884615384615385 0.10817307692307693 0.12980769230769232
230 0.06490384615384616 0.3112980769230769 0.12980769230769232 0.1466346153846154
171 0.2091346153846154 0.2956730769230769 0.17548076923076922 0.14903846153846154
168 0.37740384615384615 0.421875 0.18509615384615385 0.12980769230769232
40 0.5576923076923077 0.4098557692307692 0.14423076923076922 0.1201923076923077
230 0.07692307692307693 0.46634615384615385 0.1466346153846154 0.1466346153846154
153 0.21995192307692307 0.4519230769230769 0.12259615384615384 0.11538461538461539
171 0.8653846153846154 0.3858173076923077 0.18990384615384615 0.14903846153846154
156 0.6983173076923077 0.4074519230769231 0.12259615384615384 0.13942307692307693
40 0.4074519230769231 0.5949519230769231 0.15384615384615385 0.12259615384615384
153 0.5516826923076923 0.5793269230769231 0.1201923076923077 0.11778846153846154
168 0.9110576923076923 0.5420673076923077 0.1778846153846154 0.12259615384615384
230 0.09495192307692307 0.6322115384615384 0.14903846153846154 0.14423076923076922
171 0.7223557692307693 0.5685096153846154 0.18028846153846154 0.1466346153846154
156 0.23918269230769232 0.6213942307692307 0.11057692307692307 0.125
40 0.11298076923076923 0.7908653846153846 0.14903846153846154 0.1201923076923077
156 0.7319711538461539 0.7319711538461539 0.1201923076923077 0.14182692307692307
230 0.46875 0.7620192307692307 0.14903846153846154 0.13701923076923078
171 0.8930288461538461 0.7175480769230769 0.20432692307692307 0.15144230769230768
153 0.6105769230769231 0.75 0.10817307692307693 0.12740384615384615
171 0.28365384615384615 0.7860576923076923 0.19471153846153846 0.16346153846153846
40 0.5288461538461539 0.078125 0.15384615384615385 0.13942307692307693
168 0.3425480769230769 0.09975961538461539 0.18990384615384615 0.14903846153846154
171 0.8365384615384616 0.0673076923076923 0.19230769230769232 0.1346153846153846
153 0.039663461538461536 0.13822115384615385 0.07932692307692307 0.14182692307692307
168 0.5564903846153846 0.9086538461538461 0.18509615384615385 0.1346153846153846
40 0.125 0.9495192307692307 0.15384615384615385 0.10096153846153846
153 0.3954326923076923 0.9350961538461539 0.10817307692307693 0.10817307692307693
171 0.9086538461538461 0.8810096153846154 0.18269230769230768 0.15625
156 0.2692307692307692 0.9435096153846154 0.11538461538461539 0.11298076923076923
230 0.7355769230769231 0.9050480769230769 0.15144230769230768 0.14903846153846154
156 0.6670673076923077 0.078125 0.11778846153846154 0.14182692307692307
230 0.16947115384615385 0.13221153846153846 0.14423076923076922 0.14182692307692307