168 0.09134615384615384 0.23918269230769232 0.16706730769230768 0.13341346153846154
40 0.6802884615384616 0.2439903846153846 0.1310096153846154 0.1201923076923077
153 0.41225961538461536 0.24519230769230768 0.09735576923076923 0.10817307692307693
156 0.5360576923076923 0.2536057692307692 0.1045673076923077 0.1346153846153846
230 0.27403846153846156 0.2548076923076923 0.1346153846153846 0.14302884615384615
171 0.8617788461538461 0.25841346153846156 0.17548076923076922 0.14543269230769232
168 0.4110576923076923 0.40384615384615385 0.1935096153846154 0.11899038461538461
40 0.6081730769230769 0.4050480769230769 0.1622596153846154 0.12259615384615384
153 0.8942307692307693 0.4110576923076923 0.10096153846153846 0.11538461538461539
171 0.09735576923076923 0.41586538461538464 0.16947115384615385 0.14423076923076922
230 0.7596153846153846 0.4170673076923077 0.12379807692307693 0.13221153846153846
156 0.2548076923076923 0.42427884615384615 0.09495192307692307 0.12620192307692307
40 0.4326923076923077 0.5661057692307693 0.14182692307692307 0.1045673076923077
168 0.6081730769230769 0.5685096153846154 0.1814903846153846 0.11538461538461539
153 0.7728365384615384 0.5721153846153846 0.10216346153846154 0.1045673076923077
230 0.2704326923076923 0.5829326923076923 0.14182692307692307 0.11899038461538461
171 0.09014423076923077 0.5877403846153846 0.16706730769230768 0.125
156 0.9026442307692307 0.5889423076923077 0.1045673076923077 0.1201923076923077
153 0.25 0.7355769230769231 0.11057692307692307 0.1141826923076923
40 0.3954326923076923 0.7367788461538461 0.13942307692307693 0.11778846153846154
168 0.09495192307692307 0.0733173076923077 0.17427884615384615 0.14302884615384615
168 0.5769230769230769 0.7391826923076923 0.1778846153846154 0.10817307692307693
230 0.8834134615384616 0.7439903846153846 0.13942307692307693 0.13221153846153846
171 0.09014423076923077 0.7512019230769231 0.17908653846153846 0.1346153846153846
156 0.7415865384615384 0.7524038461538461 0.10096153846153846 0.12379807692307693
153 0.5396634615384616 0.078125 0.09375 0.12379807692307693
40 0.27163461538461536 0.08173076923076923 0.14302884615384615 0.13581730769230768
230 0.6850961538461539 0.09014423076923077 0.13942307692307693 0.13341346153846154
168 0.2512019230769231 0.9014423076923077 0.17307692307692307 0.11298076923076923
40 0.0733173076923077 0.9014423076923077 0.13701923076923078 0.11778846153846154
153 0.41346153846153844 0.9014423076923077 0.12139423076923077 0.12139423076923077
171 0.5733173076923077 0.9098557692307693 0.17067307692307693 0.1310096153846154
230 0.8822115384615384 0.9110576923076923 0.140625 0.140625
156 0.41225961538461536 0.09134615384615384 0.09735576923076923 0.13942307692307693
156 0.7379807692307693 0.9206730769230769 0.1045673076923077 0.125
171 0.8653846153846154 0.09735576923076923 0.16105769230769232 0.14302884615384615