168 0.14182692307692307 0.20432692307692307 0.19471153846153846 0.15384615384615385
40 0.7824519230769231 0.3173076923076923 0.15865384615384615 0.13942307692307693
153 0.6334134615384616 0.29447115384615385 0.13942307692307693 0.13942307692307693
230 0.9326923076923077 0.3545673076923077 0.1346153846153846 0.15625
156 0.3016826923076923 0.24519230769230768 0.1346153846153846 0.14903846153846154
171 0.46153846153846156 0.2764423076923077 0.21634615384615385 0.15625
168 0.7596153846153846 0.13822115384615385 0.1971153846153846 0.15384615384615385
153 0.4639423076923077 0.09134615384615384 0.11538461538461539 0.125
171 0.9302884615384616 0.1778846153846154 0.13942307692307693 0.16826923076923078
40 0.15384615384615385 0.057692307692307696 0.15865384615384615 0.11538461538461539
230 0.3137019230769231 0.07572115384615384 0.17067307692307693 0.15144230769230768
156 0.5901442307692307 0.12379807692307693 0.14423076923076922 0.15144230769230768