185 0.6370192307692307 0.25961538461538464 0.17067307692307693 0.13701923076923078
170 0.46153846153846156 0.23677884615384615 0.1875 0.13701923076923078
155 0.7728365384615384 0.29447115384615385 0.11538461538461539 0.12740384615384615
1 0.9158653846153846 0.3245192307692308 0.15384615384615385 0.14903846153846154
147 0.30408653846153844 0.22956730769230768 0.1201923076923077 0.12980769230769232
162 0.13822115384615385 0.203125 0.18990384615384615 0.1658653846153846
170 0.7524038461538461 0.4483173076923077 0.18269230769230768 0.13701923076923078
155 0.9098557692307693 0.47596153846153844 0.13221153846153846 0.1201923076923077
185 0.28966346153846156 0.37740384615384615 0.15625 0.13942307692307693
1 0.5769230769230769 0.4326923076923077 0.15384615384615385 0.15384615384615385
147 0.43149038461538464 0.41466346153846156 0.14182692307692307 0.13942307692307693
162 0.11778846153846154 0.36658653846153844 0.18509615384615385 0.15144230769230768
170 0.5661057692307693 0.5829326923076923 0.19230769230769232 0.1466346153846154
185 0.8653846153846154 0.6346153846153846 0.15865384615384615 0.12740384615384615
155 0.24879807692307693 0.5444711538461539 0.125 0.12259615384615384
162 0.09375 0.5240384615384616 0.18509615384615385 0.16346153846153846
1 0.3858173076923077 0.5721153846153846 0.1466346153846154 0.13942307692307693
147 0.7247596153846154 0.6262019230769231 0.11778846153846154 0.12740384615384615
185 0.24278846153846154 0.6995192307692307 0.14903846153846154 0.14423076923076922
170 0.07932692307692307 0.6730769230769231 0.15865384615384615 0.13942307692307693
155 0.6995192307692307 0.7788461538461539 0.1201923076923077 0.12980769230769232
1 0.8389423076923077 0.8028846153846154 0.15384615384615385 0.16105769230769232
162 0.41466346153846156 0.7367788461538461 0.19230769230769232 0.15865384615384615
147 0.5733173076923077 0.7680288461538461 0.1201923076923077 0.13942307692307693
185 0.14903846153846154 0.04447115384615385 0.14903846153846154 0.0889423076923077
170 0.3269230769230769 0.06490384615384616 0.1971153846153846 0.12980769230769232
185 0.3425480769230769 0.8810096153846154 0.15144230769230768 0.13701923076923078
170 0.0673076923076923 0.8317307692307693 0.1346153846153846 0.13942307692307693
162 0.6454326923076923 0.109375 0.20673076923076922 0.16826923076923078
155 0.9507211538461539 0.15865384615384615 0.0985576923076923 0.13942307692307693
155 0.8341346153846154 0.9519230769230769 0.1201923076923077 0.09615384615384616
1 0.6947115384615384 0.9375 0.14903846153846154 0.125
162 0.5192307692307693 0.9194711538461539 0.19230769230769232 0.16105769230769232
147 0.20072115384615385 0.8737980769230769 0.12740384615384615 0.13942307692307693
1 0.8185096153846154 0.13942307692307693 0.15144230769230768 0.14903846153846154
147 0.4879807692307692 0.08774038461538461 0.11538461538461539 0.1346153846153846