185 0.5973557692307693 0.24158653846153846 0.15384615384615385 0.1141826923076923
170 0.4206730769230769 0.24639423076923078 0.17307692307692307 0.11177884615384616
155 0.7379807692307693 0.2548076923076923 0.09975961538461539 0.11298076923076923
1 0.8834134615384616 0.2620192307692308 0.1346153846153846 0.12860576923076922
147 0.2644230769230769 0.26322115384615385 0.1045673076923077 0.1141826923076923
162 0.09615384615384616 0.26322115384615385 0.17067307692307693 0.14182692307692307
170 0.7415865384615384 0.4098557692307692 0.16706730769230768 0.11298076923076923
155 0.9014423076923077 0.41225961538461536 0.11778846153846154 0.10216346153846154
185 0.27283653846153844 0.41225961538461536 0.140625 0.11778846153846154
1 0.5649038461538461 0.421875 0.1346153846153846 0.1346153846153846
147 0.41947115384615385 0.4266826923076923 0.125 0.1201923076923077
162 0.10216346153846154 0.42788461538461536 0.16706730769230768 0.12620192307692307
170 0.578125 0.5721153846153846 0.17548076923076922 0.1201923076923077
185 0.8822115384615384 0.5757211538461539 0.14302884615384615 0.10576923076923077
155 0.25841346153846156 0.5829326923076923 0.11057692307692307 0.10576923076923077
162 0.10216346153846154 0.5877403846153846 0.16466346153846154 0.140625
1 0.39903846153846156 0.5889423076923077 0.12980769230769232 0.12139423076923077
147 0.7415865384615384 0.5889423076923077 0.10096153846153846 0.1141826923076923
185 0.2776442307692308 0.7367788461538461 0.13221153846153846 0.125
170 0.0985576923076923 0.7403846153846154 0.171875 0.11298076923076923
155 0.7403846153846154 0.7439903846153846 0.10336538461538461 0.1141826923076923
1 0.8822115384615384 0.7463942307692307 0.13221153846153846 0.14182692307692307
162 0.453125 0.7475961538461539 0.17427884615384615 0.13341346153846154
147 0.6141826923076923 0.7536057692307693 0.10216346153846154 0.12379807692307693
185 0.08052884615384616 0.08413461538461539 0.13221153846153846 0.11177884615384616
170 0.25961538461538464 0.08413461538461539 0.1778846153846154 0.12980769230769232
185 0.40384615384615385 0.9014423076923077 0.1346153846153846 0.11658653846153846
170 0.09615384615384616 0.9014423076923077 0.17548076923076922 0.1141826923076923
162 0.5829326923076923 0.09134615384615384 0.18629807692307693 0.14182692307692307
155 0.9014423076923077 0.09134615384615384 0.09975961538461539 0.125
155 0.9038461538461539 0.9086538461538461 0.10336538461538461 0.109375
1 0.7632211538461539 0.9134615384615384 0.1310096153846154 0.12740384615384615
162 0.5853365384615384 0.9146634615384616 0.171875 0.14423076923076922
147 0.26322115384615385 0.9158653846153846 0.109375 0.12379807692307693
1 0.7584134615384616 0.09375 0.13221153846153846 0.12980769230769232
147 0.4230769230769231 0.09495192307692307 0.0985576923076923 0.12139423076923077