185 0.9122596153846154 0.28725961538461536 0.16346153846153846 0.1466346153846154
170 0.2536057692307692 0.21754807692307693 0.19230769230769232 0.13942307692307693
155 0.09375 0.20072115384615385 0.11057692307692307 0.11538461538461539
1 0.43509615384615385 0.24879807692307693 0.15384615384615385 0.15625
162 0.734375 0.29086538461538464 0.1971153846153846 0.17307692307692307
147 0.5721153846153846 0.27403846153846156 0.12259615384615384 0.14903846153846154
170 0.7151442307692307 0.4411057692307692 0.18028846153846154 0.1201923076923077
155 0.3581730769230769 0.4014423076923077 0.125 0.14903846153846154
185 0.21514423076923078 0.3858173076923077 0.15384615384615385 0.13942307692307693
162 0.5204326923076923 0.42788461538461536 0.1875 0.15384615384615385
147 0.0733173076923077 0.37740384615384615 0.11298076923076923 0.15384615384615385
1 0.8954326923076923 0.48197115384615385 0.17067307692307693 0.14182692307692307
185 0.3918269230769231 0.5661057692307693 0.15144230769230768 0.14182692307692307
170 0.6971153846153846 0.6105769230769231 0.1875 0.14423076923076922
155 0.5336538461538461 0.59375 0.1201923076923077 0.13221153846153846
162 0.21754807692307693 0.5564903846153846 0.19230769230769232 0.1658653846153846
1 0.8713942307692307 0.6442307692307693 0.16346153846153846 0.1466346153846154
147 0.06009615384615385 0.5432692307692307 0.1201923076923077 0.14423076923076922
185 0.8533653846153846 0.7956730769230769 0.1658653846153846 0.15865384615384615
170 0.19230769230769232 0.7163461538461539 0.20432692307692307 0.1346153846153846
155 0.7103365384615384 0.78125 0.11298076923076923 0.12740384615384615
162 0.5552884615384616 0.7632211538461539 0.19471153846153846 0.16346153846153846
1 0.375 0.7427884615384616 0.15625 0.15144230769230768
147 0.04447115384615385 0.7067307692307693 0.0889423076923077 0.13942307692307693
170 0.7920673076923077 0.11177884615384616 0.1971153846153846 0.1658653846153846
155 0.11177884615384616 0.04567307692307692 0.10817307692307693 0.09134615384615384
170 0.06971153846153846 0.8569711538461539 0.13942307692307693 0.1466346153846154
185 0.8305288461538461 0.9411057692307693 0.17067307692307693 0.11778846153846154
185 0.6129807692307693 0.10336538461538461 0.1466346153846154 0.14423076923076922
155 0.203125 0.8882211538461539 0.13221153846153846 0.12740384615384615
162 0.53125 0.9290865384615384 0.1875 0.14182692307692307
1 0.35096153846153844 0.9086538461538461 0.14903846153846154 0.13701923076923078
147 0.6935096153846154 0.9411057692307693 0.11298076923076923 0.11778846153846154
1 0.25841346153846156 0.06850961538461539 0.1466346153846154 0.13701923076923078
162 0.4326923076923077 0.08413461538461539 0.20673076923076922 0.16826923076923078
147 0.9459134615384616 0.1502403846153846 0.10817307692307693 0.14182692307692307