185 0.8918269230769231 0.25240384615384615 0.15144230769230768 0.1346153846153846
170 0.22956730769230768 0.2403846153846154 0.18269230769230768 0.125
155 0.06850961538461539 0.23677884615384615 0.10096153846153846 0.10576923076923077
1 0.41346153846153844 0.2548076923076923 0.14423076923076922 0.14423076923076922
162 0.7151442307692307 0.27163461538461536 0.18509615384615385 0.15865384615384615
147 0.5528846153846154 0.26802884615384615 0.11057692307692307 0.14182692307692307
170 0.7091346153846154 0.4230769230769231 0.17307692307692307 0.10576923076923077
155 0.34975961538461536 0.41466346153846156 0.11298076923076923 0.13942307692307693
185 0.20552884615384615 0.4110576923076923 0.14423076923076922 0.12740384615384615
162 0.5144230769230769 0.4254807692307692 0.17548076923076922 0.13942307692307693
147 0.06370192307692307 0.41466346153846156 0.10096153846153846 0.1466346153846154
1 0.8930288461538461 0.44711538461538464 0.16105769230769232 0.12740384615384615
185 0.39783653846153844 0.5757211538461539 0.14182692307692307 0.12980769230769232
170 0.7055288461538461 0.5925480769230769 0.1778846153846154 0.12980769230769232
155 0.5408653846153846 0.5901442307692307 0.11057692307692307 0.125
162 0.22355769230769232 0.5805288461538461 0.18028846153846154 0.15384615384615385
1 0.8822115384615384 0.6105769230769231 0.15144230769230768 0.1346153846153846
147 0.0625 0.5829326923076923 0.11538461538461539 0.13701923076923078
185 0.8786057692307693 0.7632211538461539 0.15625 0.1466346153846154
170 0.2127403846153846 0.7427884615384616 0.19471153846153846 0.1201923076923077
155 0.734375 0.7620192307692307 0.10336538461538461 0.1201923076923077
162 0.578125 0.7572115384615384 0.18509615384615385 0.14903846153846154
1 0.39663461538461536 0.7524038461538461 0.1466346153846154 0.13942307692307693
147 0.052884615384615384 0.7463942307692307 0.10576923076923077 0.12980769230769232
170 0.7572115384615384 0.08774038461538461 0.1875 0.15144230769230768
155 0.0733173076923077 0.0673076923076923 0.10096153846153846 0.11057692307692307
170 0.0829326923076923 0.8954326923076923 0.1658653846153846 0.13221153846153846
185 0.8701923076923077 0.9278846153846154 0.15865384615384615 0.13701923076923078
185 0.578125 0.09495192307692307 0.1346153846153846 0.13221153846153846
155 0.23798076923076922 0.9134615384615384 0.125 0.11778846153846154
162 0.5697115384615384 0.9254807692307693 0.1778846153846154 0.12980769230769232
1 0.3870192307692308 0.9206730769230769 0.13942307692307693 0.12740384615384615
147 0.7331730769230769 0.9338942307692307 0.10096153846153846 0.12740384615384615
1 0.22115384615384615 0.08413461538461539 0.13701923076923078 0.13942307692307693
162 0.39783653846153844 0.09014423076923077 0.19471153846153846 0.15625
147 0.9230769230769231 0.11177884615384616 0.11538461538461539 0.1346153846153846