185 0.7283653846153846 0.2668269230769231 0.14423076923076922 0.12740384615384615
170 0.9134615384615384 0.28365384615384615 0.17307692307692307 0.1346153846153846
155 0.07692307692307693 0.24639423076923078 0.11778846153846154 0.13701923076923078
162 0.24759615384615385 0.2608173076923077 0.18269230769230768 0.14903846153846154
1 0.4338942307692308 0.2704326923076923 0.1466346153846154 0.1466346153846154
147 0.5841346153846154 0.28125 0.12259615384615384 0.1466346153846154
185 0.21634615384615385 0.421875 0.14903846153846154 0.13942307692307693
162 0.7439903846153846 0.4495192307692308 0.18269230769230768 0.1466346153846154
155 0.06850961538461539 0.41586538461538464 0.1201923076923077 0.12740384615384615
147 0.9122596153846154 0.46274038461538464 0.11778846153846154 0.13221153846153846
170 0.4026442307692308 0.4375 0.18509615384615385 0.1346153846153846
1 0.5625 0.4483173076923077 0.14423076923076922 0.13701923076923078
185 0.5144230769230769 0.07932692307692307 0.14903846153846154 0.14182692307692307
170 0.12379807692307693 0.06610576923076923 0.18990384615384615 0.13221153846153846
155 0.796875 0.10817307692307693 0.10817307692307693 0.12740384615384615
1 0.9350961538461539 0.11899038461538461 0.12980769230769232 0.15144230769230768
162 0.33413461538461536 0.09014423076923077 0.1971153846153846 0.16105769230769232
147 0.6622596153846154 0.11057692307692307 0.10576923076923077 0.13701923076923078