164 0.22956730769230768 0.2644230769230769 0.18269230769230768 0.16346153846153846
2 0.06129807692307692 0.2800480769230769 0.12259615384615384 0.14182692307692307
3 0.8641826923076923 0.22596153846153846 0.14423076923076922 0.13942307692307693
163 0.42908653846153844 0.25841346153846156 0.18990384615384615 0.15384615384615385
149 0.5925480769230769 0.24759615384615385 0.10336538461538461 0.12980769230769232
148 0.7211538461538461 0.2403846153846154 0.11538461538461539 0.13701923076923078
148 0.20673076923076922 0.4362980769230769 0.11057692307692307 0.13942307692307693
164 0.49158653846153844 0.41586538461538464 0.18269230769230768 0.14423076923076922
149 0.3389423076923077 0.42788461538461536 0.12740384615384615 0.13701923076923078
3 0.6730769230769231 0.40625 0.1466346153846154 0.13942307692307693
2 0.06971153846153846 0.44711538461538464 0.13942307692307693 0.13942307692307693
163 0.8533653846153846 0.39302884615384615 0.18028846153846154 0.14903846153846154
148 0.703125 0.5673076923076923 0.11778846153846154 0.13701923076923078
3 0.5625 0.578125 0.13942307692307693 0.13221153846153846
2 0.07451923076923077 0.6117788461538461 0.13942307692307693 0.13221153846153846
149 0.21634615384615385 0.6045673076923077 0.11778846153846154 0.14182692307692307
163 0.3798076923076923 0.5925480769230769 0.1875 0.15144230769230768
164 0.8689903846153846 0.5600961538461539 0.18509615384615385 0.14182692307692307
163 0.75 0.7247596153846154 0.1875 0.14423076923076922
164 0.2692307692307692 0.7596153846153846 0.1778846153846154 0.14182692307692307
2 0.08774038461538461 0.7752403846153846 0.13701923076923078 0.12980769230769232
148 0.9146634615384616 0.71875 0.10576923076923077 0.13221153846153846
3 0.4495192307692308 0.7524038461538461 0.13701923076923078 0.13701923076923078
149 0.5877403846153846 0.7427884615384616 0.10817307692307693 0.12980769230769232
163 0.3425480769230769 0.08774038461538461 0.18990384615384615 0.14182692307692307
2 0.8545673076923077 0.06610576923076923 0.14182692307692307 0.13221153846153846
164 0.6754807692307693 0.07451923076923077 0.18269230769230768 0.14903846153846154
148 0.040865384615384616 0.11778846153846154 0.08173076923076923 0.13942307692307693
149 0.5120192307692307 0.08413461538461539 0.11057692307692307 0.1346153846153846
3 0.16947115384615385 0.11057692307692307 0.1466346153846154 0.1466346153846154
2 0.9110576923076923 0.8786057692307693 0.14903846153846154 0.13942307692307693
163 0.2800480769230769 0.9254807692307693 0.18509615384615385 0.14903846153846154
149 0.4423076923076923 0.9170673076923077 0.11538461538461539 0.14903846153846154
148 0.5721153846153846 0.9110576923076923 0.10817307692307693 0.13701923076923078
164 0.7307692307692307 0.9002403846153846 0.18269230769230768 0.14903846153846154
3 0.10336538461538461 0.9338942307692307 0.14903846153846154 0.13221153846153846