2 0.6081730769230769 0.24879807692307693 0.15625 0.14182692307692307
163 0.7860576923076923 0.27403846153846156 0.1778846153846154 0.15384615384615385
3 0.2512019230769231 0.20192307692307693 0.1466346153846154 0.13942307692307693
149 0.10697115384615384 0.18269230769230768 0.12259615384615384 0.14903846153846154
164 0.42788461538461536 0.2283653846153846 0.18269230769230768 0.1466346153846154
148 0.9387019230769231 0.3016826923076923 0.12259615384615384 0.15144230769230768
3 0.5889423076923077 0.4110576923076923 0.15144230769230768 0.14423076923076922
163 0.9122596153846154 0.4579326923076923 0.17548076923076922 0.15625
2 0.22716346153846154 0.3629807692307692 0.16346153846153846 0.15384615384615385
149 0.08413461538461539 0.34615384615384615 0.12740384615384615 0.14182692307692307
148 0.7596153846153846 0.4423076923076923 0.1346153846153846 0.13942307692307693
164 0.40384615384615385 0.39783653846153844 0.18509615384615385 0.17067307692307693
164 0.7367788461538461 0.6021634615384616 0.19471153846153846 0.15144230769230768
163 0.22235576923076922 0.53125 0.1875 0.14903846153846154
2 0.5661057692307693 0.5793269230769231 0.15384615384615385 0.15144230769230768
149 0.05889423076923077 0.5096153846153846 0.11778846153846154 0.14423076923076922
3 0.39903846153846156 0.5588942307692307 0.15625 0.1466346153846154
148 0.9038461538461539 0.6298076923076923 0.11778846153846154 0.13221153846153846
2 0.5396634615384616 0.7391826923076923 0.15625 0.14903846153846154
149 0.8786057692307693 0.7872596153846154 0.1201923076923077 0.1466346153846154
148 0.052884615384615384 0.6694711538461539 0.10576923076923077 0.16105769230769232
3 0.3798076923076923 0.7223557692307693 0.15625 0.15144230769230768
163 0.7127403846153846 0.7704326923076923 0.19230769230769232 0.1466346153846154
164 0.20072115384615385 0.6995192307692307 0.1778846153846154 0.15865384615384615
2 0.6334134615384616 0.0889423076923077 0.16826923076923078 0.15865384615384615
3 0.47115384615384615 0.0733173076923077 0.15865384615384615 0.1466346153846154
149 0.12740384615384615 0.04927884615384615 0.12980769230769232 0.0985576923076923
163 0.9170673076923077 0.1346153846153846 0.1658653846153846 0.1778846153846154
164 0.28966346153846156 0.06370192307692307 0.18990384615384615 0.12740384615384615
148 0.7740384615384616 0.1201923076923077 0.12259615384615384 0.16105769230769232
163 0.30408653846153844 0.875 0.1778846153846154 0.1466346153846154
149 0.828125 0.9399038461538461 0.13701923076923078 0.1201923076923077
164 0.5012019230769231 0.9050480769230769 0.18269230769230768 0.16105769230769232
148 0.038461538461538464 0.8365384615384616 0.07692307692307693 0.14903846153846154
3 0.6742788461538461 0.9254807692307693 0.16105769230769232 0.14903846153846154
2 0.15504807692307693 0.8629807692307693 0.14903846153846154 0.15625