39 0.296875 0.13581730769230768 0.14903846153846154 0.18269230769230768
29 0.28365384615384615 0.3629807692307692 0.13221153846153846 0.14903846153846154
196 0.09735576923076923 0.3641826923076923 0.1346153846153846 0.18028846153846154
173 0.47115384615384615 0.39663461538461536 0.1875 0.17548076923076922
193 0.08173076923076923 0.5649038461538461 0.1466346153846154 0.18269230769230768
137 0.2776442307692308 0.5913461538461539 0.1778846153846154 0.18028846153846154
36 0.47716346153846156 0.6081730769230769 0.1466346153846154 0.17067307692307693
196 0.6490384615384616 0.6538461538461539 0.13942307692307693 0.19230769230769232
173 0.8473557692307693 0.6694711538461539 0.1778846153846154 0.18990384615384615
39 0.07572115384615384 0.8617788461538461 0.15144230769230768 0.17067307692307693
193 0.12740384615384615 0.08533653846153846 0.14182692307692307 0.17067307692307693
137 0.5072115384615384 0.11899038461538461 0.17307692307692307 0.16826923076923078