39 0.28365384615384615 0.14423076923076922 0.14182692307692307 0.1778846153846154
29 0.27884615384615385 0.3713942307692308 0.12740384615384615 0.1466346153846154
196 0.09254807692307693 0.3786057692307692 0.12740384615384615 0.17548076923076922
173 0.4675480769230769 0.39783653846153844 0.18028846153846154 0.17067307692307693
193 0.08413461538461539 0.5793269230769231 0.13942307692307693 0.1778846153846154
137 0.28125 0.5997596153846154 0.17307692307692307 0.17307692307692307
36 0.4807692307692308 0.6081730769230769 0.13942307692307693 0.1658653846153846
196 0.6550480769230769 0.6490384615384616 0.13221153846153846 0.18990384615384615
173 0.8533653846153846 0.6574519230769231 0.17307692307692307 0.18509615384615385
39 0.08653846153846154 0.8774038461538461 0.15144230769230768 0.1658653846153846
193 0.11298076923076923 0.0985576923076923 0.1346153846153846 0.1658653846153846
137 0.49399038461538464 0.11899038461538461 0.16826923076923078 0.16105769230769232