148 0.3894230769230769 0.24519230769230768 0.11658653846153846 0.13581730769230768
163 0.6754807692307693 0.24639423076923078 0.171875 0.13822115384615385
2 0.24158653846153846 0.25 0.13701923076923078 0.11899038461538461
3 0.07572115384615384 0.25 0.13581730769230768 0.1310096153846154
164 0.8762019230769231 0.25 0.17427884615384615 0.1346153846153846
149 0.515625 0.2512019230769231 0.10216346153846154 0.11899038461538461
2 0.7596153846153846 0.41225961538461536 0.15144230769230768 0.13942307692307693
3 0.9206730769230769 0.41346153846153844 0.13942307692307693 0.12860576923076922
163 0.09975961538461539 0.4206730769230769 0.16466346153846154 0.13581730769230768
148 0.26322115384615385 0.4206730769230769 0.10096153846153846 0.12980769230769232
149 0.59375 0.421875 0.109375 0.1346153846153846
164 0.4206730769230769 0.4230769230769231 0.17427884615384615 0.14783653846153846
3 0.07932692307692307 0.07692307692307693 0.12980769230769232 0.13822115384615385
2 0.49399038461538464 0.0829326923076923 0.13942307692307693 0.1310096153846154
149 0.34975961538461536 0.08413461538461539 0.10096153846153846 0.13221153846153846
164 0.8762019230769231 0.08774038461538461 0.17427884615384615 0.13942307692307693
148 0.22716346153846154 0.09134615384615384 0.10697115384615384 0.14783653846153846
163 0.6754807692307693 0.09254807692307693 0.16947115384615385 0.140625