148 0.4074519230769231 0.23798076923076922 0.125 0.14423076923076922
163 0.6923076923076923 0.25961538461538464 0.18028846153846154 0.14903846153846154
2 0.25961538461538464 0.23317307692307693 0.14423076923076922 0.12740384615384615
3 0.09375 0.22115384615384615 0.14423076923076922 0.13942307692307693
164 0.8930288461538461 0.2764423076923077 0.18269230769230768 0.1466346153846154
149 0.5324519230769231 0.25240384615384615 0.11057692307692307 0.125
2 0.765625 0.43028846153846156 0.16105769230769232 0.14903846153846154
3 0.9254807692307693 0.44350961538461536 0.14903846153846154 0.13701923076923078
163 0.10576923076923077 0.39302884615384615 0.17307692307692307 0.1466346153846154
148 0.2692307692307692 0.40384615384615385 0.11057692307692307 0.13701923076923078
149 0.5985576923076923 0.42908653846153844 0.11778846153846154 0.14182692307692307
164 0.4266826923076923 0.4182692307692308 0.18509615384615385 0.15865384615384615
3 0.10817307692307693 0.06009615384615385 0.13942307692307693 0.1201923076923077
2 0.5228365384615384 0.0829326923076923 0.14903846153846154 0.13942307692307693
149 0.3786057692307692 0.07451923076923077 0.11057692307692307 0.13942307692307693
164 0.9038461538461539 0.11538461538461539 0.18269230769230768 0.15144230769230768
148 0.25600961538461536 0.07451923076923077 0.11778846153846154 0.14903846153846154
163 0.703125 0.10576923076923077 0.1778846153846154 0.15144230769230768