165 0.13822115384615385 0.17908653846153846 0.18028846153846154 0.15865384615384615
4 0.7115384615384616 0.27524038461538464 0.15144230769230768 0.14423076923076922
150 0.5661057692307693 0.25721153846153844 0.12980769230769232 0.15384615384615385
166 0.8725961538461539 0.3125 0.19951923076923078 0.16105769230769232
5 0.42427884615384615 0.24879807692307693 0.16105769230769232 0.15865384615384615
151 0.28365384615384615 0.22716346153846154 0.13701923076923078 0.15625
150 0.42788461538461536 0.3894230769230769 0.12740384615384615 0.14903846153846154
4 0.28966346153846156 0.3713942307692308 0.14903846153846154 0.13701923076923078
165 0.8557692307692307 0.46153846153846156 0.18509615384615385 0.14182692307692307
5 0.6754807692307693 0.43990384615384615 0.16105769230769232 0.15625
166 0.10576923076923077 0.359375 0.18509615384615385 0.15384615384615385
151 0.5384615384615384 0.4326923076923077 0.125 0.13221153846153846
4 0.6935096153846154 0.59375 0.16105769230769232 0.14182692307692307
150 0.2403846153846154 0.5240384615384616 0.11538461538461539 0.13942307692307693
165 0.39783653846153844 0.5504807692307693 0.1875 0.14903846153846154
151 0.5480769230769231 0.5913461538461539 0.12980769230769232 0.1466346153846154
166 0.08774038461538461 0.5216346153846154 0.17548076923076922 0.14903846153846154
5 0.8449519230769231 0.6442307692307693 0.16346153846153846 0.15384615384615385
165 0.8088942307692307 0.7800480769230769 0.20432692307692307 0.16105769230769232
150 0.33653846153846156 0.7055288461538461 0.11538461538461539 0.1346153846153846
4 0.47716346153846156 0.7295673076923077 0.15865384615384615 0.1466346153846154
5 0.6262019230769231 0.7716346153846154 0.15865384615384615 0.14182692307692307
166 0.07451923076923077 0.6802884615384616 0.14903846153846154 0.14423076923076922
151 0.20192307692307693 0.7115384615384616 0.1201923076923077 0.1346153846153846
150 0.3233173076923077 0.06490384615384616 0.12740384615384615 0.12980769230769232
165 0.16346153846153846 0.051682692307692304 0.18269230769230768 0.10336538461538461
4 0.7692307692307693 0.125 0.15384615384615385 0.14903846153846154
150 0.15985576923076922 0.8401442307692307 0.11538461538461539 0.1346153846153846
4 0.4855769230769231 0.8918269230769231 0.15144230769230768 0.1466346153846154
165 0.6574519230769231 0.9194711538461539 0.18028846153846154 0.14423076923076922
166 0.30528846153846156 0.8846153846153846 0.19951923076923078 0.1466346153846154
5 0.04927884615384615 0.8401442307692307 0.0985576923076923 0.15144230769230768
151 0.8052884615384616 0.9471153846153846 0.1346153846153846 0.10576923076923077
5 0.9170673076923077 0.16346153846153846 0.1658653846153846 0.15865384615384615
166 0.46875 0.09495192307692307 0.1971153846153846 0.16826923076923078
151 0.6225961538461539 0.11899038461538461 0.12740384615384615 0.14423076923076922