165 0.08052884615384616 0.26802884615384615 0.16105769230769232 0.1466346153846154
4 0.65625 0.23317307692307693 0.14182692307692307 0.13221153846153846
150 0.5096153846153846 0.24879807692307693 0.11778846153846154 0.1466346153846154
166 0.8209134615384616 0.23317307692307693 0.18990384615384615 0.1466346153846154
5 0.36899038461538464 0.27163461538461536 0.15144230769230768 0.1466346153846154
151 0.2283653846153846 0.2824519230769231 0.125 0.14903846153846154
150 0.4050480769230769 0.40865384615384615 0.11538461538461539 0.14182692307692307
4 0.265625 0.421875 0.13942307692307693 0.12740384615384615
165 0.8377403846153846 0.38221153846153844 0.1778846153846154 0.12980769230769232
5 0.6574519230769231 0.4026442307692308 0.15144230769230768 0.14423076923076922
166 0.08533653846153846 0.45072115384615385 0.17067307692307693 0.14182692307692307
151 0.5228365384615384 0.4266826923076923 0.11778846153846154 0.12259615384615384
4 0.7091346153846154 0.5480769230769231 0.15144230769230768 0.13221153846153846
150 0.25240384615384615 0.5829326923076923 0.10576923076923077 0.13221153846153846
165 0.41225961538461536 0.5721153846153846 0.1778846153846154 0.13701923076923078
151 0.5673076923076923 0.578125 0.11778846153846154 0.13942307692307693
166 0.09615384615384616 0.6153846153846154 0.18028846153846154 0.1346153846153846
5 0.8677884615384616 0.5637019230769231 0.15384615384615385 0.14423076923076922
165 0.8641826923076923 0.703125 0.19471153846153846 0.1466346153846154
150 0.3870192307692308 0.7367788461538461 0.10576923076923077 0.12740384615384615
4 0.5288461538461539 0.7295673076923077 0.14903846153846154 0.1346153846153846
5 0.6838942307692307 0.7367788461538461 0.14903846153846154 0.12980769230769232
166 0.10576923076923077 0.7764423076923077 0.18028846153846154 0.12980769230769232
151 0.25721153846153844 0.7740384615384616 0.11057692307692307 0.125
150 0.22596153846153846 0.10216346153846154 0.11538461538461539 0.15144230769230768
165 0.07572115384615384 0.11298076923076923 0.15144230769230768 0.14423076923076922
4 0.6778846153846154 0.07451923076923077 0.14423076923076922 0.13701923076923078
150 0.24519230769230768 0.9086538461538461 0.10576923076923077 0.12740384615384615
4 0.5745192307692307 0.8846153846153846 0.14182692307692307 0.13701923076923078
165 0.7475961538461539 0.8725961538461539 0.17307692307692307 0.13221153846153846
166 0.39663461538461536 0.9182692307692307 0.18990384615384615 0.13221153846153846
5 0.10576923076923077 0.9338942307692307 0.15384615384615385 0.13221153846153846
151 0.9026442307692307 0.8882211538461539 0.125 0.14182692307692307
5 0.8341346153846154 0.078125 0.16105769230769232 0.1466346153846154
166 0.3786057692307692 0.11177884615384616 0.18509615384615385 0.15384615384615385
151 0.5336538461538461 0.10096153846153846 0.11778846153846154 0.13701923076923078