4 0.9110576923076923 0.25721153846153844 0.13942307692307693 0.12139423076923077
150 0.26322115384615385 0.25721153846153844 0.109375 0.13942307692307693
165 0.0985576923076923 0.2668269230769231 0.16826923076923078 0.14182692307692307
5 0.40384615384615385 0.2764423076923077 0.1622596153846154 0.14182692307692307
151 0.5552884615384616 0.2800480769230769 0.12740384615384615 0.12139423076923077
166 0.7199519230769231 0.2800480769230769 0.17908653846153846 0.12860576923076922
150 0.9254807692307693 0.4206730769230769 0.109375 0.140625
165 0.09735576923076923 0.421875 0.16947115384615385 0.14783653846153846
4 0.28725961538461536 0.42788461538461536 0.12980769230769232 0.1310096153846154
5 0.7692307692307693 0.4423076923076923 0.15745192307692307 0.13581730769230768
166 0.5877403846153846 0.44350961538461536 0.18870192307692307 0.14423076923076922
151 0.4230769230769231 0.4495192307692308 0.11177884615384616 0.13942307692307693
4 0.90625 0.08774038461538461 0.140625 0.13942307692307693
165 0.2668269230769231 0.0889423076923077 0.17067307692307693 0.15384615384615385
150 0.42788461538461536 0.09014423076923077 0.109375 0.140625
166 0.7175480769230769 0.10576923076923077 0.18389423076923078 0.15264423076923078
151 0.5552884615384616 0.11057692307692307 0.11177884615384616 0.12740384615384615
5 0.078125 0.1141826923076923 0.14182692307692307 0.13942307692307693