6 0.5444711538461539 0.2536057692307692 0.15504807692307693 0.1346153846153846
6 0.9122596153846154 0.25841346153846156 0.15745192307692307 0.140625
152 0.39783653846153844 0.25961538461538464 0.11778846153846154 0.13581730769230768
167 0.7283653846153846 0.2608173076923077 0.19110576923076922 0.12740384615384615
152 0.06490384615384616 0.2620192307692308 0.1201923076923077 0.13581730769230768
167 0.234375 0.2668269230769231 0.19591346153846154 0.13942307692307693
167 0.3545673076923077 0.4266826923076923 0.17548076923076922 0.13942307692307693
152 0.06610576923076923 0.42908653846153844 0.11658653846153846 0.13822115384615385
6 0.8858173076923077 0.42908653846153844 0.17668269230769232 0.12620192307692307
167 0.6971153846153846 0.43028846153846156 0.19110576923076922 0.12860576923076922
152 0.19471153846153846 0.4326923076923077 0.12980769230769232 0.14182692307692307
6 0.5216346153846154 0.4326923076923077 0.13942307692307693 0.13581730769230768
6 0.578125 0.5925480769230769 0.15504807692307693 0.13581730769230768
167 0.23076923076923078 0.5973557692307693 0.18870192307692307 0.1466346153846154
152 0.0673076923076923 0.5973557692307693 0.1141826923076923 0.1466346153846154
6 0.4110576923076923 0.5985576923076923 0.1622596153846154 0.15504807692307693
167 0.7632211538461539 0.6033653846153846 0.19230769230769232 0.140625
152 0.9326923076923077 0.6069711538461539 0.12139423076923077 0.14783653846153846
6 0.9122596153846154 0.08774038461538461 0.1466346153846154 0.13581730769230768
167 0.5961538461538461 0.09014423076923077 0.19951923076923078 0.15264423076923078
152 0.06370192307692307 0.09254807692307693 0.12259615384615384 0.13701923076923078
152 0.765625 0.09254807692307693 0.12259615384615384 0.15745192307692307
6 0.21153846153846154 0.09375 0.1502403846153846 0.12980769230769232
167 0.3942307692307692 0.0985576923076923 0.19591346153846154 0.15264423076923078