238 0.2848557692307692 0.20793269230769232 0.17307692307692307 0.14423076923076922
239 0.4495192307692308 0.23076923076923078 0.15625 0.12980769230769232
231 0.7764423076923077 0.2776442307692308 0.14903846153846154 0.13221153846153846
239 0.12379807692307693 0.18870192307692307 0.15625 0.12740384615384615
238 0.6165865384615384 0.2608173076923077 0.14903846153846154 0.11298076923076923
231 0.9290865384615384 0.31009615384615385 0.14182692307692307 0.1346153846153846
238 0.7512019230769231 0.43990384615384615 0.1658653846153846 0.1466346153846154
239 0.4230769230769231 0.3954326923076923 0.15865384615384615 0.1346153846153846
239 0.10096153846153846 0.35216346153846156 0.15625 0.1466346153846154
238 0.5925480769230769 0.4230769230769231 0.1466346153846154 0.13942307692307693
231 0.9158653846153846 0.47115384615384615 0.15865384615384615 0.12740384615384615
231 0.25841346153846156 0.3798076923076923 0.16105769230769232 0.14182692307692307
238 0.5637019230769231 0.5889423076923077 0.15625 0.12980769230769232
238 0.08052884615384616 0.5216346153846154 0.16105769230769232 0.14903846153846154
239 0.4026442307692308 0.5685096153846154 0.1466346153846154 0.1346153846153846
239 0.8894230769230769 0.6382211538461539 0.15625 0.13701923076923078
231 0.7259615384615384 0.6165865384615384 0.15384615384615385 0.14182692307692307
231 0.23798076923076922 0.5480769230769231 0.15384615384615385 0.1346153846153846
239 0.8629807692307693 0.7944711538461539 0.16105769230769232 0.1466346153846154
231 0.7007211538461539 0.7728365384615384 0.16346153846153846 0.13942307692307693
238 0.37740384615384615 0.7295673076923077 0.15384615384615385 0.13221153846153846
231 0.5432692307692307 0.7536057692307693 0.15144230769230768 0.14423076923076922
238 0.06490384615384616 0.6862980769230769 0.12980769230769232 0.14182692307692307
239 0.21514423076923078 0.7115384615384616 0.15384615384615385 0.13701923076923078
238 0.30408653846153844 0.056490384615384616 0.16105769230769232 0.11298076923076923
238 0.8016826923076923 0.11778846153846154 0.15144230769230768 0.14182692307692307
231 0.46875 0.0733173076923077 0.16346153846153846 0.14182692307692307
239 0.14543269230769232 0.046875 0.15625 0.09375
239 0.6274038461538461 0.09495192307692307 0.16346153846153846 0.14182692307692307
231 0.9435096153846154 0.14423076923076922 0.11298076923076923 0.13942307692307693
239 0.7776442307692307 0.9423076923076923 0.15625 0.11538461538461539
239 0.6213942307692307 0.9266826923076923 0.14182692307692307 0.1346153846153846
231 0.3557692307692308 0.8942307692307693 0.14182692307692307 0.12259615384615384
238 0.19591346153846154 0.875 0.16826923076923078 0.1346153846153846
238 0.056490384615384616 0.8521634615384616 0.11298076923076923 0.15144230769230768
231 0.4879807692307692 0.9254807692307693 0.14182692307692307 0.1466346153846154