240 0.8930288461538461 0.23317307692307693 0.1310096153846154 0.10216346153846154
240 0.24278846153846154 0.2439903846153846 0.1346153846153846 0.11177884615384616
241 0.5673076923076923 0.24759615384615385 0.14182692307692307 0.14903846153846154
241 0.40625 0.25240384615384615 0.13701923076923078 0.12740384615384615
232 0.734375 0.2536057692307692 0.1310096153846154 0.12620192307692307
232 0.08173076923076923 0.2536057692307692 0.1346153846153846 0.1310096153846154
240 0.5360576923076923 0.4050480769230769 0.13221153846153846 0.10817307692307693
240 0.6947115384615384 0.4050480769230769 0.13581730769230768 0.11538461538461539
241 0.234375 0.40625 0.1466346153846154 0.13221153846153846
232 0.8557692307692307 0.41466346153846156 0.13942307692307693 0.12980769230769232
241 0.38221153846153844 0.41586538461538464 0.1346153846153846 0.11899038461538461
232 0.08052884615384616 0.4170673076923077 0.14423076923076922 0.12740384615384615
240 0.07692307692307693 0.5685096153846154 0.13822115384615385 0.12379807692307693
240 0.8870192307692307 0.5685096153846154 0.15384615384615385 0.11177884615384616
241 0.7295673076923077 0.5793269230769231 0.12980769230769232 0.12740384615384615
241 0.5625 0.5805288461538461 0.14302884615384615 0.12620192307692307
232 0.24639423076923078 0.5841346153846154 0.13341346153846154 0.12139423076923077
232 0.40625 0.5841346153846154 0.1346153846153846 0.1310096153846154
240 0.5625 0.06971153846153846 0.13822115384615385 0.1310096153846154
240 0.08173076923076923 0.7319711538461539 0.14182692307692307 0.11538461538461539
240 0.40384615384615385 0.7367788461538461 0.14543269230769232 0.11298076923076923
232 0.8894230769230769 0.7415865384615384 0.13701923076923078 0.1502403846153846
232 0.734375 0.7427884615384616 0.1310096153846154 0.12860576923076922
241 0.2439903846153846 0.7451923076923077 0.140625 0.12860576923076922
241 0.5709134615384616 0.7475961538461539 0.13581730769230768 0.140625
240 0.40625 0.078125 0.1346153846153846 0.14423076923076922
232 0.24519230769230768 0.08052884615384616 0.14302884615384615 0.12860576923076922
232 0.09014423076923077 0.08173076923076923 0.14783653846153846 0.1466346153846154
241 0.8882211538461539 0.0829326923076923 0.140625 0.14302884615384615
240 0.0829326923076923 0.8930288461538461 0.14423076923076922 0.12379807692307693
241 0.7319711538461539 0.09014423076923077 0.12620192307692307 0.13221153846153846
241 0.4074519230769231 0.8966346153846154 0.12740384615384615 0.14182692307692307
240 0.8954326923076923 0.8990384615384616 0.1466346153846154 0.1141826923076923
241 0.5709134615384616 0.9086538461538461 0.125 0.13221153846153846
232 0.24879807692307693 0.9122596153846154 0.14543269230769232 0.12620192307692307
232 0.7259615384615384 0.9158653846153846 0.14182692307692307 0.14182692307692307