235 0.0625 0.28125 0.125 0.14423076923076922
238 0.8689903846153846 0.19591346153846154 0.15384615384615385 0.15625
233 0.7067307692307693 0.21514423076923078 0.15144230769230768 0.1466346153846154
235 0.38221153846153844 0.25 0.15144230769230768 0.14423076923076922
233 0.5420673076923077 0.23317307692307693 0.14423076923076922 0.15384615384615385
238 0.21995192307692307 0.26802884615384615 0.16105769230769232 0.14182692307692307
235 0.8858173076923077 0.36177884615384615 0.1466346153846154 0.15625
233 0.5612980769230769 0.39663461538461536 0.14903846153846154 0.13942307692307693
235 0.7259615384615384 0.38100961538461536 0.1466346153846154 0.1346153846153846
238 0.40024038461538464 0.4182692307692308 0.15384615384615385 0.14903846153846154
233 0.07932692307692307 0.4519230769230769 0.1466346153846154 0.14423076923076922
238 0.23557692307692307 0.4387019230769231 0.15865384615384615 0.15625
238 0.9050480769230769 0.5264423076923077 0.1466346153846154 0.15144230769230768
235 0.5829326923076923 0.5637019230769231 0.15625 0.14423076923076922
233 0.2536057692307692 0.6009615384615384 0.15865384615384615 0.13701923076923078
235 0.4206730769230769 0.5841346153846154 0.15625 0.1466346153846154
238 0.09254807692307693 0.6201923076923077 0.15144230769230768 0.15144230769230768
233 0.7427884615384616 0.5552884615384616 0.16105769230769232 0.16105769230769232
233 0.056490384615384616 0.11658653846153846 0.11298076923076923 0.14182692307692307
235 0.8557692307692307 0.051682692307692304 0.15384615384615385 0.10336538461538461
238 0.36658653846153844 0.08533653846153846 0.14423076923076922 0.15384615384615385
235 0.20552884615384615 0.10336538461538461 0.15144230769230768 0.15144230769230768
238 0.9170673076923077 0.7007211538461539 0.15625 0.1466346153846154
233 0.4362980769230769 0.7524038461538461 0.13942307692307693 0.1346153846153846
238 0.109375 0.7860576923076923 0.15144230769230768 0.16105769230769232
235 0.5985576923076923 0.7379807692307693 0.14423076923076922 0.14423076923076922
233 0.7596153846153846 0.7199519230769231 0.15144230769230768 0.1466346153846154
235 0.27403846153846156 0.7740384615384616 0.15865384615384615 0.1466346153846154
238 0.5264423076923077 0.07451923076923077 0.15384615384615385 0.14903846153846154
233 0.6899038461538461 0.06610576923076923 0.15384615384615385 0.13221153846153846
235 0.4519230769230769 0.9086538461538461 0.14182692307692307 0.15144230769230768
235 0.6141826923076923 0.8978365384615384 0.16105769230769232 0.15384615384615385
238 0.9326923076923077 0.8629807692307693 0.1346153846153846 0.14903846153846154
233 0.28966346153846156 0.9314903846153846 0.15144230769230768 0.13701923076923078
233 0.7836538461538461 0.8834134615384616 0.15625 0.1466346153846154
238 0.12620192307692307 0.9338942307692307 0.15144230769230768 0.13221153846153846