237 0.07091346153846154 0.27163461538461536 0.14182692307692307 0.1346153846153846
237 0.375 0.2439903846153846 0.15384615384615385 0.125
237 0.6899038461538461 0.21875 0.15144230769230768 0.1346153846153846
236 0.21514423076923078 0.27283653846153844 0.15384615384615385 0.14182692307692307
236 0.5216346153846154 0.2548076923076923 0.1466346153846154 0.1466346153846154
237 0.0829326923076923 0.42427884615384615 0.15625 0.13701923076923078
237 0.23677884615384615 0.41466346153846156 0.15384615384615385 0.14423076923076922
237 0.7019230769230769 0.3737980769230769 0.15625 0.14423076923076922
236 0.37740384615384615 0.421875 0.1466346153846154 0.14182692307692307
236 0.8545673076923077 0.38341346153846156 0.15625 0.14423076923076922
236 0.5384615384615384 0.41346153846153844 0.15625 0.13221153846153846
237 0.5625 0.5456730769230769 0.15865384615384615 0.14423076923076922
237 0.7175480769230769 0.5360576923076923 0.15144230769230768 0.15384615384615385
237 0.09495192307692307 0.59375 0.15384615384615385 0.14903846153846154
236 0.8617788461538461 0.5384615384615384 0.15625 0.1466346153846154
236 0.23677884615384615 0.59375 0.1466346153846154 0.13942307692307693
236 0.39302884615384615 0.5805288461538461 0.15384615384615385 0.13221153846153846
237 0.390625 0.7211538461538461 0.15865384615384615 0.13942307692307693
237 0.10576923076923077 0.7475961538461539 0.14182692307692307 0.12259615384615384
237 0.2091346153846154 0.09735576923076923 0.15865384615384615 0.12740384615384615
236 0.5384615384615384 0.7259615384615384 0.15144230769230768 0.15144230769230768
237 0.6754807692307693 0.06490384615384616 0.15865384615384615 0.12980769230769232
236 0.22355769230769232 0.7728365384615384 0.13942307692307693 0.13701923076923078
237 0.36658653846153844 0.08774038461538461 0.15384615384615385 0.13942307692307693
237 0.3112980769230769 0.8918269230769231 0.15384615384615385 0.13221153846153846
237 0.6237980769230769 0.8641826923076923 0.15384615384615385 0.1466346153846154
237 0.9242788461538461 0.8401442307692307 0.15144230769230768 0.15144230769230768
236 0.45552884615384615 0.8966346153846154 0.1466346153846154 0.1658653846153846
236 0.765625 0.8713942307692307 0.14423076923076922 0.16346153846153846
236 0.11177884615384616 0.9278846153846154 0.15625 0.14423076923076922
236 0.5120192307692307 0.09134615384615384 0.14903846153846154 0.15384615384615385
236 0.057692307692307696 0.1346153846153846 0.11538461538461539 0.14423076923076922