193 0.6682692307692307 0.34134615384615385 0.12259615384615384 0.15865384615384615
36 0.3161057692307692 0.3269230769230769 0.1346153846153846 0.18028846153846154
173 0.12139423076923077 0.34615384615384615 0.1778846153846154 0.18990384615384615
39 0.49158653846153844 0.3762019230769231 0.13221153846153846 0.1658653846153846
196 0.8389423076923077 0.39663461538461536 0.125 0.18028846153846154
119 0.3112980769230769 0.5997596153846154 0.17067307692307693 0.15865384615384615
173 0.10336538461538461 0.6021634615384616 0.18028846153846154 0.17548076923076922
193 0.08653846153846154 0.7908653846153846 0.1346153846153846 0.15865384615384615
36 0.6274038461538461 0.8293269230769231 0.13701923076923078 0.17307692307692307
39 0.26802884615384615 0.8413461538461539 0.1346153846153846 0.19230769230769232
196 0.4326923076923077 0.8569711538461539 0.14182692307692307 0.16826923076923078
137 0.13581730769230768 0.07572115384615384 0.16826923076923078 0.15144230769230768