85 0.328125 0.11057692307692307 0.15625 0.19951923076923078
85 0.09735576923076923 0.3401442307692308 0.16346153846153846 0.18269230769230768
83 0.8569711538461539 0.6875 0.1658653846153846 0.21634615384615385
75 0.6538461538461539 0.6694711538461539 0.14423076923076922 0.15144230769230768
75 0.0673076923076923 0.5793269230769231 0.1346153846153846 0.14903846153846154
85 0.24759615384615385 0.6334134615384616 0.15625 0.19230769230769232
85 0.4651442307692308 0.6682692307692307 0.15144230769230768 0.19951923076923078
83 0.052884615384615384 0.8040865384615384 0.10576923076923077 0.18990384615384615
83 0.5576923076923077 0.10216346153846154 0.16346153846153846 0.1971153846153846
83 0.9519230769230769 0.171875 0.09615384615384616 0.19471153846153846
75 0.7800480769230769 0.15865384615384615 0.14423076923076922 0.15384615384615385
75 0.140625 0.06971153846153846 0.13701923076923078 0.13942307692307693