137 0.8665865384615384 0.3161057692307692 0.18509615384615385 0.17548076923076922
193 0.4651442307692308 0.3245192307692308 0.13221153846153846 0.17067307692307693
36 0.6526442307692307 0.32211538461538464 0.13701923076923078 0.1875
39 0.1201923076923077 0.3629807692307692 0.13942307692307693 0.17067307692307693
196 0.2932692307692308 0.3641826923076923 0.13221153846153846 0.16826923076923078
137 0.3293269230769231 0.5793269230769231 0.17307692307692307 0.16346153846153846
39 0.12860576923076922 0.6394230769230769 0.16826923076923078 0.17548076923076922
193 0.5168269230769231 0.8161057692307693 0.12740384615384615 0.15865384615384615
36 0.34375 0.8245192307692307 0.125 0.17067307692307693
196 0.6887019230769231 0.8545673076923077 0.14182692307692307 0.18028846153846154
173 0.14423076923076922 0.8701923076923077 0.17548076923076922 0.18990384615384615
173 0.13942307692307693 0.11899038461538461 0.17548076923076922 0.18028846153846154