49 0.09615384615384616 0.3401442307692308 0.11778846153846154 0.17427884615384615
227 0.2980769230769231 0.34615384615384615 0.13822115384615385 0.17067307692307693
157 0.11778846153846154 0.5853365384615384 0.1875 0.17548076923076922
157 0.5348557692307693 0.5889423076923077 0.17067307692307693 0.1778846153846154
49 0.7475961538461539 0.5913461538461539 0.125 0.16466346153846154
49 0.32211538461538464 0.59375 0.14543269230769232 0.16346153846153846
227 0.09495192307692307 0.8161057692307693 0.13221153846153846 0.15504807692307693
227 0.29086538461538464 0.8233173076923077 0.13581730769230768 0.16105769230769232
157 0.7776442307692307 0.11177884615384616 0.1814903846153846 0.18269230769230768
49 0.09615384615384616 0.11177884615384616 0.10697115384615384 0.17067307692307693
227 0.2980769230769231 0.11538461538461539 0.12740384615384615 0.15384615384615385
157 0.5276442307692307 0.11538461538461539 0.18028846153846154 0.18269230769230768