75 0.49278846153846156 0.1310096153846154 0.10336538461538461 0.1502403846153846
85 0.6682692307692307 0.14783653846153846 0.11899038461538461 0.18269230769230768
85 0.8677884615384616 0.15384615384615385 0.13221153846153846 0.171875
75 0.08533653846153846 0.35697115384615385 0.11658653846153846 0.14302884615384615
83 0.08413461538461539 0.5805288461538461 0.11538461538461539 0.15865384615384615
75 0.2920673076923077 0.6057692307692307 0.11177884615384616 0.11538461538461539
75 0.8822115384615384 0.6165865384615384 0.11658653846153846 0.13341346153846154
85 0.4651442307692308 0.6298076923076923 0.12620192307692307 0.16346153846153846
85 0.6670673076923077 0.6310096153846154 0.12980769230769232 0.15144230769230768
83 0.09254807692307693 0.8137019230769231 0.11538461538461539 0.16947115384615385
83 0.09375 0.11177884615384616 0.11778846153846154 0.17067307692307693
83 0.28365384615384615 0.1141826923076923 0.12740384615384615 0.15745192307692307