75 0.5444711538461539 0.13341346153846154 0.12259615384615384 0.16346153846153846
85 0.7151442307692307 0.17427884615384615 0.14423076923076922 0.1971153846153846
85 0.9122596153846154 0.20793269230769232 0.15384615384615385 0.1875
75 0.109375 0.3004807692307692 0.1346153846153846 0.15865384615384615
83 0.07692307692307693 0.5216346153846154 0.13701923076923078 0.17307692307692307
75 0.27884615384615385 0.5757211538461539 0.12740384615384615 0.12980769230769232
75 0.8617788461538461 0.6682692307692307 0.1346153846153846 0.14903846153846154
85 0.44711538461538464 0.6237980769230769 0.1466346153846154 0.18028846153846154
85 0.6466346153846154 0.6526442307692307 0.14903846153846154 0.16826923076923078
83 0.06009615384615385 0.7524038461538461 0.1201923076923077 0.18269230769230768
83 0.15144230769230768 0.07572115384615384 0.13942307692307693 0.15144230769230768
83 0.3389423076923077 0.08774038461538461 0.14903846153846154 0.17307692307692307