75 0.9158653846153846 0.1310096153846154 0.12980769230769232 0.13942307692307693
85 0.7019230769230769 0.15144230769230768 0.13701923076923078 0.20432692307692307
85 0.49278846153846156 0.15985576923076922 0.1346153846153846 0.17548076923076922
75 0.07932692307692307 0.390625 0.11778846153846154 0.125
83 0.8221153846153846 0.5877403846153846 0.1466346153846154 0.19230769230769232
83 0.4735576923076923 0.609375 0.12980769230769232 0.17548076923076922
75 0.6526442307692307 0.6274038461538461 0.125 0.13701923076923078
85 0.0889423076923077 0.6670673076923077 0.12740384615384615 0.1778846153846154
85 0.25961538461538464 0.6658653846153846 0.13221153846153846 0.1778846153846154
75 0.0985576923076923 0.8858173076923077 0.11778846153846154 0.13221153846153846
83 0.07091346153846154 0.12259615384615384 0.12259615384615384 0.1778846153846154
83 0.2824519230769231 0.11658653846153846 0.125 0.17548076923076922