76 0.4987980769230769 0.14903846153846154 0.15745192307692307 0.15504807692307693
76 0.29086538461538464 0.15745192307692307 0.15745192307692307 0.15144230769230768
82 0.07932692307692307 0.3485576923076923 0.140625 0.17427884615384615
84 0.90625 0.5865384615384616 0.1346153846153846 0.203125
84 0.7019230769230769 0.5925480769230769 0.1310096153846154 0.1971153846153846
82 0.0733173076923077 0.6045673076923077 0.1310096153846154 0.171875
82 0.27884615384615385 0.6105769230769231 0.14903846153846154 0.18629807692307693
76 0.5036057692307693 0.6370192307692307 0.1622596153846154 0.15264423076923078
76 0.09495192307692307 0.8665865384615384 0.14783653846153846 0.15745192307692307
84 0.8930288461538461 0.10817307692307693 0.13581730769230768 0.1935096153846154
84 0.6862980769230769 0.11658653846153846 0.1346153846153846 0.18990384615384615
82 0.08052884615384616 0.11658653846153846 0.11899038461538461 0.19110576923076922