76 0.44350961538461536 0.15384615384615385 0.18028846153846154 0.1778846153846154
76 0.2403846153846154 0.19471153846153846 0.18028846153846154 0.17307692307692307
82 0.07211538461538461 0.41466346153846156 0.14423076923076922 0.19471153846153846
84 0.9146634615384616 0.5216346153846154 0.1658653846153846 0.22115384615384615
84 0.7139423076923077 0.5600961538461539 0.16105769230769232 0.21634615384615385
82 0.09495192307692307 0.6694711538461539 0.15625 0.18990384615384615
82 0.29927884615384615 0.6442307692307693 0.17548076923076922 0.20673076923076922
76 0.5252403846153846 0.6346153846153846 0.18509615384615385 0.17548076923076922
76 0.15745192307692307 0.9182692307692307 0.17067307692307693 0.16346153846153846
84 0.8269230769230769 0.078125 0.16346153846153846 0.15625
84 0.6225961538461539 0.0985576923076923 0.16346153846153846 0.1971153846153846
82 0.04927884615384615 0.1875 0.0985576923076923 0.20673076923076922