76 0.5228365384615384 0.1502403846153846 0.16826923076923078 0.1658653846153846
76 0.31490384615384615 0.14423076923076922 0.16826923076923078 0.16105769230769232
82 0.09134615384615384 0.31971153846153844 0.15144230769230768 0.18269230769230768
84 0.8990384615384616 0.6141826923076923 0.14903846153846154 0.21153846153846154
84 0.6947115384615384 0.6069711538461539 0.14423076923076922 0.20673076923076922
82 0.06850961538461539 0.5733173076923077 0.13701923076923078 0.18028846153846154
82 0.27163461538461536 0.5949519230769231 0.16105769230769232 0.1971153846153846
76 0.49399038461538464 0.6370192307692307 0.17307692307692307 0.16346153846153846
76 0.07451923076923077 0.8365384615384616 0.14903846153846154 0.16826923076923078
84 0.9194711538461539 0.13701923076923078 0.14903846153846154 0.20192307692307693
84 0.7127403846153846 0.1310096153846154 0.1466346153846154 0.19951923076923078
82 0.10697115384615384 0.09375 0.13221153846153846 0.1875