76 0.06009615384615385 0.21995192307692307 0.1201923076923077 0.19471153846153846
76 0.08052884615384616 0.44711538461538464 0.16105769230769232 0.1875
84 0.4987980769230769 0.5745192307692307 0.15384615384615385 0.21875
84 0.7067307692307693 0.5552884615384616 0.17307692307692307 0.22596153846153846
82 0.9146634615384616 0.5216346153846154 0.14903846153846154 0.19471153846153846
76 0.32091346153846156 0.6598557692307693 0.17307692307692307 0.17548076923076922
76 0.1141826923076923 0.7019230769230769 0.16346153846153846 0.16105769230769232
82 0.13701923076923078 0.9050480769230769 0.13701923076923078 0.1875
84 0.6189903846153846 0.09134615384615384 0.1658653846153846 0.18269230769230768
84 0.41225961538461536 0.11298076923076923 0.1658653846153846 0.20432692307692307
82 0.20793269230769232 0.14903846153846154 0.16105769230769232 0.19230769230769232
82 0.8016826923076923 0.07091346153846154 0.15144230769230768 0.14182692307692307