78 0.27283653846153844 0.3581730769230769 0.1346153846153846 0.18269230769230768
77 0.06610576923076923 0.37740384615384615 0.125 0.18990384615384615
78 0.2980769230769231 0.6165865384615384 0.1346153846153846 0.2091346153846154
79 0.07451923076923077 0.6237980769230769 0.13221153846153846 0.19471153846153846
78 0.9314903846153846 0.5925480769230769 0.13701923076923078 0.17548076923076922
77 0.5 0.6129807692307693 0.1658653846153846 0.19230769230769232
77 0.7379807692307693 0.6045673076923077 0.13221153846153846 0.17307692307692307
79 0.08413461538461539 0.8653846153846154 0.12980769230769232 0.21153846153846154
79 0.27524038461538464 0.11177884615384616 0.12980769230769232 0.1875
77 0.06009615384615385 0.125 0.1201923076923077 0.1875
79 0.49759615384615385 0.11177884615384616 0.13701923076923078 0.18509615384615385
78 0.7415865384615384 0.11298076923076923 0.11778846153846154 0.18990384615384615