77 0.2932692307692308 0.34975961538461536 0.13341346153846154 0.21153846153846154
78 0.0733173076923077 0.35096153846153844 0.14182692307692307 0.1971153846153846
79 0.5372596153846154 0.6069711538461539 0.13822115384615385 0.20793269230769232
77 0.765625 0.6189903846153846 0.1310096153846154 0.18509615384615385
78 0.0733173076923077 0.6201923076923077 0.11899038461538461 0.1814903846153846
77 0.3004807692307692 0.6262019230769231 0.1201923076923077 0.19110576923076922
78 0.3125 0.8653846153846154 0.13822115384615385 0.18870192307692307
79 0.07451923076923077 0.8689903846153846 0.1346153846153846 0.18389423076923078
79 0.3004807692307692 0.09615384615384616 0.1502403846153846 0.18509615384615385
79 0.7584134615384616 0.10336538461538461 0.14302884615384615 0.1971153846153846
77 0.5408653846153846 0.10336538461538461 0.1201923076923077 0.19230769230769232
78 0.08052884615384616 0.1045673076923077 0.125 0.19591346153846154