77 0.2860576923076923 0.3605769230769231 0.14423076923076922 0.21875
78 0.07091346153846154 0.3737980769230769 0.14182692307692307 0.20432692307692307
79 0.5432692307692307 0.6045673076923077 0.14903846153846154 0.21394230769230768
77 0.7716346153846154 0.6045673076923077 0.13942307692307693 0.19230769230769232
78 0.08052884615384616 0.6418269230769231 0.12740384615384615 0.1875
77 0.3076923076923077 0.6370192307692307 0.12980769230769232 0.1971153846153846
78 0.3317307692307692 0.875 0.14903846153846154 0.19471153846153846
79 0.09495192307692307 0.890625 0.14423076923076922 0.18990384615384615
79 0.2800480769230769 0.10697115384615384 0.15865384615384615 0.19230769230769232
79 0.7355769230769231 0.09615384615384616 0.15384615384615385 0.19230769230769232
77 0.5204326923076923 0.10216346153846154 0.12980769230769232 0.19951923076923078
78 0.06370192307692307 0.12740384615384615 0.12740384615384615 0.20192307692307693