77 0.2764423076923077 0.3762019230769231 0.15865384615384615 0.22596153846153846
78 0.07091346153846154 0.4026442307692308 0.14182692307692307 0.21394230769230768
79 0.5504807692307693 0.6021634615384616 0.16346153846153846 0.22355769230769232
77 0.7776442307692307 0.5853365384615384 0.15144230769230768 0.19951923076923078
78 0.09134615384615384 0.671875 0.13942307692307693 0.19471153846153846
77 0.3173076923076923 0.6490384615384616 0.14182692307692307 0.20432692307692307
78 0.3581730769230769 0.8858173076923077 0.16105769230769232 0.20432692307692307
79 0.12139423076923077 0.9086538461538461 0.15625 0.18269230769230768
79 0.25240384615384615 0.12379807692307693 0.17067307692307693 0.20192307692307693
79 0.7079326923076923 0.09014423076923077 0.1658653846153846 0.18028846153846154
77 0.49158653846153844 0.10096153846153846 0.14182692307692307 0.20192307692307693
78 0.055288461538461536 0.15745192307692307 0.11057692307692307 0.2091346153846154