196 0.08173076923076923 0.1778846153846154 0.13942307692307693 0.19471153846153846
39 0.6298076923076923 0.15625 0.14903846153846154 0.17548076923076922
173 0.125 0.4206730769230769 0.18028846153846154 0.18269230769230768
193 0.48677884615384615 0.6153846153846154 0.1346153846153846 0.1658653846153846
137 0.6947115384615384 0.6129807692307693 0.17548076923076922 0.19951923076923078
173 0.3112980769230769 0.6694711538461539 0.1778846153846154 0.17307692307692307
196 0.10576923076923077 0.6814903846153846 0.12980769230769232 0.16826923076923078
39 0.8978365384615384 0.6418269230769231 0.13701923076923078 0.17548076923076922
36 0.12259615384615384 0.8810096153846154 0.1466346153846154 0.1778846153846154
193 0.43509615384615385 0.1141826923076923 0.13701923076923078 0.16826923076923078
36 0.2692307692307692 0.12980769230769232 0.14182692307692307 0.16826923076923078
137 0.8329326923076923 0.10336538461538461 0.1875 0.18269230769230768