196 0.1310096153846154 0.12259615384615384 0.14423076923076922 0.1971153846153846
39 0.6766826923076923 0.1778846153846154 0.15384615384615385 0.18028846153846154
173 0.13942307692307693 0.36899038461538464 0.18509615384615385 0.1875
193 0.47115384615384615 0.6117788461538461 0.14182692307692307 0.16826923076923078
137 0.6778846153846154 0.6382211538461539 0.18269230769230768 0.20432692307692307
173 0.28966346153846156 0.6418269230769231 0.18509615384615385 0.1778846153846154
196 0.08533653846153846 0.625 0.13701923076923078 0.17067307692307693
39 0.8737980769230769 0.6959134615384616 0.14182692307692307 0.1778846153846154
36 0.07451923076923077 0.8245192307692307 0.14903846153846154 0.18269230769230768
193 0.4891826923076923 0.109375 0.14182692307692307 0.17067307692307693
36 0.32211538461538464 0.10096153846153846 0.14903846153846154 0.17307692307692307
137 0.8846153846153846 0.15384615384615385 0.19230769230769232 0.18990384615384615