81 0.5637019230769231 0.11177884615384616 0.21394230769230768 0.22355769230769232
81 0.09975961538461539 0.4206730769230769 0.19951923076923078 0.22596153846153846
77 0.9014423076923077 0.5588942307692307 0.14903846153846154 0.1971153846153846
77 0.5120192307692307 0.6274038461538461 0.14903846153846154 0.1971153846153846
75 0.7115384615384616 0.6177884615384616 0.14423076923076922 0.15625
75 0.11538461538461539 0.71875 0.13221153846153846 0.15144230769230768
76 0.31850961538461536 0.6995192307692307 0.17067307692307693 0.18990384615384615
76 0.16826923076923078 0.9411057692307693 0.17307692307692307 0.11778846153846154
81 0.08173076923076923 0.18509615384615385 0.16346153846153846 0.23076923076923078
81 0.31850961538461536 0.14783653846153846 0.21153846153846154 0.2403846153846154
81 0.8233173076923077 0.09254807692307693 0.20432692307692307 0.18509615384615385