77 0.7223557692307693 0.14783653846153846 0.15144230769230768 0.18269230769230768
75 0.1141826923076923 0.11177884615384616 0.12980769230769232 0.16346153846153846
75 0.8858173076923077 0.1935096153846154 0.12980769230769232 0.15625
76 0.5180288461538461 0.16346153846153846 0.1778846153846154 0.17067307692307693
76 0.09735576923076923 0.35697115384615385 0.16346153846153846 0.17548076923076922
77 0.4891826923076923 0.6165865384615384 0.14903846153846154 0.18990384615384615
77 0.07211538461538461 0.5721153846153846 0.14423076923076922 0.20192307692307693
75 0.8846153846153846 0.6838942307692307 0.13701923076923078 0.14182692307692307
76 0.27884615384615385 0.6334134615384616 0.16826923076923078 0.17067307692307693
75 0.6826923076923077 0.6766826923076923 0.14903846153846154 0.16826923076923078
76 0.06850961538461539 0.8497596153846154 0.13701923076923078 0.15625
77 0.2980769230769231 0.10216346153846154 0.17067307692307693 0.18509615384615385