77 0.6706730769230769 0.1201923076923077 0.13942307692307693 0.17548076923076922
75 0.06370192307692307 0.16826923076923078 0.1201923076923077 0.15625
75 0.8401442307692307 0.14302884615384615 0.1201923076923077 0.14903846153846154
76 0.47115384615384615 0.16466346153846154 0.16826923076923078 0.16105769230769232
76 0.08052884615384616 0.41466346153846156 0.15144230769230768 0.1658653846153846
77 0.5048076923076923 0.6165865384615384 0.13942307692307693 0.18269230769230768
77 0.08413461538461539 0.6310096153846154 0.13701923076923078 0.19230769230769232
75 0.90625 0.6286057692307693 0.12980769230769232 0.13221153846153846
76 0.3004807692307692 0.6634615384615384 0.15865384615384615 0.16105769230769232
75 0.7043269230769231 0.6490384615384616 0.13942307692307693 0.15865384615384615
76 0.1045673076923077 0.9098557692307693 0.16346153846153846 0.14423076923076922
77 0.2439903846153846 0.13341346153846154 0.15865384615384615 0.17548076923076922