79 0.11658653846153846 0.25961538461538464 0.16826923076923078 0.22115384615384615
78 0.3161057692307692 0.3125 0.15865384615384615 0.22355769230769232
79 0.46875 0.5685096153846154 0.15384615384615385 0.2091346153846154
78 0.8798076923076923 0.6394230769230769 0.15865384615384615 0.19230769230769232
82 0.6790865384615384 0.6081730769230769 0.14182692307692307 0.18990384615384615
82 0.27163461538461536 0.5456730769230769 0.16105769230769232 0.19471153846153846
78 0.07692307692307693 0.5144230769230769 0.15384615384615385 0.20192307692307693
79 0.057692307692307696 0.7331730769230769 0.11538461538461539 0.22115384615384615
79 0.33653846153846156 0.08173076923076923 0.14903846153846154 0.16346153846153846
82 0.5492788461538461 0.11177884615384616 0.1658653846153846 0.2091346153846154
82 0.7536057692307693 0.1466346153846154 0.15865384615384615 0.19471153846153846
78 0.1466346153846154 0.07572115384615384 0.15384615384615385 0.15144230769230768