79 0.08413461538461539 0.32211538461538464 0.13942307692307693 0.20192307692307693
78 0.28966346153846156 0.34375 0.12740384615384615 0.20552884615384615
79 0.4795673076923077 0.5721153846153846 0.12620192307692307 0.19110576923076922
78 0.8966346153846154 0.578125 0.13221153846153846 0.17307692307692307
82 0.6935096153846154 0.5793269230769231 0.11658653846153846 0.17427884615384615
82 0.28125 0.5805288461538461 0.1346153846153846 0.17668269230769232
78 0.08052884615384616 0.5805288461538461 0.13341346153846154 0.18269230769230768
79 0.08052884615384616 0.8028846153846154 0.12259615384615384 0.20432692307692307
79 0.27283653846153844 0.09975961538461539 0.12379807692307693 0.17067307692307693
82 0.4879807692307692 0.109375 0.13701923076923078 0.18990384615384615
82 0.6947115384615384 0.11177884615384616 0.13341346153846154 0.17668269230769232
78 0.08173076923076923 0.11298076923076923 0.12740384615384615 0.1814903846153846