78 0.5060096153846154 0.12740384615384615 0.11778846153846154 0.19591346153846154
79 0.08052884615384616 0.3449519230769231 0.11057692307692307 0.203125
79 0.0829326923076923 0.5841346153846154 0.12620192307692307 0.18509615384615385
79 0.7199519230769231 0.5889423076923077 0.12139423076923077 0.19230769230769232
78 0.5012019230769231 0.5901442307692307 0.1201923076923077 0.1935096153846154
78 0.2980769230769231 0.5949519230769231 0.12379807692307693 0.2091346153846154
82 0.28725961538461536 0.8269230769230769 0.11778846153846154 0.16826923076923078
82 0.08653846153846154 0.8329326923076923 0.12620192307692307 0.16947115384615385
79 0.07932692307692307 0.10817307692307693 0.11899038461538461 0.18629807692307693
82 0.7019230769230769 0.11778846153846154 0.13221153846153846 0.1778846153846154
82 0.30528846153846156 0.1201923076923077 0.14423076923076922 0.17908653846153846
78 0.9110576923076923 0.1201923076923077 0.12379807692307693 0.19230769230769232