79 0.3112980769230769 0.13221153846153846 0.12980769230769232 0.18269230769230768
79 0.7451923076923077 0.13341346153846154 0.1201923076923077 0.19471153846153846
82 0.09495192307692307 0.140625 0.12740384615384615 0.18990384615384615
82 0.5324519230769231 0.14182692307692307 0.12740384615384615 0.17548076923076922
78 0.29927884615384615 0.3762019230769231 0.14302884615384615 0.1814903846153846
78 0.0829326923076923 0.3786057692307692 0.11778846153846154 0.18629807692307693
79 0.5240384615384616 0.6286057692307693 0.11298076923076923 0.1971153846153846
78 0.7463942307692307 0.6334134615384616 0.11538461538461539 0.18990384615384615
82 0.09134615384615384 0.6418269230769231 0.12980769230769232 0.17067307692307693
82 0.3076923076923077 0.6430288461538461 0.14182692307692307 0.171875
78 0.3233173076923077 0.8713942307692307 0.13701923076923078 0.19230769230769232
79 0.09134615384615384 0.8762019230769231 0.11778846153846154 0.20072115384615385