80 0.2439903846153846 0.17548076923076922 0.1778846153846154 0.18028846153846154
80 0.07692307692307693 0.43028846153846156 0.15384615384615385 0.1875
83 0.5120192307692307 0.5949519230769231 0.14903846153846154 0.18990384615384615
84 0.10096153846153846 0.6394230769230769 0.14903846153846154 0.1971153846153846
83 0.3088942307692308 0.6237980769230769 0.12740384615384615 0.1875
80 0.7067307692307693 0.6129807692307693 0.18028846153846154 0.18509615384615385
84 0.3737980769230769 0.8497596153846154 0.15384615384615385 0.1971153846153846
80 0.11538461538461539 0.9134615384615384 0.15865384615384615 0.17307692307692307
84 0.6742788461538461 0.09134615384615384 0.15625 0.18269230769230768
84 0.06370192307692307 0.15384615384615385 0.12740384615384615 0.21153846153846154
83 0.8822115384615384 0.07932692307692307 0.14903846153846154 0.15865384615384615
83 0.47475961538461536 0.11899038461538461 0.15144230769230768 0.1875