84 0.2692307692307692 0.1502403846153846 0.16105769230769232 0.21394230769230768
83 0.8858173076923077 0.11298076923076923 0.1346153846153846 0.18028846153846154
83 0.6838942307692307 0.1346153846153846 0.14182692307692307 0.18269230769230768
80 0.06850961538461539 0.2091346153846154 0.13701923076923078 0.15865384615384615
80 0.4735576923076923 0.18389423076923078 0.18028846153846154 0.17067307692307693
84 0.09254807692307693 0.40024038461538464 0.14903846153846154 0.18990384615384615
83 0.30649038461538464 0.6322115384615384 0.13221153846153846 0.1875
83 0.5144230769230769 0.625 0.1466346153846154 0.18269230769230768
80 0.09375 0.6923076923076923 0.17067307692307693 0.17548076923076922
84 0.3293269230769231 0.8629807692307693 0.11298076923076923 0.18990384615384615
84 0.4951923076923077 0.8533653846153846 0.1466346153846154 0.1971153846153846
80 0.109375 0.9194711538461539 0.15625 0.16105769230769232