161 0.08653846153846154 0.2608173076923077 0.171875 0.10817307692307693
234 0.23677884615384615 0.41586538461538464 0.14302884615384615 0.15504807692307693
67 0.7512019230769231 0.4170673076923077 0.14543269230769232 0.125
234 0.921875 0.4182692307692308 0.14182692307692307 0.12740384615384615
67 0.4098557692307692 0.4206730769230769 0.14182692307692307 0.13221153846153846
234 0.5817307692307693 0.42427884615384615 0.1310096153846154 0.14302884615384615
67 0.07091346153846154 0.42788461538461536 0.13701923076923078 0.12860576923076922
234 0.234375 0.0889423076923077 0.13822115384615385 0.15384615384615385
67 0.7487980769230769 0.09014423076923077 0.14543269230769232 0.13822115384615385
234 0.06850961538461539 0.09014423076923077 0.13341346153846154 0.15144230769230768
234 0.40024038461538464 0.09375 0.140625 0.12860576923076922
67 0.5709134615384616 0.09735576923076923 0.15625 0.14903846153846154
67 0.9242788461538461 0.09975961538461539 0.14423076923076922 0.13822115384615385