196 0.45913461538461536 0.15985576923076922 0.14182692307692307 0.18509615384615385
39 0.0829326923076923 0.203125 0.1658653846153846 0.18990384615384615
173 0.125 0.43149038461538464 0.18990384615384615 0.18990384615384615
193 0.3269230769230769 0.625 0.14903846153846154 0.1658653846153846
36 0.5024038461538461 0.6117788461538461 0.17307692307692307 0.1971153846153846
196 0.6766826923076923 0.6298076923076923 0.15625 0.1875
173 0.1502403846153846 0.6875 0.18028846153846154 0.1971153846153846
39 0.15985576923076922 0.9146634615384616 0.1466346153846154 0.17067307692307693
173 0.36177884615384615 0.9086538461538461 0.18509615384615385 0.18269230769230768
137 0.2776442307692308 0.13701923076923078 0.18269230769230768 0.19230769230769232
193 0.6274038461538461 0.10096153846153846 0.15384615384615385 0.1658653846153846
36 0.8137019230769231 0.08774038461538461 0.1466346153846154 0.17548076923076922