196 0.4891826923076923 0.15745192307692307 0.12740384615384615 0.17548076923076922
39 0.109375 0.16826923076923078 0.15625 0.1778846153846154
173 0.13221153846153846 0.39903846153846156 0.17548076923076922 0.17548076923076922
193 0.3173076923076923 0.609375 0.13701923076923078 0.15384615384615385
36 0.49278846153846156 0.6117788461538461 0.15625 0.18509615384615385
196 0.6646634615384616 0.6454326923076923 0.14182692307692307 0.17548076923076922
173 0.1346153846153846 0.65625 0.1658653846153846 0.18269230769230768
39 0.12379807692307693 0.8954326923076923 0.12980769230769232 0.18509615384615385
173 0.3269230769230769 0.8966346153846154 0.17307692307692307 0.17067307692307693
137 0.31009615384615385 0.11899038461538461 0.16826923076923078 0.1778846153846154
193 0.6610576923076923 0.1141826923076923 0.14182692307692307 0.15384615384615385
36 0.8497596153846154 0.11298076923076923 0.13221153846153846 0.17548076923076922