122 0.84375 0.12259615384615384 0.16346153846153846 0.16466346153846154
32 0.109375 0.12259615384615384 0.12980769230769232 0.1814903846153846
189 0.6526442307692307 0.13341346153846154 0.11177884615384616 0.18389423076923078
187 0.5012019230769231 0.15625 0.1466346153846154 0.13822115384615385
120 0.30288461538461536 0.15865384615384615 0.19230769230769232 0.15625
30 0.11538461538461539 0.3798076923076923 0.16105769230769232 0.15504807692307693
189 0.2956730769230769 0.59375 0.11658653846153846 0.17548076923076922
122 0.11177884615384616 0.5961538461538461 0.16706730769230768 0.17427884615384615
120 0.4855769230769231 0.5973557692307693 0.171875 0.18028846153846154
32 0.6754807692307693 0.6129807692307693 0.12139423076923077 0.19110576923076922
187 0.8653846153846154 0.6310096153846154 0.14783653846153846 0.15144230769230768
30 0.11298076923076923 0.8677884615384616 0.15144230769230768 0.14302884615384615