189 0.4735576923076923 0.12980769230769232 0.125 0.1778846153846154
30 0.3112980769230769 0.17307692307692307 0.1658653846153846 0.15144230769230768
187 0.8581730769230769 0.15625 0.16346153846153846 0.14903846153846154
120 0.10697115384615384 0.18509615384615385 0.1971153846153846 0.15144230769230768
122 0.10576923076923077 0.3713942307692308 0.17548076923076922 0.18509615384615385
189 0.6670673076923077 0.6165865384615384 0.12259615384615384 0.17307692307692307
122 0.12139423076923077 0.6370192307692307 0.18990384615384615 0.18028846153846154
32 0.3125 0.6358173076923077 0.1346153846153846 0.20192307692307693
187 0.5096153846153846 0.6646634615384616 0.15865384615384615 0.17548076923076922
30 0.8701923076923077 0.6526442307692307 0.16105769230769232 0.17548076923076922
120 0.13822115384615385 0.9206730769230769 0.18990384615384615 0.14903846153846154
32 0.6646634615384616 0.11177884615384616 0.13701923076923078 0.18990384615384615