120 0.6586538461538461 0.14903846153846154 0.1935096153846154 0.1658653846153846
30 0.8737980769230769 0.16105769230769232 0.17427884615384615 0.15504807692307693
122 0.11057692307692307 0.359375 0.16826923076923078 0.18629807692307693
122 0.10817307692307693 0.6213942307692307 0.16947115384615385 0.18629807692307693
32 0.5288461538461539 0.6274038461538461 0.1310096153846154 0.1778846153846154
189 0.8918269230769231 0.6298076923076923 0.12860576923076922 0.17307692307692307
120 0.3389423076923077 0.6586538461538461 0.18629807692307693 0.17067307692307693
187 0.7151442307692307 0.6622596153846154 0.16826923076923078 0.15384615384615385
30 0.1141826923076923 0.9086538461538461 0.17067307692307693 0.17307692307692307
188 0.08173076923076923 0.109375 0.11538461538461539 0.16826923076923078
189 0.2548076923076923 0.11057692307692307 0.12980769230769232 0.18870192307692307
32 0.44350961538461536 0.1141826923076923 0.13942307692307693 0.18870192307692307