32 0.33533653846153844 0.11538461538461539 0.14423076923076922 0.18990384615384615
187 0.8701923076923077 0.17427884615384615 0.17548076923076922 0.18269230769230768
30 0.5216346153846154 0.1622596153846154 0.17307692307692307 0.15144230769230768
120 0.13942307692307693 0.14903846153846154 0.19471153846153846 0.15625
122 0.12379807692307693 0.34375 0.17307692307692307 0.18990384615384615
189 0.0829326923076923 0.5865384615384616 0.13221153846153846 0.17548076923076922
32 0.43509615384615385 0.6141826923076923 0.15144230769230768 0.18509615384615385
122 0.6346153846153846 0.625 0.18269230769230768 0.20192307692307693
30 0.8485576923076923 0.6598557692307693 0.16826923076923078 0.1658653846153846
187 0.25961538461538464 0.6346153846153846 0.16346153846153846 0.18028846153846154
120 0.10817307692307693 0.8701923076923077 0.18509615384615385 0.1658653846153846
189 0.6887019230769231 0.1310096153846154 0.12259615384615384 0.16826923076923078