32 0.3545673076923077 0.10817307692307693 0.15384615384615385 0.19471153846153846
187 0.8858173076923077 0.1935096153846154 0.18269230769230768 0.18990384615384615
30 0.5384615384615384 0.16346153846153846 0.18028846153846154 0.15865384615384615
120 0.15865384615384615 0.1310096153846154 0.19951923076923078 0.1658653846153846
122 0.13341346153846154 0.3245192307692308 0.18269230769230768 0.1971153846153846
189 0.078125 0.5649038461538461 0.13942307692307693 0.18028846153846154
32 0.42908653846153844 0.6105769230769231 0.15865384615384615 0.19230769230769232
122 0.6274038461538461 0.6322115384615384 0.19230769230769232 0.2091346153846154
30 0.8401442307692307 0.6778846153846154 0.17548076923076922 0.17548076923076922
187 0.25240384615384615 0.6213942307692307 0.17067307692307693 0.1875
120 0.09254807692307693 0.8497596153846154 0.18509615384615385 0.17548076923076922
189 0.7079326923076923 0.140625 0.13221153846153846 0.17548076923076922