187 0.49158653846153844 0.14903846153846154 0.1466346153846154 0.1502403846153846
120 0.6850961538461539 0.15745192307692307 0.17668269230769232 0.15144230769230768
30 0.3112980769230769 0.16466346153846154 0.15985576923076922 0.14302884615384615
122 0.12620192307692307 0.35216346153846156 0.1814903846153846 0.1814903846153846
122 0.8461538461538461 0.6045673076923077 0.16105769230769232 0.17548076923076922
32 0.27403846153846156 0.6057692307692307 0.13581730769230768 0.16706730769230768
187 0.11177884615384616 0.6394230769230769 0.1502403846153846 0.1658653846153846
187 0.4723557692307692 0.6418269230769231 0.15144230769230768 0.15865384615384615
30 0.6574519230769231 0.6454326923076923 0.14783653846153846 0.14423076923076922
120 0.1346153846153846 0.8810096153846154 0.20673076923076922 0.18028846153846154
32 0.11778846153846154 0.1141826923076923 0.12980769230769232 0.16466346153846154
32 0.8737980769230769 0.11538461538461539 0.14783653846153846 0.17307692307692307