120 0.5396634615384616 0.15144230769230768 0.19471153846153846 0.18028846153846154
30 0.9266826923076923 0.22235576923076922 0.1466346153846154 0.17067307692307693
187 0.13221153846153846 0.32091346153846156 0.1875 0.18990384615384615
189 0.46634615384615385 0.5877403846153846 0.14903846153846154 0.1971153846153846
122 0.2920673076923077 0.5661057692307693 0.18028846153846154 0.19951923076923078
32 0.6418269230769231 0.625 0.1658653846153846 0.2091346153846154
120 0.8521634615384616 0.6862980769230769 0.20432692307692307 0.18509615384615385
30 0.10216346153846154 0.5769230769230769 0.17548076923076922 0.15865384615384615
187 0.07572115384615384 0.796875 0.15144230769230768 0.17548076923076922
189 0.3389423076923077 0.0889423076923077 0.15384615384615385 0.1778846153846154
32 0.1658653846153846 0.07932692307692307 0.17307692307692307 0.15865384615384615
122 0.7379807692307693 0.15144230769230768 0.18269230769230768 0.18990384615384615