195 0.8822115384615384 0.2920673076923077 0.10576923076923077 0.15144230769230768
188 0.2668269230769231 0.2932692307692308 0.1201923076923077 0.14302884615384615
172 0.5913461538461539 0.2932692307692308 0.13581730769230768 0.15384615384615385
38 0.12860576923076922 0.29447115384615385 0.11658653846153846 0.15625
121 0.421875 0.2980769230769231 0.12860576923076922 0.15625
31 0.7451923076923077 0.3004807692307692 0.11658653846153846 0.15264423076923078
172 0.4375 0.4963942307692308 0.1310096153846154 0.15264423076923078
38 0.2776442307692308 0.4963942307692308 0.11538461538461539 0.15625
188 0.8846153846153846 0.4987980769230769 0.12139423076923077 0.14302884615384615
195 0.7427884615384616 0.5 0.11298076923076923 0.14182692307692307
121 0.6081730769230769 0.5072115384615384 0.12740384615384615 0.13822115384615385
31 0.12860576923076922 0.5084134615384616 0.11057692307692307 0.15264423076923078
38 0.6117788461538461 0.6983173076923077 0.109375 0.15985576923076922
172 0.28725961538461536 0.7019230769230769 0.14423076923076922 0.15745192307692307
188 0.7487980769230769 0.7055288461538461 0.10817307692307693 0.13822115384615385
195 0.8834134615384616 0.7067307692307693 0.10697115384615384 0.15745192307692307
121 0.46033653846153844 0.7103365384615384 0.12139423076923077 0.14903846153846154
31 0.12860576923076922 0.7175480769230769 0.125 0.1622596153846154
195 0.43028846153846156 0.08774038461538461 0.09735576923076923 0.1466346153846154
188 0.5685096153846154 0.08774038461538461 0.109375 0.13942307692307693
188 0.7163461538461539 0.9122596153846154 0.109375 0.1466346153846154
38 0.11658653846153846 0.09134615384615384 0.1201923076923077 0.15504807692307693
31 0.5805288461538461 0.9158653846153846 0.10697115384615384 0.15504807692307693
195 0.11057692307692307 0.9158653846153846 0.11298076923076923 0.15504807692307693
172 0.8846153846153846 0.9158653846153846 0.13341346153846154 0.15144230769230768
38 0.2620192307692308 0.9170673076923077 0.11177884615384616 0.1658653846153846
121 0.4266826923076923 0.9182692307692307 0.13822115384615385 0.14182692307692307
172 0.2824519230769231 0.09254807692307693 0.14543269230769232 0.15745192307692307
31 0.890625 0.09375 0.10576923076923077 0.15264423076923078
121 0.7307692307692307 0.09735576923076923 0.13701923076923078 0.15144230769230768