188 0.25240384615384615 0.20072115384615385 0.12740384615384615 0.16826923076923078
38 0.5661057692307693 0.2283653846153846 0.13221153846153846 0.18269230769230768
172 0.10096153846153846 0.18870192307692307 0.15625 0.18028846153846154
195 0.4014423076923077 0.21634615384615385 0.125 0.17548076923076922
121 0.9050480769230769 0.2644230769230769 0.16826923076923078 0.1778846153846154
31 0.7259615384615384 0.25240384615384615 0.13942307692307693 0.17548076923076922
188 0.24158653846153846 0.4230769230769231 0.12980769230769232 0.17307692307692307
38 0.3918269230769231 0.4362980769230769 0.12740384615384615 0.17307692307692307
172 0.5673076923076923 0.453125 0.16346153846153846 0.1875
172 0.9122596153846154 0.484375 0.16346153846153846 0.20192307692307693
31 0.7415865384615384 0.4699519230769231 0.14903846153846154 0.19230769230769232
121 0.08052884615384616 0.41466346153846156 0.15384615384615385 0.16826923076923078
195 0.7175480769230769 0.6862980769230769 0.13701923076923078 0.18509615384615385
188 0.8737980769230769 0.7079326923076923 0.11778846153846154 0.1658653846153846
121 0.0673076923076923 0.6394230769230769 0.1346153846153846 0.1778846153846154
38 0.5685096153846154 0.6850961538461539 0.12980769230769232 0.1875
172 0.40384615384615385 0.671875 0.1658653846153846 0.18990384615384615
31 0.23076923076923078 0.65625 0.1466346153846154 0.18028846153846154
195 0.5 0.8942307692307693 0.13701923076923078 0.16826923076923078
121 0.6802884615384616 0.9098557692307693 0.16826923076923078 0.18028846153846154
188 0.359375 0.8882211538461539 0.125 0.1658653846153846
172 0.19591346153846154 0.8737980769230769 0.1778846153846154 0.1875
38 0.04567307692307692 0.8605769230769231 0.09134615384615384 0.16826923076923078
31 0.8545673076923077 0.9242788461538461 0.15144230769230768 0.15144230769230768