188 0.27403846153846156 0.18389423076923078 0.13701923076923078 0.17548076923076922
38 0.5853365384615384 0.23317307692307693 0.14182692307692307 0.18990384615384615
172 0.12379807692307693 0.1622596153846154 0.1658653846153846 0.1875
195 0.421875 0.21033653846153846 0.1346153846153846 0.18028846153846154
121 0.9158653846153846 0.2932692307692308 0.16826923076923078 0.1875
31 0.7427884615384616 0.26802884615384615 0.14903846153846154 0.18269230769230768
188 0.24759615384615385 0.4050480769230769 0.14182692307692307 0.18028846153846154
38 0.39663461538461536 0.42908653846153844 0.13701923076923078 0.18028846153846154
172 0.5697115384615384 0.4579326923076923 0.17307692307692307 0.19471153846153846
172 0.9122596153846154 0.5132211538461539 0.17548076923076922 0.2091346153846154
31 0.7427884615384616 0.48677884615384615 0.16105769230769232 0.19951923076923078
121 0.08774038461538461 0.3858173076923077 0.16346153846153846 0.1778846153846154
195 0.7043269230769231 0.7019230769230769 0.1466346153846154 0.19230769230769232
188 0.8581730769230769 0.7331730769230769 0.12740384615384615 0.17067307692307693
121 0.06490384615384616 0.6069711538461539 0.12980769230769232 0.18509615384615385
38 0.5552884615384616 0.6887019230769231 0.14182692307692307 0.19471153846153846
172 0.39302884615384615 0.6646634615384616 0.17548076923076922 0.1971153846153846
31 0.21995192307692307 0.6370192307692307 0.15865384615384615 0.1875
195 0.4723557692307692 0.8942307692307693 0.1466346153846154 0.17548076923076922
121 0.6490384615384616 0.9134615384615384 0.1778846153846154 0.17307692307692307
188 0.3329326923076923 0.8774038461538461 0.1346153846153846 0.17307692307692307
172 0.17067307692307693 0.8521634615384616 0.18990384615384615 0.1971153846153846
38 0.036057692307692304 0.8257211538461539 0.07211538461538461 0.17548076923076922
31 0.8233173076923077 0.9350961538461539 0.16105769230769232 0.12980769230769232