195 0.4375 0.2620192307692308 0.12379807692307693 0.1658653846153846
172 0.09014423076923077 0.2620192307692308 0.14302884615384615 0.18269230769230768
31 0.921875 0.26322115384615385 0.11899038461538461 0.17067307692307693
38 0.7512019230769231 0.265625 0.15504807692307693 0.17427884615384615
188 0.5913461538461539 0.26802884615384615 0.11658653846153846 0.15384615384615385
121 0.27283653846153844 0.2704326923076923 0.15504807692307693 0.15504807692307693
188 0.21634615384615385 0.49038461538461536 0.12259615384615384 0.18028846153846154
38 0.06490384615384616 0.49158653846153844 0.11778846153846154 0.20432692307692307
195 0.9170673076923077 0.49158653846153844 0.12259615384615384 0.16826923076923078
121 0.39663461538461536 0.4963942307692308 0.16826923076923078 0.18269230769230768
31 0.5805288461538461 0.49759615384615385 0.109375 0.16346153846153846
172 0.7596153846153846 0.5096153846153846 0.15865384615384615 0.18990384615384615