195 0.4170673076923077 0.26802884615384615 0.13701923076923078 0.17548076923076922
172 0.07451923076923077 0.296875 0.14903846153846154 0.19471153846153846
31 0.8990384615384616 0.22716346153846154 0.13221153846153846 0.18028846153846154
38 0.7295673076923077 0.24519230769230768 0.17067307692307693 0.1875
188 0.5709134615384616 0.2608173076923077 0.12980769230769232 0.16346153846153846
121 0.2536057692307692 0.29086538461538464 0.16826923076923078 0.16826923076923078
188 0.21634615384615385 0.515625 0.13701923076923078 0.18990384615384615
38 0.06610576923076923 0.5300480769230769 0.13221153846153846 0.21394230769230768
195 0.9146634615384616 0.45552884615384615 0.13701923076923078 0.1778846153846154
121 0.39663461538461536 0.5060096153846154 0.18269230769230768 0.1971153846153846
31 0.5805288461538461 0.49038461538461536 0.12259615384615384 0.17307692307692307
172 0.7596153846153846 0.48677884615384615 0.17548076923076922 0.20192307692307693