195 0.4411057692307692 0.2608173076923077 0.12740384615384615 0.16826923076923078
172 0.09495192307692307 0.2548076923076923 0.1466346153846154 0.18509615384615385
31 0.9254807692307693 0.2704326923076923 0.12259615384615384 0.17307692307692307
38 0.7548076923076923 0.2704326923076923 0.15865384615384615 0.1778846153846154
188 0.5949519230769231 0.2692307692307692 0.1201923076923077 0.15625
121 0.2764423076923077 0.2668269230769231 0.15865384615384615 0.15865384615384615
188 0.21634615384615385 0.4855769230769231 0.125 0.18269230769230768
38 0.06490384615384616 0.484375 0.1201923076923077 0.20673076923076922
195 0.9170673076923077 0.4987980769230769 0.125 0.17067307692307693
121 0.39663461538461536 0.49399038461538464 0.17067307692307693 0.18509615384615385
31 0.5805288461538461 0.4987980769230769 0.11298076923076923 0.1658653846153846
172 0.7596153846153846 0.5144230769230769 0.16105769230769232 0.19230769230769232