123 0.5721153846153846 0.13341346153846154 0.17548076923076922 0.18509615384615385
190 0.9290865384615384 0.18028846153846154 0.14182692307692307 0.1778846153846154
191 0.12259615384615384 0.125 0.15625 0.17067307692307693
34 0.31971153846153844 0.15745192307692307 0.17307692307692307 0.16826923076923078
124 0.13701923076923078 0.3473557692307692 0.17067307692307693 0.16826923076923078
123 0.5336538461538461 0.5865384615384616 0.1971153846153846 0.1971153846153846
33 0.7307692307692307 0.6189903846153846 0.16826923076923078 0.2091346153846154
29 0.9038461538461539 0.6622596153846154 0.14182692307692307 0.13942307692307693
124 0.29447115384615385 0.5997596153846154 0.19951923076923078 0.17307692307692307
191 0.07572115384615384 0.5757211538461539 0.15144230769230768 0.17067307692307693
190 0.12139423076923077 0.7560096153846154 0.16105769230769232 0.18028846153846154
33 0.7644230769230769 0.15264423076923078 0.14182692307692307 0.1778846153846154