124 0.8798076923076923 0.15745192307692307 0.15504807692307693 0.15264423076923078
34 0.45552884615384615 0.1622596153846154 0.15264423076923078 0.14423076923076922
191 0.0673076923076923 0.3786057692307692 0.1346153846153846 0.15144230769230768
190 0.4879807692307692 0.5625 0.1201923076923077 0.18509615384615385
123 0.10817307692307693 0.5769230769230769 0.13942307692307693 0.17908653846153846
191 0.6526442307692307 0.6105769230769231 0.15985576923076922 0.18990384615384615
124 0.8894230769230769 0.6105769230769231 0.15865384615384615 0.17908653846153846
34 0.28846153846153844 0.6141826923076923 0.14423076923076922 0.16947115384615385
33 0.0889423076923077 0.7980769230769231 0.12379807692307693 0.1875
123 0.109375 0.109375 0.15745192307692307 0.171875
190 0.2860576923076923 0.11298076923076923 0.11057692307692307 0.1622596153846154
33 0.6899038461538461 0.11899038461538461 0.12620192307692307 0.171875