124 0.9134615384615384 0.19951923076923078 0.17067307692307693 0.16826923076923078
34 0.49158653846153844 0.15985576923076922 0.1658653846153846 0.15865384615384615
191 0.0829326923076923 0.33413461538461536 0.14903846153846154 0.1658653846153846
190 0.48197115384615385 0.5612980769230769 0.13942307692307693 0.1971153846153846
123 0.10216346153846154 0.5360576923076923 0.15625 0.19230769230769232
191 0.640625 0.6262019230769231 0.1778846153846154 0.20673076923076922
124 0.8762019230769231 0.6502403846153846 0.17548076923076922 0.19471153846153846
34 0.2776442307692308 0.5913461538461539 0.16105769230769232 0.18269230769230768
33 0.06490384615384616 0.7536057692307693 0.12980769230769232 0.19951923076923078
123 0.15264423076923078 0.08173076923076923 0.17548076923076922 0.16346153846153846
190 0.328125 0.09254807692307693 0.12740384615384615 0.17307692307692307
33 0.7283653846153846 0.140625 0.14423076923076922 0.18509615384615385