124 0.8677884615384616 0.14423076923076922 0.16105769230769232 0.15865384615384615
34 0.44350961538461536 0.16346153846153846 0.15865384615384615 0.14903846153846154
191 0.06610576923076923 0.39302884615384615 0.13221153846153846 0.15625
190 0.49038461538461536 0.5625 0.12740384615384615 0.18990384615384615
123 0.11057692307692307 0.5901442307692307 0.1466346153846154 0.18269230769230768
191 0.65625 0.6057692307692307 0.1658653846153846 0.19471153846153846
124 0.8930288461538461 0.5973557692307693 0.1658653846153846 0.18509615384615385
34 0.2920673076923077 0.6213942307692307 0.14903846153846154 0.17548076923076922
33 0.09975961538461539 0.8125 0.12980769230769232 0.19230769230769232
123 0.09615384615384616 0.12379807692307693 0.16346153846153846 0.1778846153846154
190 0.27283653846153844 0.1201923076923077 0.11538461538461539 0.1658653846153846
33 0.6766826923076923 0.11298076923076923 0.13221153846153846 0.17548076923076922