191 0.22235576923076922 0.19110576923076922 0.17548076923076922 0.19471153846153846
34 0.06009615384615385 0.23918269230769232 0.1201923076923077 0.19471153846153846
124 0.10216346153846154 0.453125 0.19471153846153846 0.18028846153846154
190 0.5084134615384616 0.5757211538461539 0.15625 0.20192307692307693
33 0.33052884615384615 0.6069711538461539 0.16346153846153846 0.19471153846153846
191 0.6682692307692307 0.5865384615384616 0.17548076923076922 0.18509615384615385
124 0.9086538461538461 0.5492788461538461 0.18269230769230768 0.19471153846153846
34 0.12259615384615384 0.6899038461538461 0.1778846153846154 0.18990384615384615
123 0.17908653846153846 0.8629807692307693 0.18990384615384615 0.19951923076923078
190 0.4338942307692308 0.11177884615384616 0.14903846153846154 0.19951923076923078
123 0.8257211538461539 0.07091346153846154 0.18509615384615385 0.14182692307692307
33 0.6262019230769231 0.0889423076923077 0.15144230769230768 0.1778846153846154