191 0.2800480769230769 0.14783653846153846 0.14783653846153846 0.17067307692307693
34 0.08774038461538461 0.1622596153846154 0.14423076923076922 0.17307692307692307
124 0.11658653846153846 0.38461538461538464 0.16947115384615385 0.15384615384615385
190 0.4951923076923077 0.5757211538461539 0.12740384615384615 0.1814903846153846
33 0.31490384615384615 0.5757211538461539 0.1346153846153846 0.17427884615384615
191 0.6502403846153846 0.6141826923076923 0.14903846153846154 0.16105769230769232
124 0.8978365384615384 0.6201923076923077 0.1622596153846154 0.16947115384615385
34 0.09495192307692307 0.6213942307692307 0.15144230769230768 0.16706730769230768
123 0.12139423076923077 0.8016826923076923 0.1622596153846154 0.17307692307692307
190 0.5024038461538461 0.10576923076923077 0.1201923076923077 0.1814903846153846
123 0.9002403846153846 0.10697115384615384 0.15865384615384615 0.17307692307692307
33 0.6971153846153846 0.11057692307692307 0.12379807692307693 0.17668269230769232