191 0.47475961538461536 0.15985576923076922 0.13581730769230768 0.15625
34 0.2692307692307692 0.16346153846153846 0.13701923076923078 0.15264423076923078
124 0.1141826923076923 0.38221153846153844 0.17668269230769232 0.17668269230769232
33 0.4579326923076923 0.5829326923076923 0.14903846153846154 0.18269230769230768
190 0.27403846153846156 0.5865384615384616 0.13341346153846154 0.18509615384615385
191 0.07091346153846154 0.6237980769230769 0.13581730769230768 0.1466346153846154
34 0.6466346153846154 0.625 0.14783653846153846 0.16105769230769232
124 0.8786057692307693 0.6322115384615384 0.18028846153846154 0.18028846153846154
123 0.10817307692307693 0.8052884615384616 0.16105769230769232 0.16947115384615385
123 0.7007211538461539 0.11778846153846154 0.17307692307692307 0.17427884615384615
190 0.9002403846153846 0.11778846153846154 0.11538461538461539 0.17427884615384615
33 0.09254807692307693 0.125 0.12620192307692307 0.17427884615384615