191 0.4338942307692308 0.1658653846153846 0.15384615384615385 0.17067307692307693
34 0.22956730769230768 0.1935096153846154 0.15384615384615385 0.16826923076923078
124 0.10216346153846154 0.43028846153846156 0.1971153846153846 0.1971153846153846
33 0.46875 0.5877403846153846 0.17067307692307693 0.19951923076923078
190 0.2860576923076923 0.6129807692307693 0.15384615384615385 0.19951923076923078
191 0.0889423076923077 0.6754807692307693 0.15384615384615385 0.16105769230769232
34 0.6610576923076923 0.6057692307692307 0.1658653846153846 0.1778846153846154
124 0.8918269230769231 0.5853365384615384 0.20192307692307693 0.20192307692307693
123 0.14783653846153846 0.8509615384615384 0.18028846153846154 0.1875
123 0.6514423076923077 0.09615384615384616 0.19230769230769232 0.19230769230769232
190 0.8509615384615384 0.0829326923076923 0.1346153846153846 0.1658653846153846
33 0.06129807692307692 0.1778846153846154 0.12259615384615384 0.1875