191 0.2091346153846154 0.17307692307692307 0.15865384615384615 0.1658653846153846
34 0.6394230769230769 0.140625 0.1658653846153846 0.15625
124 0.43990384615384615 0.16346153846153846 0.18990384615384615 0.16105769230769232
33 0.08774038461538461 0.36177884615384615 0.15384615384615385 0.18509615384615385
190 0.7079326923076923 0.5324519230769231 0.12980769230769232 0.18269230769230768
123 0.35096153846153844 0.5685096153846154 0.1778846153846154 0.20432692307692307
33 0.5444711538461539 0.5576923076923077 0.14903846153846154 0.18269230769230768
191 0.8689903846153846 0.5576923076923077 0.15625 0.18028846153846154
124 0.12980769230769232 0.6358173076923077 0.16826923076923078 0.17067307692307693
34 0.11538461538461539 0.8557692307692307 0.16105769230769232 0.1658653846153846
190 0.0625 0.140625 0.125 0.18028846153846154
123 0.8677884615384616 0.08052884615384616 0.1971153846153846 0.16105769230769232