51 0.08052884615384616 0.14783653846153846 0.12740384615384615 0.17908653846153846
159 0.8173076923076923 0.15264423076923078 0.17668269230769232 0.17668269230769232
229 0.2608173076923077 0.15625 0.1310096153846154 0.15384615384615385
226 0.09134615384615384 0.34134615384615385 0.1141826923076923 0.1814903846153846
48 0.28125 0.5757211538461539 0.12259615384615384 0.1935096153846154
145 0.10817307692307693 0.5817307692307693 0.18870192307692307 0.17427884615384615
226 0.625 0.59375 0.11899038461538461 0.16466346153846154
51 0.7860576923076923 0.6262019230769231 0.12740384615384615 0.15745192307692307
229 0.45913461538461536 0.6298076923076923 0.140625 0.18269230769230768
159 0.1141826923076923 0.8377403846153846 0.16706730769230768 0.18629807692307693
48 0.4254807692307692 0.11899038461538461 0.11899038461538461 0.17307692307692307
145 0.6201923076923077 0.11899038461538461 0.17427884615384615 0.17307692307692307