51 0.08653846153846154 0.140625 0.12980769230769232 0.18028846153846154
159 0.8233173076923077 0.15865384615384615 0.18028846153846154 0.18028846153846154
229 0.2668269230769231 0.15264423076923078 0.1346153846153846 0.15625
226 0.09375 0.33413461538461536 0.11778846153846154 0.18269230769230768
48 0.2800480769230769 0.5721153846153846 0.125 0.19471153846153846
145 0.10697115384615384 0.5745192307692307 0.19230769230769232 0.1778846153846154
226 0.6237980769230769 0.5961538461538461 0.12259615384615384 0.1658653846153846
51 0.7836538461538461 0.6310096153846154 0.12980769230769232 0.15865384615384615
229 0.4567307692307692 0.6286057692307693 0.14423076923076922 0.18509615384615385
159 0.10817307692307693 0.8305288461538461 0.17067307692307693 0.18990384615384615
48 0.4326923076923077 0.11778846153846154 0.12259615384615384 0.17548076923076922
145 0.6274038461538461 0.12139423076923077 0.1778846153846154 0.17548076923076922