124 0.8581730769230769 0.11298076923076923 0.16346153846153846 0.17307692307692307
34 0.4519230769230769 0.15144230769230768 0.15625 0.17067307692307693
191 0.0625 0.18629807692307693 0.125 0.16105769230769232
123 0.11778846153846154 0.3581730769230769 0.18269230769230768 0.1875
33 0.7043269230769231 0.5384615384615384 0.15865384615384615 0.19471153846153846
190 0.10336538461538461 0.5961538461538461 0.1466346153846154 0.18509615384615385
191 0.27163461538461536 0.6201923076923077 0.16105769230769232 0.16826923076923078
124 0.8918269230769231 0.5685096153846154 0.17548076923076922 0.18990384615384615
34 0.47115384615384615 0.6153846153846154 0.17067307692307693 0.17067307692307693
123 0.1622596153846154 0.8233173076923077 0.17067307692307693 0.18990384615384615
190 0.6490384615384616 0.0889423076923077 0.12980769230769232 0.1778846153846154
33 0.2764423076923077 0.12620192307692307 0.15384615384615385 0.17548076923076922