192 0.10576923076923077 0.2764423076923077 0.17548076923076922 0.1658653846153846
35 0.09495192307692307 0.49158653846153844 0.17548076923076922 0.19230769230769232
192 0.8581730769230769 0.5588942307692307 0.1778846153846154 0.18509615384615385
192 0.2764423076923077 0.5096153846153846 0.18028846153846154 0.18509615384615385
35 0.4675480769230769 0.5264423076923077 0.1778846153846154 0.18990384615384615
125 0.6658653846153846 0.5480769230769231 0.19951923076923078 0.19471153846153846
125 0.09375 0.6935096153846154 0.1875 0.18028846153846154
192 0.3088942307692308 0.09134615384615384 0.17067307692307693 0.16346153846153846
125 0.5132211538461539 0.109375 0.19471153846153846 0.17548076923076922
35 0.7139423076923077 0.1310096153846154 0.17307692307692307 0.17307692307692307
125 0.9098557692307693 0.14783653846153846 0.18028846153846154 0.17067307692307693
35 0.13341346153846154 0.08413461538461539 0.17067307692307693 0.1658653846153846