26 0.9086538461538461 0.33413461538461536 0.12980769230769232 0.17548076923076922
116 0.2403846153846154 0.3701923076923077 0.14903846153846154 0.1658653846153846
15 0.07091346153846154 0.3798076923076923 0.125 0.1658653846153846
116 0.7415865384615384 0.34615384615384615 0.15384615384615385 0.17548076923076922
15 0.5805288461538461 0.359375 0.12980769230769232 0.17307692307692307
26 0.41466346153846156 0.3701923076923077 0.1346153846153846 0.16826923076923078
97 0.8653846153846154 0.6153846153846154 0.14903846153846154 0.14423076923076922
97 0.7067307692307693 0.6322115384615384 0.14903846153846154 0.13701923076923078
7 0.08774038461538461 0.6658653846153846 0.12740384615384615 0.1346153846153846
7 0.3954326923076923 0.6502403846153846 0.1201923076923077 0.12740384615384615
18 0.24639423076923078 0.6598557692307693 0.12259615384615384 0.12740384615384615
18 0.5492788461538461 0.6442307692307693 0.13701923076923078 0.13701923076923078
97 0.7139423076923077 0.890625 0.14903846153846154 0.1346153846153846
97 0.8822115384615384 0.8882211538461539 0.14903846153846154 0.12259615384615384
18 0.25600961538461536 0.9242788461538461 0.125 0.125
7 0.4074519230769231 0.9182692307692307 0.12980769230769232 0.13942307692307693
18 0.10817307692307693 0.9375 0.12980769230769232 0.11057692307692307
7 0.5588942307692307 0.9146634615384616 0.12259615384615384 0.13701923076923078
97 0.6862980769230769 0.09975961538461539 0.16105769230769232 0.13942307692307693
97 0.21875 0.125 0.15144230769230768 0.12740384615384615
18 0.8449519230769231 0.09375 0.13221153846153846 0.12980769230769232
18 0.3737980769230769 0.1201923076923077 0.13942307692307693 0.1201923076923077
7 0.06129807692307692 0.13581730769230768 0.12259615384615384 0.15144230769230768
7 0.5348557692307693 0.1141826923076923 0.125 0.13221153846153846