26 0.90625 0.3269230769230769 0.13221153846153846 0.1778846153846154
116 0.23798076923076922 0.375 0.15144230769230768 0.16826923076923078
15 0.06971153846153846 0.3870192307692308 0.12740384615384615 0.16826923076923078
116 0.7379807692307693 0.3425480769230769 0.15625 0.1778846153846154
15 0.578125 0.3581730769230769 0.13221153846153846 0.17548076923076922
26 0.41225961538461536 0.3713942307692308 0.13701923076923078 0.17067307692307693
97 0.8677884615384616 0.609375 0.15144230769230768 0.1466346153846154
97 0.7091346153846154 0.6286057692307693 0.15144230769230768 0.13942307692307693
7 0.09014423076923077 0.6730769230769231 0.12980769230769232 0.13701923076923078
7 0.39903846153846156 0.6514423076923077 0.1201923076923077 0.12980769230769232
18 0.24879807692307693 0.6646634615384616 0.12259615384615384 0.12980769230769232
18 0.5516826923076923 0.6430288461538461 0.13942307692307693 0.13942307692307693
97 0.7211538461538461 0.8870192307692307 0.15144230769230768 0.13701923076923078
97 0.8894230769230769 0.8810096153846154 0.15144230769230768 0.125
18 0.26322115384615385 0.9290865384615384 0.12740384615384615 0.125
7 0.41466346153846156 0.9194711538461539 0.13221153846153846 0.13942307692307693
18 0.11538461538461539 0.9435096153846154 0.12980769230769232 0.11057692307692307
7 0.5661057692307693 0.9134615384615384 0.125 0.13942307692307693
97 0.6790865384615384 0.09735576923076923 0.16346153846153846 0.14182692307692307
97 0.2127403846153846 0.12980769230769232 0.15384615384615385 0.12980769230769232
18 0.8377403846153846 0.08774038461538461 0.13221153846153846 0.13221153846153846
18 0.36778846153846156 0.12259615384615384 0.14182692307692307 0.12259615384615384
7 0.05889423076923077 0.14423076923076922 0.11778846153846154 0.15384615384615385
7 0.5288461538461539 0.1141826923076923 0.12740384615384615 0.13221153846153846