97 0.8377403846153846 0.40625 0.13942307692307693 0.13942307692307693
18 0.6887019230769231 0.4014423076923077 0.1201923076923077 0.13221153846153846
7 0.23557692307692307 0.3798076923076923 0.12980769230769232 0.13221153846153846
7 0.3858173076923077 0.3894230769230769 0.12259615384615384 0.13701923076923078
97 0.5348557692307693 0.40024038461538464 0.13701923076923078 0.13221153846153846
18 0.08413461538461539 0.38221153846153844 0.125 0.12980769230769232
7 0.5336538461538461 0.6538461538461539 0.13221153846153846 0.12980769230769232
18 0.8293269230769231 0.671875 0.13701923076923078 0.12980769230769232
7 0.6826923076923077 0.6670673076923077 0.12740384615384615 0.12740384615384615
18 0.07091346153846154 0.6346153846153846 0.12980769230769232 0.10817307692307693
97 0.21995192307692307 0.6442307692307693 0.1466346153846154 0.13221153846153846
97 0.37740384615384615 0.6526442307692307 0.13942307692307693 0.12259615384615384
116 0.5408653846153846 0.8810096153846154 0.1466346153846154 0.16105769230769232
116 0.21514423076923078 0.8677884615384616 0.14182692307692307 0.15865384615384615
26 0.8762019230769231 0.9038461538461539 0.12740384615384615 0.1658653846153846
15 0.7127403846153846 0.8966346153846154 0.125 0.16105769230769232
26 0.06129807692307692 0.8617788461538461 0.12259615384615384 0.16105769230769232
15 0.3858173076923077 0.8798076923076923 0.1201923076923077 0.17067307692307693
116 0.9086538461538461 0.13581730769230768 0.14423076923076922 0.15865384615384615
26 0.41586538461538464 0.1141826923076923 0.125 0.16105769230769232
116 0.7463942307692307 0.1310096153846154 0.13701923076923078 0.14903846153846154
15 0.25721153846153844 0.10697115384615384 0.11538461538461539 0.16105769230769232
15 0.5757211538461539 0.12620192307692307 0.11538461538461539 0.15865384615384615
26 0.09495192307692307 0.10216346153846154 0.11778846153846154 0.15625