145 0.9050480769230769 0.1201923076923077 0.15625 0.17668269230769232
51 0.10096153846153846 0.15504807692307693 0.13581730769230768 0.16466346153846154
229 0.5048076923076923 0.16105769230769232 0.13221153846153846 0.16706730769230768
159 0.296875 0.16466346153846154 0.16346153846153846 0.16706730769230768
226 0.10817307692307693 0.3449519230769231 0.12860576923076922 0.14543269230769232
226 0.27524038461538464 0.5769230769230769 0.1201923076923077 0.1622596153846154
48 0.6358173076923077 0.5793269230769231 0.11538461538461539 0.15745192307692307
145 0.4651442307692308 0.5841346153846154 0.15625 0.16346153846153846
229 0.8040865384615384 0.6189903846153846 0.11899038461538461 0.1814903846153846
51 0.1045673076923077 0.6237980769230769 0.1201923076923077 0.16466346153846154
159 0.12740384615384615 0.8497596153846154 0.16706730769230768 0.15144230769230768
48 0.7115384615384616 0.11658653846153846 0.125 0.15384615384615385