145 0.8978365384615384 0.11298076923076923 0.15865384615384615 0.18028846153846154
51 0.09495192307692307 0.1622596153846154 0.13942307692307693 0.1658653846153846
229 0.4987980769230769 0.16105769230769232 0.1346153846153846 0.16826923076923078
159 0.29086538461538464 0.16826923076923078 0.1658653846153846 0.17067307692307693
226 0.10576923076923077 0.35216346153846156 0.13221153846153846 0.1466346153846154
226 0.2764423076923077 0.5805288461538461 0.12259615384615384 0.16346153846153846
48 0.6370192307692307 0.5769230769230769 0.11778846153846154 0.15865384615384615
145 0.46634615384615385 0.5841346153846154 0.15865384615384615 0.1658653846153846
229 0.8064903846153846 0.6141826923076923 0.12259615384615384 0.18269230769230768
51 0.10697115384615384 0.6310096153846154 0.12259615384615384 0.1658653846153846
159 0.13341346153846154 0.8557692307692307 0.17067307692307693 0.15384615384615385
48 0.7043269230769231 0.11298076923076923 0.12740384615384615 0.15625