116 0.2512019230769231 0.3605769230769231 0.13701923076923078 0.15625
15 0.9122596153846154 0.3605769230769231 0.11899038461538461 0.1658653846153846
116 0.5865384615384616 0.36658653846153844 0.12379807692307693 0.15625
15 0.7487980769230769 0.36658653846153844 0.1141826923076923 0.15504807692307693
26 0.09134615384615384 0.36658653846153844 0.11899038461538461 0.15264423076923078
26 0.4230769230769231 0.3713942307692308 0.11899038461538461 0.15985576923076922
97 0.1045673076923077 0.6370192307692307 0.1466346153846154 0.1310096153846154
97 0.40384615384615385 0.6370192307692307 0.13701923076923078 0.13701923076923078
7 0.25841346153846156 0.6382211538461539 0.1201923076923077 0.1310096153846154
7 0.7103365384615384 0.6430288461538461 0.12139423076923077 0.12740384615384615
18 0.5649038461538461 0.6454326923076923 0.11057692307692307 0.12740384615384615
18 0.8629807692307693 0.6502403846153846 0.12860576923076922 0.13221153846153846
97 0.25600961538461536 0.8942307692307693 0.13581730769230768 0.12980769230769232
7 0.4098557692307692 0.8990384615384616 0.11057692307692307 0.11778846153846154
97 0.10336538461538461 0.9014423076923077 0.13221153846153846 0.12379807692307693
18 0.5564903846153846 0.9014423076923077 0.12259615384615384 0.12620192307692307
7 0.7115384615384616 0.9026442307692307 0.11778846153846154 0.12620192307692307
18 0.8653846153846154 0.9086538461538461 0.12620192307692307 0.13221153846153846
116 0.9086538461538461 0.1045673076923077 0.12740384615384615 0.15745192307692307
116 0.41947115384615385 0.10697115384615384 0.1310096153846154 0.14543269230769232
26 0.7451923076923077 0.10817307692307693 0.12139423076923077 0.16466346153846154
15 0.24639423076923078 0.109375 0.11658653846153846 0.15865384615384615
15 0.5757211538461539 0.11177884615384616 0.1141826923076923 0.16826923076923078
26 0.09014423076923077 0.11298076923076923 0.12259615384615384 0.15865384615384615