116 0.2668269230769231 0.33533653846153844 0.15144230769230768 0.17067307692307693
15 0.9242788461538461 0.40384615384615385 0.1346153846153846 0.1778846153846154
116 0.5997596153846154 0.3762019230769231 0.13942307692307693 0.16826923076923078
15 0.7608173076923077 0.39302884615384615 0.12980769230769232 0.1658653846153846
26 0.10697115384615384 0.3245192307692308 0.1346153846153846 0.16346153846153846
26 0.4375 0.3641826923076923 0.1346153846153846 0.17067307692307693
97 0.09254807692307693 0.5949519230769231 0.15865384615384615 0.1466346153846154
97 0.390625 0.6262019230769231 0.15144230769230768 0.15144230769230768
7 0.24519230769230768 0.6117788461538461 0.13221153846153846 0.14182692307692307
7 0.6947115384615384 0.6646634615384616 0.1346153846153846 0.13942307692307693
18 0.5492788461538461 0.6514423076923077 0.12259615384615384 0.13942307692307693
18 0.8449519230769231 0.6875 0.14182692307692307 0.14423076923076922
97 0.21634615384615385 0.8665865384615384 0.14903846153846154 0.14423076923076922
7 0.36899038461538464 0.8870192307692307 0.12259615384615384 0.12980769230769232
97 0.0673076923076923 0.8569711538461539 0.1346153846153846 0.13701923076923078
18 0.5144230769230769 0.9050480769230769 0.1346153846153846 0.13942307692307693
7 0.6682692307692307 0.9230769230769231 0.12980769230769232 0.13701923076923078
18 0.8197115384615384 0.9362980769230769 0.13942307692307693 0.12740384615384615
116 0.9375 0.14783653846153846 0.125 0.17067307692307693
116 0.46153846153846156 0.10096153846153846 0.1466346153846154 0.15865384615384615
26 0.7848557692307693 0.13581730769230768 0.13701923076923078 0.17548076923076922
15 0.28846153846153844 0.08533653846153846 0.13221153846153846 0.17067307692307693
15 0.6153846153846154 0.12139423076923077 0.13221153846153846 0.18028846153846154
26 0.13221153846153846 0.078125 0.13942307692307693 0.15625