115 0.8810096153846154 0.34134615384615385 0.13221153846153846 0.15625
25 0.23798076923076922 0.3557692307692308 0.11538461538461539 0.16105769230769232
14 0.07572115384615384 0.36177884615384615 0.1201923076923077 0.15865384615384615
17 0.3954326923076923 0.3894230769230769 0.11538461538461539 0.17067307692307693
118 0.7127403846153846 0.38822115384615385 0.14423076923076922 0.18028846153846154
28 0.5588942307692307 0.39663461538461536 0.11538461538461539 0.15625
25 0.4050480769230769 0.5961538461538461 0.11057692307692307 0.15625
14 0.08413461538461539 0.6057692307692307 0.12259615384615384 0.15865384615384615
115 0.7247596153846154 0.6009615384615384 0.13221153846153846 0.16105769230769232
118 0.8870192307692307 0.6225961538461539 0.14423076923076922 0.17067307692307693
28 0.5576923076923077 0.6322115384615384 0.12259615384615384 0.16346153846153846
17 0.2403846153846154 0.6394230769230769 0.11298076923076923 0.1658653846153846
115 0.5757211538461539 0.8317307692307693 0.1346153846153846 0.15144230769230768
25 0.7391826923076923 0.8353365384615384 0.11298076923076923 0.15144230769230768
14 0.0829326923076923 0.8485576923076923 0.11778846153846154 0.17548076923076922
17 0.8966346153846154 0.8677884615384616 0.1201923076923077 0.16826923076923078
28 0.25 0.8834134615384616 0.11538461538461539 0.15625
118 0.4026442307692308 0.8810096153846154 0.13942307692307693 0.17067307692307693
115 0.23798076923076922 0.11899038461538461 0.1346153846153846 0.14423076923076922
25 0.39663461538461536 0.11658653846153846 0.12980769230769232 0.15384615384615385
14 0.08413461538461539 0.12379807692307693 0.125 0.15384615384615385
28 0.5528846153846154 0.14903846153846154 0.13221153846153846 0.15625
17 0.7115384615384616 0.14903846153846154 0.11778846153846154 0.16826923076923078
118 0.875 0.1466346153846154 0.13701923076923078 0.16826923076923078