98 0.8894230769230769 0.1346153846153846 0.16346153846153846 0.14903846153846154
8 0.24879807692307693 0.16105769230769232 0.14182692307692307 0.13701923076923078
19 0.4098557692307692 0.15625 0.1466346153846154 0.13701923076923078
117 0.5649038461538461 0.34975961538461536 0.13221153846153846 0.16826923076923078
16 0.24158653846153846 0.36658653846153844 0.12980769230769232 0.18028846153846154
27 0.8942307692307693 0.34375 0.13701923076923078 0.1875
98 0.0829326923076923 0.4026442307692308 0.16346153846153846 0.16346153846153846
8 0.4098557692307692 0.40384615384615385 0.15144230769230768 0.13221153846153846
19 0.7487980769230769 0.3918269230769231 0.14182692307692307 0.125
117 0.5793269230769231 0.5913461538461539 0.12980769230769232 0.17307692307692307
16 0.7403846153846154 0.5877403846153846 0.12980769230769232 0.19230769230769232
27 0.2512019230769231 0.6105769230769231 0.12740384615384615 0.1875
98 0.09735576923076923 0.6502403846153846 0.15625 0.13701923076923078
8 0.9194711538461539 0.625 0.13942307692307693 0.14182692307692307
19 0.4170673076923077 0.6430288461538461 0.15625 0.14182692307692307
16 0.7103365384615384 0.1045673076923077 0.12740384615384615 0.17548076923076922
117 0.0673076923076923 0.12740384615384615 0.1346153846153846 0.1778846153846154
27 0.5552884615384616 0.11658653846153846 0.1201923076923077 0.17548076923076922