99 0.8822115384615384 0.3473557692307692 0.12620192307692307 0.1658653846153846
21 0.5612980769230769 0.35096153846153844 0.11057692307692307 0.16466346153846154
9 0.7163461538461539 0.35216346153846156 0.10697115384615384 0.16466346153846154
100 0.2403846153846154 0.35336538461538464 0.14783653846153846 0.15745192307692307
10 0.4014423076923077 0.3545673076923077 0.10576923076923077 0.16346153846153846
20 0.07692307692307693 0.3545673076923077 0.11899038461538461 0.16466346153846154
99 0.7211538461538461 0.5841346153846154 0.13221153846153846 0.16706730769230768
100 0.23918269230769232 0.5841346153846154 0.1346153846153846 0.16346153846153846
21 0.07692307692307693 0.5913461538461539 0.11658653846153846 0.16466346153846154
20 0.5649038461538461 0.5925480769230769 0.11899038461538461 0.15745192307692307
10 0.8822115384615384 0.5949519230769231 0.11538461538461539 0.16466346153846154
9 0.40024038461538464 0.5973557692307693 0.1141826923076923 0.17307692307692307
20 0.08173076923076923 0.8197115384615384 0.109375 0.17668269230769232
99 0.8786057692307693 0.8209134615384616 0.12980769230769232 0.15384615384615385
21 0.23317307692307693 0.8269230769230769 0.12139423076923077 0.15745192307692307
9 0.5540865384615384 0.8293269230769231 0.1045673076923077 0.1778846153846154
100 0.7115384615384616 0.8293269230769231 0.1310096153846154 0.15625
10 0.3954326923076923 0.8329326923076923 0.109375 0.1658653846153846
99 0.40024038461538464 0.10817307692307693 0.13341346153846154 0.15144230769230768
9 0.234375 0.109375 0.10817307692307693 0.15384615384615385
20 0.07932692307692307 0.11057692307692307 0.11899038461538461 0.1622596153846154
21 0.7271634615384616 0.11177884615384616 0.11658653846153846 0.15264423076923078
100 0.5649038461538461 0.11177884615384616 0.12620192307692307 0.15144230769230768
10 0.8822115384615384 0.11298076923076923 0.10817307692307693 0.1622596153846154