99 0.8701923076923077 0.32091346153846156 0.13701923076923078 0.17307692307692307
21 0.5504807692307693 0.3473557692307692 0.12259615384615384 0.17307692307692307
9 0.7055288461538461 0.33774038461538464 0.11778846153846154 0.17067307692307693
100 0.23076923076923078 0.3713942307692308 0.15865384615384615 0.16826923076923078
10 0.3918269230769231 0.36177884615384615 0.11778846153846154 0.17067307692307693
20 0.0673076923076923 0.38461538461538464 0.12980769230769232 0.17307692307692307
99 0.7259615384615384 0.5685096153846154 0.14423076923076922 0.17548076923076922
100 0.24519230769230768 0.6021634615384616 0.1466346153846154 0.17307692307692307
21 0.08413461538461539 0.6201923076923077 0.12740384615384615 0.17307692307692307
20 0.5709134615384616 0.5877403846153846 0.12980769230769232 0.1658653846153846
10 0.8882211538461539 0.5685096153846154 0.12740384615384615 0.17307692307692307
9 0.4074519230769231 0.6045673076923077 0.125 0.18028846153846154
20 0.1045673076923077 0.8485576923076923 0.12259615384615384 0.18269230769230768
99 0.9002403846153846 0.7932692307692307 0.13942307692307693 0.16346153846153846
21 0.25721153846153844 0.8449519230769231 0.13221153846153846 0.1658653846153846
9 0.5769230769230769 0.8245192307692307 0.11778846153846154 0.18509615384615385
100 0.734375 0.8137019230769231 0.14182692307692307 0.1658653846153846
10 0.41947115384615385 0.8389423076923077 0.1201923076923077 0.17307692307692307
99 0.37259615384615385 0.11658653846153846 0.14423076923076922 0.16105769230769232
9 0.20793269230769232 0.12860576923076922 0.11778846153846154 0.16105769230769232
20 0.05889423076923077 0.140625 0.11778846153846154 0.17067307692307693
21 0.6995192307692307 0.09735576923076923 0.12740384615384615 0.16105769230769232
100 0.5372596153846154 0.10817307692307693 0.13701923076923078 0.16105769230769232
10 0.8545673076923077 0.08774038461538461 0.1201923076923077 0.16826923076923078