99 0.8990384615384616 0.34975961538461536 0.13341346153846154 0.1658653846153846
10 0.4182692307692308 0.35096153846153844 0.10216346153846154 0.15745192307692307
100 0.24879807692307693 0.35216346153846156 0.12980769230769232 0.1622596153846154
9 0.08413461538461539 0.35216346153846156 0.11057692307692307 0.15985576923076922
21 0.5733173076923077 0.3545673076923077 0.11057692307692307 0.15985576923076922
20 0.7379807692307693 0.3545673076923077 0.11298076923076923 0.15745192307692307
100 0.41225961538461536 0.5865384615384616 0.1201923076923077 0.1622596153846154
10 0.08533653846153846 0.5889423076923077 0.11538461538461539 0.17307692307692307
99 0.5793269230769231 0.5925480769230769 0.1346153846153846 0.16706730769230768
20 0.25 0.5949519230769231 0.1045673076923077 0.16706730769230768
9 0.9074519230769231 0.5961538461538461 0.1045673076923077 0.15985576923076922
21 0.7439903846153846 0.6009615384615384 0.11778846153846154 0.17307692307692307
21 0.41947115384615385 0.8377403846153846 0.11057692307692307 0.16826923076923078
9 0.09375 0.8377403846153846 0.12259615384615384 0.1658653846153846
99 0.5793269230769231 0.8389423076923077 0.13341346153846154 0.15264423076923078
20 0.9014423076923077 0.8389423076923077 0.11658653846153846 0.17307692307692307
100 0.2536057692307692 0.8401442307692307 0.1310096153846154 0.16466346153846154
10 0.7427884615384616 0.8449519230769231 0.11298076923076923 0.17307692307692307
100 0.5793269230769231 0.11298076923076923 0.14423076923076922 0.15384615384615385
99 0.2512019230769231 0.1141826923076923 0.1346153846153846 0.1502403846153846
9 0.7403846153846154 0.1141826923076923 0.12259615384615384 0.15504807692307693
21 0.4182692307692308 0.11538461538461539 0.1045673076923077 0.16346153846153846
20 0.9038461538461539 0.11538461538461539 0.1141826923076923 0.16346153846153846
10 0.0889423076923077 0.11658653846153846 0.11538461538461539 0.15745192307692307