99 0.8870192307692307 0.32211538461538464 0.14423076923076922 0.17548076923076922
10 0.40865384615384615 0.35697115384615385 0.11298076923076923 0.16346153846153846
100 0.23918269230769232 0.3701923076923077 0.14182692307692307 0.17067307692307693
9 0.07451923076923077 0.38100961538461536 0.12259615384615384 0.16826923076923078
21 0.5625 0.34975961538461536 0.12259615384615384 0.16826923076923078
20 0.7271634615384616 0.33774038461538464 0.12259615384615384 0.1658653846153846
100 0.4182692307692308 0.5925480769230769 0.13221153846153846 0.17067307692307693
10 0.09254807692307693 0.6177884615384616 0.12740384615384615 0.18028846153846154
99 0.5853365384615384 0.5865384615384616 0.1466346153846154 0.17548076923076922
20 0.25721153846153844 0.6117788461538461 0.11538461538461539 0.17307692307692307
9 0.9134615384615384 0.5673076923076923 0.11538461538461539 0.1658653846153846
21 0.75 0.5841346153846154 0.12980769230769232 0.18028846153846154
21 0.44350961538461536 0.8425480769230769 0.12259615384615384 0.17548076923076922
9 0.11778846153846154 0.8653846153846154 0.1346153846153846 0.17307692307692307
99 0.6033653846153846 0.8329326923076923 0.14423076923076922 0.16105769230769232
20 0.9242788461538461 0.8100961538461539 0.12740384615384615 0.18028846153846154
100 0.2776442307692308 0.8569711538461539 0.14182692307692307 0.17307692307692307
10 0.7668269230769231 0.8269230769230769 0.125 0.18028846153846154
100 0.5516826923076923 0.10817307692307693 0.15384615384615385 0.16346153846153846
99 0.2247596153846154 0.13221153846153846 0.14423076923076922 0.15865384615384615
9 0.7127403846153846 0.0985576923076923 0.13221153846153846 0.16346153846153846
21 0.3918269230769231 0.12259615384615384 0.11538461538461539 0.17067307692307693
20 0.8762019230769231 0.08774038461538461 0.125 0.17067307692307693
10 0.06370192307692307 0.1466346153846154 0.125 0.1658653846153846