145 0.38822115384615385 0.11057692307692307 0.16826923076923078 0.16346153846153846
159 0.17548076923076922 0.12379807692307693 0.18990384615384615 0.1778846153846154
229 0.5516826923076923 0.1622596153846154 0.13221153846153846 0.16346153846153846
51 0.1310096153846154 0.35336538461538464 0.12980769230769232 0.15384615384615385
226 0.2776442307692308 0.5576923076923077 0.12740384615384615 0.16105769230769232
145 0.4639423076923077 0.5769230769230769 0.17307692307692307 0.1875
48 0.640625 0.59375 0.11778846153846154 0.17548076923076922
159 0.828125 0.6430288461538461 0.17548076923076922 0.19230769230769232
229 0.11538461538461539 0.5889423076923077 0.1346153846153846 0.16826923076923078
229 0.0985576923076923 0.8137019230769231 0.1346153846153846 0.16826923076923078
226 0.7163461538461539 0.13341346153846154 0.12740384615384615 0.15865384615384615
48 0.875 0.1466346153846154 0.1346153846153846 0.15625