145 0.3545673076923077 0.12139423076923077 0.15504807692307693 0.1502403846153846
159 0.14423076923076922 0.15384615384615385 0.17668269230769232 0.1622596153846154
229 0.5216346153846154 0.15865384615384615 0.1201923076923077 0.15384615384615385
51 0.1201923076923077 0.3858173076923077 0.11658653846153846 0.14543269230769232
226 0.28365384615384615 0.5769230769230769 0.1141826923076923 0.15264423076923078
145 0.47115384615384615 0.5793269230769231 0.15865384615384615 0.17548076923076922
48 0.6478365384615384 0.5817307692307693 0.10336538461538461 0.16706730769230768
159 0.8389423076923077 0.6141826923076923 0.15985576923076922 0.1778846153846154
229 0.125 0.6225961538461539 0.1201923076923077 0.15865384615384615
229 0.12740384615384615 0.8473557692307693 0.1201923076923077 0.15745192307692307
226 0.6838942307692307 0.11538461538461539 0.11538461538461539 0.1502403846153846
48 0.8425480769230769 0.11538461538461539 0.12139423076923077 0.14543269230769232