102 0.8966346153846154 0.13701923076923078 0.1622596153846154 0.15745192307692307
12 0.4879807692307692 0.14182692307692307 0.14783653846153846 0.1622596153846154
23 0.08533653846153846 0.15264423076923078 0.140625 0.15625
22 0.10697115384615384 0.3329326923076923 0.1141826923076923 0.1778846153846154
101 0.49759615384615385 0.5877403846153846 0.14903846153846154 0.18509615384615385
101 0.30649038461538464 0.5889423076923077 0.14302884615384615 0.1814903846153846
23 0.08653846153846154 0.6310096153846154 0.14903846153846154 0.16466346153846154
12 0.6778846153846154 0.6322115384615384 0.14783653846153846 0.171875
102 0.8990384615384616 0.6358173076923077 0.16826923076923078 0.15985576923076922
22 0.10817307692307693 0.8317307692307693 0.14423076923076922 0.19951923076923078
11 0.7211538461538461 0.0985576923076923 0.11298076923076923 0.17307692307692307
101 0.3161057692307692 0.09975961538461539 0.13581730769230768 0.171875