23 0.6694711538461539 0.15625 0.15985576923076922 0.16466346153846154
12 0.078125 0.15745192307692307 0.13701923076923078 0.14423076923076922
102 0.28846153846153844 0.1622596153846154 0.14543269230769232 0.15264423076923078
11 0.09735576923076923 0.33774038461538464 0.11298076923076923 0.171875
101 0.30288461538461536 0.5841346153846154 0.12980769230769232 0.19471153846153846
11 0.4891826923076923 0.5841346153846154 0.12259615384615384 0.19591346153846154
22 0.8689903846153846 0.5889423076923077 0.11298076923076923 0.1875
23 0.6430288461538461 0.6274038461538461 0.1622596153846154 0.15745192307692307
12 0.07572115384615384 0.6274038461538461 0.14543269230769232 0.17067307692307693
102 0.08774038461538461 0.8497596153846154 0.15264423076923078 0.15384615384615385
101 0.8882211538461539 0.10817307692307693 0.1346153846153846 0.1658653846153846
22 0.5012019230769231 0.1141826923076923 0.11658653846153846 0.1658653846153846