102 0.2764423076923077 0.15504807692307693 0.15144230769230768 0.16947115384615385
23 0.6586538461538461 0.15745192307692307 0.14182692307692307 0.14903846153846154
12 0.08413461538461539 0.375 0.15144230769230768 0.171875
101 0.6682692307692307 0.5769230769230769 0.14783653846153846 0.18269230769230768
11 0.10336538461538461 0.5865384615384616 0.12379807692307693 0.16706730769230768
22 0.48677884615384615 0.5877403846153846 0.12620192307692307 0.16947115384615385
102 0.8521634615384616 0.6274038461538461 0.15504807692307693 0.1658653846153846
23 0.26322115384615385 0.6430288461538461 0.15264423076923078 0.14543269230769232
12 0.08533653846153846 0.8617788461538461 0.14903846153846154 0.140625
22 0.49759615384615385 0.11177884615384616 0.12740384615384615 0.17307692307692307
101 0.8737980769230769 0.11298076923076923 0.13221153846153846 0.171875
101 0.09975961538461539 0.11899038461538461 0.12860576923076922 0.1658653846153846