22 0.3389423076923077 0.10817307692307693 0.13701923076923078 0.18509615384615385
101 0.140625 0.09254807692307693 0.15865384615384615 0.17307692307692307
11 0.9338942307692307 0.16346153846153846 0.13221153846153846 0.1971153846153846
102 0.7079326923076923 0.18509615384615385 0.18269230769230768 0.17307692307692307
23 0.49158653846153844 0.16826923076923078 0.15625 0.16346153846153846
12 0.09375 0.36658653846153844 0.16346153846153846 0.17067307692307693
101 0.10216346153846154 0.5661057692307693 0.15625 0.19951923076923078
22 0.5144230769230769 0.609375 0.1466346153846154 0.1971153846153846
11 0.6887019230769231 0.6262019230769231 0.1346153846153846 0.18990384615384615
23 0.8473557692307693 0.6742788461538461 0.16826923076923078 0.19471153846153846
102 0.2764423076923077 0.6346153846153846 0.18509615384615385 0.17548076923076922
12 0.0673076923076923 0.8509615384615384 0.1346153846153846 0.17307692307692307