22 0.30528846153846156 0.12379807692307693 0.12139423076923077 0.17548076923076922
101 0.10697115384615384 0.125 0.14423076923076922 0.1622596153846154
11 0.9074519230769231 0.12740384615384615 0.12259615384615384 0.18629807692307693
102 0.6802884615384616 0.16826923076923078 0.16826923076923078 0.15985576923076922
23 0.46274038461538464 0.17067307692307693 0.14423076923076922 0.15264423076923078
12 0.08413461538461539 0.4026442307692308 0.1502403846153846 0.15865384615384615
101 0.109375 0.6009615384615384 0.140625 0.1875
22 0.5240384615384616 0.6081730769230769 0.12980769230769232 0.1875
11 0.6995192307692307 0.609375 0.1201923076923077 0.17908653846153846
23 0.8617788461538461 0.6430288461538461 0.15384615384615385 0.18269230769230768
102 0.28846153846153844 0.6538461538461539 0.171875 0.1622596153846154
12 0.09014423076923077 0.8882211538461539 0.14302884615384615 0.1622596153846154