102 0.8016826923076923 0.10697115384615384 0.18028846153846154 0.1971153846153846
12 0.39903846153846156 0.16466346153846154 0.16826923076923078 0.17548076923076922
23 0.08052884615384616 0.45552884615384615 0.16105769230769232 0.18028846153846154
22 0.3293269230769231 0.6213942307692307 0.1346153846153846 0.18269230769230768
101 0.5072115384615384 0.5973557692307693 0.15625 0.19230769230769232
12 0.8786057692307693 0.5889423076923077 0.16346153846153846 0.17307692307692307
102 0.11177884615384616 0.6995192307692307 0.18028846153846154 0.16826923076923078
23 0.6838942307692307 0.6201923076923077 0.16105769230769232 0.17067307692307693
11 0.1466346153846154 0.8870192307692307 0.13701923076923078 0.18990384615384615
101 0.06610576923076923 0.171875 0.13221153846153846 0.18028846153846154
22 0.6165865384615384 0.09615384615384616 0.14182692307692307 0.1778846153846154
11 0.234375 0.15144230769230768 0.13942307692307693 0.20192307692307693