12 0.484375 0.1466346153846154 0.14423076923076922 0.1658653846153846
102 0.0889423076923077 0.15264423076923078 0.15384615384615385 0.15144230769230768
23 0.6911057692307693 0.15384615384615385 0.15625 0.16105769230769232
11 0.10817307692307693 0.34375 0.12620192307692307 0.18389423076923078
22 0.31850961538461536 0.5793269230769231 0.1201923076923077 0.18389423076923078
101 0.6802884615384616 0.5841346153846154 0.13701923076923078 0.18870192307692307
11 0.49759615384615385 0.5853365384615384 0.11538461538461539 0.17548076923076922
12 0.8473557692307693 0.6225961538461539 0.15264423076923078 0.17548076923076922
102 0.09495192307692307 0.625 0.16706730769230768 0.15985576923076922
23 0.08413461538461539 0.8653846153846154 0.15144230769230768 0.15745192307692307
22 0.9182692307692307 0.1045673076923077 0.11899038461538461 0.17668269230769232
101 0.3173076923076923 0.1045673076923077 0.13581730769230768 0.17067307692307693