103 0.11177884615384616 0.3137019230769231 0.1935096153846154 0.1778846153846154
24 0.11177884615384616 0.546875 0.16947115384615385 0.18629807692307693
103 0.6826923076923077 0.5504807692307693 0.1935096153846154 0.18028846153846154
13 0.8822115384615384 0.5576923076923077 0.17067307692307693 0.19831730769230768
13 0.49278846153846156 0.5576923076923077 0.16947115384615385 0.18028846153846154
24 0.3016826923076923 0.5588942307692307 0.17307692307692307 0.18870192307692307
13 0.4891826923076923 0.10216346153846154 0.171875 0.16947115384615385
13 0.30528846153846156 0.10336538461538461 0.15144230769230768 0.1658653846153846
24 0.8858173076923077 0.1045673076923077 0.16346153846153846 0.18028846153846154
24 0.11658653846153846 0.1045673076923077 0.16826923076923078 0.16826923076923078
103 0.6778846153846154 0.10576923076923077 0.18509615384615385 0.18990384615384615