216 0.109375 0.2439903846153846 0.15384615384615385 0.16105769230769232
216 0.9242788461538461 0.3762019230769231 0.15144230769230768 0.15625
182 0.4411057692307692 0.3004807692307692 0.17548076923076922 0.15865384615384615
72 0.7704326923076923 0.35336538461538464 0.15144230769230768 0.15384615384615385
216 0.26802884615384615 0.27403846153846156 0.15384615384615385 0.16346153846153846
72 0.6141826923076923 0.3317307692307692 0.15144230769230768 0.1658653846153846
174 0.21394230769230768 0.48677884615384615 0.16105769230769232 0.13942307692307693
64 0.06610576923076923 0.46274038461538464 0.13221153846153846 0.13221153846153846
208 0.36538461538461536 0.5132211538461539 0.15865384615384615 0.13701923076923078
174 0.5228365384615384 0.5372596153846154 0.15865384615384615 0.13701923076923078
64 0.6670673076923077 0.5612980769230769 0.1346153846153846 0.12740384615384615
208 0.8112980769230769 0.5877403846153846 0.13942307692307693 0.13701923076923078
174 0.06129807692307692 0.671875 0.12259615384615384 0.12259615384615384
64 0.7824519230769231 0.7932692307692307 0.13942307692307693 0.11778846153846154
174 0.1971153846153846 0.7019230769230769 0.15384615384615385 0.12980769230769232
208 0.3485576923076923 0.7259615384615384 0.1466346153846154 0.12259615384615384
64 0.4879807692307692 0.7487980769230769 0.1466346153846154 0.12259615384615384
208 0.6358173076923077 0.7776442307692307 0.14423076923076922 0.12740384615384615
182 0.6346153846153846 0.11658653846153846 0.15384615384615385 0.1466346153846154
72 0.45913461538461536 0.08774038461538461 0.15865384615384615 0.15625
182 0.8028846153846154 0.14423076923076922 0.16826923076923078 0.15865384615384615
216 0.9471153846153846 0.17067307692307693 0.10576923076923077 0.15865384615384615
216 0.13822115384615385 0.06009615384615385 0.16105769230769232 0.1201923076923077
72 0.30408653846153844 0.07211538461538461 0.1466346153846154 0.14423076923076922