216 0.10096153846153846 0.25721153846153844 0.14903846153846154 0.15865384615384615
216 0.9230769230769231 0.36177884615384615 0.15384615384615385 0.15144230769230768
182 0.43509615384615385 0.30288461538461536 0.17067307692307693 0.15384615384615385
72 0.7644230769230769 0.34375 0.1466346153846154 0.15144230769230768
216 0.2608173076923077 0.2824519230769231 0.14903846153846154 0.15865384615384615
72 0.6081730769230769 0.328125 0.1466346153846154 0.16346153846153846
174 0.21394230769230768 0.4963942307692308 0.15865384615384615 0.13701923076923078
64 0.06490384615384616 0.4795673076923077 0.12980769230769232 0.12740384615384615
208 0.36538461538461536 0.5180288461538461 0.15625 0.13221153846153846
174 0.5240384615384616 0.5372596153846154 0.15384615384615385 0.13221153846153846
64 0.6682692307692307 0.5552884615384616 0.13221153846153846 0.12259615384615384
208 0.8137019230769231 0.5769230769230769 0.13701923076923078 0.1346153846153846
174 0.06370192307692307 0.6862980769230769 0.12740384615384615 0.11778846153846154
64 0.7920673076923077 0.7824519230769231 0.13701923076923078 0.11538461538461539
174 0.20432692307692307 0.7115384615384616 0.15144230769230768 0.125
208 0.35697115384615385 0.7307692307692307 0.14182692307692307 0.1201923076923077
64 0.49759615384615385 0.7487980769230769 0.14423076923076922 0.11778846153846154
208 0.6454326923076923 0.7716346153846154 0.14182692307692307 0.125
182 0.6213942307692307 0.11177884615384616 0.14903846153846154 0.14182692307692307
72 0.44471153846153844 0.09014423076923077 0.15384615384615385 0.15144230769230768
182 0.7908653846153846 0.13341346153846154 0.16346153846153846 0.15384615384615385
216 0.9423076923076923 0.15384615384615385 0.11538461538461539 0.15384615384615385
216 0.12259615384615384 0.06490384615384616 0.15865384615384615 0.12980769230769232
72 0.28966346153846156 0.07572115384615384 0.14182692307692307 0.14903846153846154