208 0.7007211538461539 0.27163461538461536 0.1466346153846154 0.1201923076923077
208 0.09975961538461539 0.2091346153846154 0.13701923076923078 0.125
174 0.5516826923076923 0.25721153846153844 0.15144230769230768 0.12980769230769232
174 0.24879807692307693 0.22716346153846154 0.15384615384615385 0.11538461538461539
64 0.84375 0.29086538461538464 0.13701923076923078 0.12259615384615384
64 0.3954326923076923 0.24759615384615385 0.1346153846153846 0.11057692307692307
216 0.5913461538461539 0.4567307692307692 0.15144230769230768 0.1466346153846154
182 0.08653846153846154 0.40384615384615385 0.15144230769230768 0.1466346153846154
216 0.9242788461538461 0.49278846153846156 0.14903846153846154 0.16346153846153846
182 0.25841346153846156 0.4230769230769231 0.16346153846153846 0.14903846153846154
72 0.41947115384615385 0.43990384615384615 0.14182692307692307 0.1466346153846154
72 0.7560096153846154 0.47475961538461536 0.14182692307692307 0.1466346153846154