208 0.6754807692307693 0.25240384615384615 0.13701923076923078 0.10576923076923077
208 0.07211538461538461 0.25240384615384615 0.125 0.11057692307692307
174 0.5264423076923077 0.2536057692307692 0.13942307692307693 0.11538461538461539
174 0.22115384615384615 0.2548076923076923 0.14423076923076922 0.10096153846153846
64 0.8197115384615384 0.25600961538461536 0.125 0.11057692307692307
64 0.3701923076923077 0.25961538461538464 0.125 0.0985576923076923
216 0.5865384615384616 0.44711538461538464 0.13942307692307693 0.13221153846153846
182 0.078125 0.44711538461538464 0.13942307692307693 0.13221153846153846
216 0.9206730769230769 0.4483173076923077 0.1346153846153846 0.14903846153846154
182 0.2512019230769231 0.4483173076923077 0.14903846153846154 0.1346153846153846
72 0.41346153846153844 0.4483173076923077 0.12980769230769232 0.1346153846153846
72 0.7524038461538461 0.4483173076923077 0.12740384615384615 0.1346153846153846