215 0.41225961538461536 0.28125 0.13221153846153846 0.13701923076923078
181 0.25 0.27524038461538464 0.15144230769230768 0.14182692307692307
71 0.08533653846153846 0.2692307692307692 0.12980769230769232 0.1346153846153846
74 0.8954326923076923 0.33653846153846156 0.1201923076923077 0.13701923076923078
218 0.5661057692307693 0.32091346153846156 0.13221153846153846 0.13701923076923078
184 0.734375 0.33533653846153844 0.13942307692307693 0.13701923076923078
71 0.07572115384615384 0.46033653846153844 0.125 0.1346153846153846
181 0.5576923076923077 0.49399038461538464 0.1466346153846154 0.13221153846153846
215 0.7223557692307693 0.5024038461538461 0.13701923076923078 0.13942307692307693
184 0.38822115384615385 0.5036057692307693 0.14903846153846154 0.14903846153846154
218 0.8798076923076923 0.5348557692307693 0.1466346153846154 0.15144230769230768
74 0.22716346153846154 0.5036057692307693 0.12980769230769232 0.13701923076923078
181 0.8701923076923077 0.6959134615384616 0.14423076923076922 0.14182692307692307
71 0.3858173076923077 0.6790865384615384 0.12740384615384615 0.14423076923076922
215 0.5432692307692307 0.6911057692307693 0.1346153846153846 0.1466346153846154
218 0.7007211538461539 0.7223557692307693 0.1346153846153846 0.13942307692307693
184 0.22716346153846154 0.703125 0.14423076923076922 0.13701923076923078
74 0.06850961538461539 0.6947115384615384 0.125 0.13942307692307693
71 0.5348557692307693 0.8822115384615384 0.12980769230769232 0.1346153846153846
181 0.6947115384615384 0.8930288461538461 0.14423076923076922 0.14182692307692307
215 0.3798076923076923 0.8762019230769231 0.13701923076923078 0.13221153846153846
181 0.4254807692307692 0.08413461538461539 0.13701923076923078 0.13221153846153846
184 0.8629807692307693 0.9254807692307693 0.1346153846153846 0.14423076923076922
74 0.06009615384615385 0.8870192307692307 0.1201923076923077 0.1346153846153846
218 0.21394230769230768 0.8990384615384616 0.13701923076923078 0.13701923076923078
215 0.2548076923076923 0.07932692307692307 0.14903846153846154 0.13221153846153846
71 0.09615384615384616 0.0733173076923077 0.13221153846153846 0.12980769230769232
184 0.8990384615384616 0.14182692307692307 0.1466346153846154 0.15144230769230768
74 0.5769230769230769 0.12620192307692307 0.12740384615384615 0.13221153846153846
218 0.734375 0.13581730769230768 0.13221153846153846 0.1346153846153846