51 0.5492788461538461 0.15745192307692307 0.12740384615384615 0.1778846153846154
159 0.3641826923076923 0.1502403846153846 0.16826923076923078 0.18269230769230768
229 0.11899038461538461 0.37259615384615385 0.14903846153846154 0.18028846153846154
226 0.10096153846153846 0.578125 0.13221153846153846 0.16346153846153846
48 0.8569711538461539 0.6201923076923077 0.12980769230769232 0.19230769230769232
145 0.46033653846153844 0.6009615384615384 0.19951923076923078 0.18269230769230768
159 0.6730769230769231 0.6514423076923077 0.16826923076923078 0.18509615384615385
229 0.27163461538461536 0.6358173076923077 0.1201923076923077 0.16105769230769232
51 0.09134615384615384 0.8521634615384616 0.14182692307692307 0.18269230769230768
145 0.15745192307692307 0.09014423076923077 0.1875 0.1778846153846154
48 0.7199519230769231 0.125 0.1466346153846154 0.16826923076923078
226 0.8990384615384616 0.13822115384615385 0.13221153846153846 0.16105769230769232