71 0.921875 0.2860576923076923 0.1201923076923077 0.13942307692307693
181 0.4182692307692308 0.2800480769230769 0.1466346153846154 0.14423076923076922
215 0.5877403846153846 0.2824519230769231 0.13221153846153846 0.1346153846153846
218 0.7524038461538461 0.3125 0.14423076923076922 0.14182692307692307
184 0.23798076923076922 0.30649038461538464 0.1466346153846154 0.14903846153846154
74 0.07451923076923077 0.30649038461538464 0.12980769230769232 0.1346153846153846
181 0.7391826923076923 0.484375 0.13942307692307693 0.13701923076923078
215 0.23918269230769232 0.4855769230769231 0.13221153846153846 0.13701923076923078
71 0.5673076923076923 0.49158653846153844 0.1346153846153846 0.1466346153846154
74 0.40865384615384615 0.5144230769230769 0.12259615384615384 0.13942307692307693
184 0.9086538461538461 0.5240384615384616 0.15384615384615385 0.15144230769230768
218 0.07932692307692307 0.5120192307692307 0.125 0.1346153846153846
215 0.9050480769230769 0.6959134615384616 0.13221153846153846 0.13942307692307693
71 0.7475961538461539 0.6959134615384616 0.1201923076923077 0.15144230769230768
181 0.40024038461538464 0.6911057692307693 0.14903846153846154 0.1346153846153846
218 0.07211538461538461 0.7163461538461539 0.13942307692307693 0.1346153846153846
184 0.5829326923076923 0.7259615384615384 0.13942307692307693 0.1466346153846154
74 0.23677884615384615 0.7211538461538461 0.1346153846153846 0.12980769230769232
71 0.24158653846153846 0.06971153846153846 0.13221153846153846 0.13221153846153846
215 0.5817307692307693 0.07692307692307693 0.13221153846153846 0.13221153846153846
181 0.4098557692307692 0.078125 0.14423076923076922 0.15144230769230768
74 0.07572115384615384 0.0985576923076923 0.1201923076923077 0.14182692307692307
218 0.7487980769230769 0.11177884615384616 0.13221153846153846 0.1346153846153846
184 0.9182692307692307 0.11538461538461539 0.14182692307692307 0.1466346153846154