71 0.45552884615384615 0.1658653846153846 0.14182692307692307 0.15625
181 0.7908653846153846 0.21394230769230768 0.16346153846153846 0.1466346153846154
74 0.609375 0.22115384615384615 0.15625 0.1658653846153846
184 0.9423076923076923 0.27163461538461536 0.11538461538461539 0.16346153846153846
184 0.1201923076923077 0.15384615384615385 0.16105769230769232 0.15144230769230768
218 0.27884615384615385 0.18269230769230768 0.15625 0.15625
71 0.25841346153846156 0.35096153846153844 0.1466346153846154 0.15625
181 0.9230769230769231 0.44711538461538464 0.15384615384615385 0.15865384615384615
215 0.42427884615384615 0.3786057692307692 0.16346153846153846 0.14903846153846154
74 0.7548076923076923 0.4519230769230769 0.1466346153846154 0.15384615384615385
218 0.5865384615384616 0.4338942307692308 0.14903846153846154 0.14903846153846154
184 0.08774038461538461 0.3629807692307692 0.15384615384615385 0.16346153846153846