71 0.46153846153846156 0.1658653846153846 0.14423076923076922 0.15865384615384615
181 0.796875 0.21995192307692307 0.1658653846153846 0.14903846153846154
74 0.6141826923076923 0.22355769230769232 0.15865384615384615 0.16826923076923078
184 0.9435096153846154 0.2800480769230769 0.11298076923076923 0.1658653846153846
184 0.12620192307692307 0.14783653846153846 0.16346153846153846 0.15384615384615385
218 0.2848557692307692 0.17908653846153846 0.15865384615384615 0.15865384615384615
71 0.2620192307692308 0.34615384615384615 0.14903846153846154 0.15865384615384615
181 0.9230769230769231 0.45552884615384615 0.15384615384615385 0.16105769230769232
215 0.4266826923076923 0.37740384615384615 0.1658653846153846 0.15144230769230768
74 0.7548076923076923 0.4567307692307692 0.14903846153846154 0.15625
218 0.5877403846153846 0.43509615384615385 0.15144230769230768 0.15144230769230768
184 0.09014423076923077 0.3557692307692308 0.15625 0.1658653846153846