71 0.4098557692307692 0.17548076923076922 0.12379807692307693 0.140625
181 0.7487980769230769 0.17668269230769232 0.1466346153846154 0.12860576923076922
74 0.5697115384615384 0.2091346153846154 0.13701923076923078 0.14903846153846154
184 0.9278846153846154 0.2091346153846154 0.13942307692307693 0.14543269230769232
184 0.07572115384615384 0.21033653846153846 0.14423076923076922 0.13341346153846154
218 0.23677884615384615 0.21634615384615385 0.13822115384615385 0.13942307692307693
71 0.2403846153846154 0.3858173076923077 0.12860576923076922 0.13942307692307693
181 0.9182692307692307 0.38822115384615385 0.1466346153846154 0.140625
215 0.40865384615384615 0.390625 0.14783653846153846 0.12980769230769232
74 0.7451923076923077 0.4170673076923077 0.12860576923076922 0.13822115384615385
218 0.5769230769230769 0.421875 0.13221153846153846 0.13221153846153846
184 0.07211538461538461 0.421875 0.13581730769230768 0.14543269230769232