183 0.49399038461538464 0.18509615384615385 0.16346153846153846 0.1875
217 0.10096153846153846 0.18870192307692307 0.15264423076923078 0.171875
73 0.28846153846153844 0.19471153846153846 0.1622596153846154 0.17548076923076922
65 0.6911057692307693 0.2283653846153846 0.17427884615384615 0.14302884615384615
175 0.8966346153846154 0.23317307692307693 0.18389423076923078 0.1466346153846154
209 0.109375 0.4483173076923077 0.1778846153846154 0.1466346153846154
73 0.49278846153846156 0.6502403846153846 0.14903846153846154 0.18389423076923078
183 0.29927884615384615 0.6514423076923077 0.17668269230769232 0.17427884615384615
217 0.10096153846153846 0.6538461538461539 0.14783653846153846 0.17908653846153846
65 0.8918269230769231 0.6862980769230769 0.171875 0.14543269230769232
209 0.7043269230769231 0.6935096153846154 0.171875 0.14302884615384615
175 0.10697115384615384 0.9170673076923077 0.19110576923076922 0.13822115384615385