65 0.30288461538461536 0.15264423076923078 0.17548076923076922 0.12379807692307693
209 0.703125 0.15384615384615385 0.171875 0.13341346153846154
175 0.11899038461538461 0.36177884615384615 0.19110576923076922 0.15264423076923078
183 0.3088942307692308 0.5673076923076923 0.16826923076923078 0.16947115384615385
73 0.5072115384615384 0.5685096153846154 0.14903846153846154 0.17668269230769232
175 0.8954326923076923 0.6021634615384616 0.17427884615384615 0.14903846153846154
209 0.11658653846153846 0.6033653846153846 0.16346153846153846 0.1346153846153846
65 0.6947115384615384 0.6045673076923077 0.16706730769230768 0.15264423076923078
217 0.11177884615384616 0.7932692307692307 0.15384615384615385 0.16826923076923078
73 0.8870192307692307 0.109375 0.15745192307692307 0.16947115384615385
183 0.49399038461538464 0.11057692307692307 0.1658653846153846 0.171875
217 0.10576923076923077 0.11177884615384616 0.15384615384615385 0.1658653846153846