175 0.8064903846153846 0.09495192307692307 0.1971153846153846 0.16105769230769232
209 0.07572115384615384 0.20072115384615385 0.15144230769230768 0.15144230769230768
65 0.6141826923076923 0.125 0.1778846153846154 0.15384615384615385
183 0.0889423076923077 0.3786057692307692 0.1778846153846154 0.18509615384615385
73 0.48197115384615385 0.5588942307692307 0.18509615384615385 0.19230769230769232
217 0.29086538461538464 0.5865384615384616 0.17548076923076922 0.18269230769230768
183 0.671875 0.5336538461538461 0.1875 0.19951923076923078
175 0.8798076923076923 0.5408653846153846 0.19951923076923078 0.16346153846153846
209 0.11658653846153846 0.6574519230769231 0.18990384615384615 0.1658653846153846
65 0.14903846153846154 0.8725961538461539 0.18509615384615385 0.15625
73 0.2283653846153846 0.14302884615384615 0.15625 0.18028846153846154
217 0.4110576923076923 0.11658653846153846 0.17548076923076922 0.20192307692307693