229 0.11057692307692307 0.15264423076923078 0.125 0.18028846153846154
51 0.453125 0.15504807692307693 0.1201923076923077 0.16105769230769232
159 0.14543269230769232 0.3894230769230769 0.16826923076923078 0.16105769230769232
145 0.3161057692307692 0.5841346153846154 0.16826923076923078 0.16826923076923078
226 0.6947115384615384 0.5793269230769231 0.13942307692307693 0.16346153846153846
48 0.11778846153846154 0.5913461538461539 0.11538461538461539 0.16346153846153846
159 0.5228365384615384 0.6165865384615384 0.15865384615384615 0.17067307692307693
51 0.8677884615384616 0.625 0.125 0.16346153846153846
229 0.125 0.8653846153846154 0.12259615384615384 0.16346153846153846
48 0.27403846153846156 0.11177884615384616 0.11298076923076923 0.15865384615384615
226 0.8257211538461539 0.10697115384615384 0.12980769230769232 0.15625
145 0.6442307692307693 0.11057692307692307 0.1658653846153846 0.17307692307692307