73 0.4807692307692308 0.32572115384615385 0.15865384615384615 0.18990384615384615
217 0.09375 0.34975961538461536 0.17067307692307693 0.19951923076923078
65 0.8822115384615384 0.3425480769230769 0.17548076923076922 0.16346153846153846
175 0.30408653846153844 0.3737980769230769 0.18269230769230768 0.18028846153846154
209 0.6875 0.3557692307692308 0.18269230769230768 0.15144230769230768
217 0.8942307692307693 0.5444711538461539 0.15625 0.17548076923076922
183 0.10216346153846154 0.5853365384615384 0.18269230769230768 0.18509615384615385
209 0.31971153846153844 0.6165865384615384 0.1778846153846154 0.15144230769230768
175 0.7115384615384616 0.5985576923076923 0.18990384615384615 0.14903846153846154
65 0.5084134615384616 0.6105769230769231 0.17307692307692307 0.15144230769230768
73 0.10817307692307693 0.8149038461538461 0.16826923076923078 0.18269230769230768
183 0.08413461538461539 0.1310096153846154 0.16826923076923078 0.18028846153846154