73 0.49038461538461536 0.3245192307692308 0.1502403846153846 0.18269230769230768
217 0.10216346153846154 0.328125 0.15985576923076922 0.19110576923076922
65 0.8894230769230769 0.3629807692307692 0.16706730769230768 0.15384615384615385
175 0.3112980769230769 0.3641826923076923 0.17427884615384615 0.171875
209 0.6947115384615384 0.36538461538461536 0.17548076923076922 0.14302884615384615
217 0.8918269230769231 0.5649038461538461 0.14783653846153846 0.16826923076923078
183 0.0985576923076923 0.5649038461538461 0.17307692307692307 0.17548076923076922
209 0.3137019230769231 0.6069711538461539 0.171875 0.14182692307692307
175 0.7055288461538461 0.609375 0.18269230769230768 0.13942307692307693
65 0.5024038461538461 0.6105769230769231 0.1658653846153846 0.14182692307692307
73 0.09254807692307693 0.7944711538461539 0.15865384615384615 0.17427884615384615
183 0.10336538461538461 0.11057692307692307 0.1622596153846154 0.17307692307692307