209 0.7019230769230769 0.15384615384615385 0.18028846153846154 0.15865384615384615
175 0.12740384615384615 0.13942307692307693 0.1778846153846154 0.14182692307692307
65 0.1141826923076923 0.3473557692307692 0.17548076923076922 0.15625
217 0.6826923076923077 0.5685096153846154 0.15625 0.1778846153846154
183 0.8834134615384616 0.5793269230769231 0.17548076923076922 0.1875
175 0.10576923076923077 0.5877403846153846 0.19471153846153846 0.14903846153846154
65 0.30649038461538464 0.5973557692307693 0.17307692307692307 0.1466346153846154
209 0.49278846153846156 0.6057692307692307 0.18269230769230768 0.14423076923076922
73 0.09134615384615384 0.7728365384615384 0.15625 0.1778846153846154
73 0.5 0.11057692307692307 0.15384615384615385 0.16826923076923078
183 0.9002403846153846 0.12379807692307693 0.15865384615384615 0.1778846153846154
217 0.3125 0.10576923076923077 0.15625 0.16826923076923078