64 0.8990384615384616 0.12620192307692307 0.15985576923076922 0.17067307692307693
211 0.12139423076923077 0.3233173076923077 0.16706730769230768 0.16706730769230768
211 0.1045673076923077 0.5516826923076923 0.15144230769230768 0.16466346153846154
66 0.7007211538461539 0.5552884615384616 0.16466346153846154 0.16706730769230768
176 0.5024038461538461 0.5576923076923077 0.17427884615384615 0.15985576923076922
210 0.30408653846153844 0.5588942307692307 0.14903846153846154 0.16706730769230768
64 0.8810096153846154 0.5685096153846154 0.14783653846153846 0.13581730769230768
177 0.1310096153846154 0.7860576923076923 0.17067307692307693 0.15985576923076922
176 0.4891826923076923 0.09134615384615384 0.17548076923076922 0.15384615384615385
210 0.10697115384615384 0.09254807692307693 0.15264423076923078 0.15745192307692307
177 0.6947115384615384 0.09495192307692307 0.17668269230769232 0.15504807692307693
67 0.2956730769230769 0.09615384615384616 0.14543269230769232 0.15264423076923078