145 0.6598557692307693 0.13942307692307693 0.17307692307692307 0.17067307692307693
48 0.32211538461538464 0.10576923076923077 0.12259615384615384 0.15865384615384615
226 0.47836538461538464 0.12379807692307693 0.1466346153846154 0.15384615384615385
159 0.8617788461538461 0.19831730769230768 0.17548076923076922 0.18028846153846154
51 0.1466346153846154 0.13341346153846154 0.1466346153846154 0.15384615384615385
229 0.1201923076923077 0.34375 0.13701923076923078 0.16346153846153846
48 0.2956730769230769 0.5600961538461539 0.125 0.16346153846153846
145 0.12860576923076922 0.5432692307692307 0.1658653846153846 0.16346153846153846
226 0.46274038461538464 0.5805288461538461 0.13221153846153846 0.16346153846153846
51 0.609375 0.6310096153846154 0.14423076923076922 0.16346153846153846
229 0.7764423076923077 0.6550480769230769 0.13701923076923078 0.17067307692307693
159 0.10336538461538461 0.7980769230769231 0.17307692307692307 0.17548076923076922