211 0.0985576923076923 0.12740384615384615 0.15865384615384615 0.1814903846153846
66 0.4987980769230769 0.1310096153846154 0.17668269230769232 0.1658653846153846
177 0.2956730769230769 0.13341346153846154 0.17908653846153846 0.1814903846153846
210 0.6995192307692307 0.13341346153846154 0.15865384615384615 0.16947115384615385
64 0.8894230769230769 0.15865384615384615 0.16706730769230768 0.13341346153846154
176 0.11538461538461539 0.36177884615384615 0.17307692307692307 0.16346153846153846
177 0.6899038461538461 0.5985576923076923 0.18389423076923078 0.16826923076923078
211 0.09735576923076923 0.5997596153846154 0.1622596153846154 0.16346153846153846
66 0.28725961538461536 0.6033653846153846 0.1502403846153846 0.17548076923076922
210 0.4879807692307692 0.6069711538461539 0.17548076923076922 0.18509615384615385
64 0.8918269230769231 0.6129807692307693 0.171875 0.15865384615384615
176 0.11778846153846154 0.8365384615384616 0.18870192307692307 0.16706730769230768