177 0.5120192307692307 0.12139423076923077 0.17548076923076922 0.16105769230769232
67 0.3016826923076923 0.12259615384615384 0.1622596153846154 0.16706730769230768
66 0.3088942307692308 0.35216346153846156 0.1658653846153846 0.16706730769230768
176 0.1045673076923077 0.3545673076923077 0.17908653846153846 0.171875
210 0.7211538461538461 0.5985576923076923 0.16346153846153846 0.17067307692307693
211 0.10216346153846154 0.6009615384615384 0.16947115384615385 0.18629807692307693
176 0.5108173076923077 0.6033653846153846 0.17307692307692307 0.1971153846153846
66 0.30649038461538464 0.6045673076923077 0.16105769230769232 0.171875
64 0.9110576923076923 0.6189903846153846 0.15144230769230768 0.12620192307692307
177 0.1346153846153846 0.8341346153846154 0.19110576923076922 0.16346153846153846
210 0.10817307692307693 0.11899038461538461 0.16466346153846154 0.16826923076923078
211 0.7259615384615384 0.1201923076923077 0.16826923076923078 0.18629807692307693