177 0.5252403846153846 0.12259615384615384 0.18028846153846154 0.16826923076923078
67 0.31490384615384615 0.11538461538461539 0.16826923076923078 0.17307692307692307
66 0.3137019230769231 0.34615384615384615 0.17067307692307693 0.17307692307692307
176 0.109375 0.34134615384615385 0.18509615384615385 0.1778846153846154
210 0.7175480769230769 0.6057692307692307 0.16826923076923078 0.17548076923076922
211 0.0985576923076923 0.5865384615384616 0.17548076923076922 0.19230769230769232
176 0.5072115384615384 0.6033653846153846 0.18028846153846154 0.20192307692307693
66 0.30288461538461536 0.5973557692307693 0.1658653846153846 0.1778846153846154
64 0.90625 0.6334134615384616 0.15625 0.13221153846153846
177 0.12259615384615384 0.8209134615384616 0.1971153846153846 0.17067307692307693
210 0.12139423076923077 0.10576923076923077 0.17067307692307693 0.17307692307692307
211 0.7391826923076923 0.12860576923076922 0.17548076923076922 0.19230769230769232