213 0.29927884615384615 0.12740384615384615 0.14423076923076922 0.14903846153846154
69 0.5036057692307693 0.14302884615384615 0.13942307692307693 0.13701923076923078
179 0.09975961538461539 0.3088942307692308 0.15865384615384615 0.15865384615384615
212 0.08533653846153846 0.4963942307692308 0.15625 0.1658653846153846
174 0.9074519230769231 0.5697115384615384 0.15625 0.125
69 0.47836538461538464 0.5564903846153846 0.14903846153846154 0.15144230769230768
179 0.27283653846153844 0.5492788461538461 0.15865384615384615 0.15625
213 0.6947115384615384 0.5817307692307693 0.15625 0.14903846153846154
68 0.0985576923076923 0.6887019230769231 0.15144230769230768 0.1778846153846154
178 0.7235576923076923 0.11899038461538461 0.15865384615384615 0.15865384615384615
212 0.11778846153846154 0.078125 0.14903846153846154 0.15625
68 0.9050480769230769 0.13822115384615385 0.17307692307692307 0.16105769230769232