213 0.27403846153846156 0.14182692307692307 0.1346153846153846 0.13942307692307693
69 0.47836538461538464 0.14423076923076922 0.1310096153846154 0.12860576923076922
179 0.08774038461538461 0.33774038461538464 0.14783653846153846 0.14783653846153846
212 0.08653846153846154 0.5252403846153846 0.1466346153846154 0.15625
174 0.9110576923076923 0.5408653846153846 0.14903846153846154 0.1141826923076923
69 0.48197115384615385 0.5576923076923077 0.13942307692307693 0.14182692307692307
179 0.2764423076923077 0.5649038461538461 0.14903846153846154 0.14543269230769232
213 0.6995192307692307 0.5685096153846154 0.1466346153846154 0.13822115384615385
68 0.11298076923076923 0.7163461538461539 0.13942307692307693 0.16947115384615385
178 0.6959134615384616 0.1045673076923077 0.14783653846153846 0.14903846153846154
212 0.0889423076923077 0.10576923076923077 0.13942307692307693 0.1502403846153846
68 0.8786057692307693 0.11057692307692307 0.16346153846153846 0.1502403846153846