213 0.07091346153846154 0.14302884615384615 0.14182692307692307 0.14182692307692307
69 0.859375 0.12139423076923077 0.15144230769230768 0.14182692307692307
179 0.08653846153846154 0.3473557692307692 0.16105769230769232 0.13942307692307693
68 0.7259615384615384 0.5084134615384616 0.13701923076923078 0.16105769230769232
212 0.9158653846153846 0.5060096153846154 0.13942307692307693 0.1658653846153846
179 0.30528846153846156 0.5540865384615384 0.15625 0.15384615384615385
69 0.5168269230769231 0.5528846153846154 0.13942307692307693 0.14182692307692307
213 0.09134615384615384 0.5685096153846154 0.13701923076923078 0.13701923076923078
178 0.10216346153846154 0.734375 0.15625 0.15625
212 0.28725961538461536 0.0985576923076923 0.15625 0.15865384615384615
178 0.484375 0.09495192307692307 0.15625 0.15384615384615385
68 0.6778846153846154 0.09134615384615384 0.14182692307692307 0.15865384615384615