69 0.3293269230769231 0.140625 0.16826923076923078 0.15384615384615385
179 0.12259615384615384 0.1141826923076923 0.15625 0.15144230769230768
212 0.09975961538461539 0.2824519230769231 0.16346153846153846 0.17307692307692307
68 0.5048076923076923 0.546875 0.16105769230769232 0.18269230769230768
212 0.90625 0.6021634615384616 0.16826923076923078 0.18509615384615385
213 0.2860576923076923 0.5661057692307693 0.1658653846153846 0.15865384615384615
69 0.6826923076923077 0.6153846153846154 0.16826923076923078 0.1658653846153846
179 0.078125 0.5408653846153846 0.15625 0.16826923076923078
178 0.06490384615384616 0.703125 0.12980769230769232 0.17067307692307693
178 0.5600961538461539 0.12259615384615384 0.18028846153846154 0.18269230769230768
212 0.765625 0.14903846153846154 0.15625 0.17067307692307693
68 0.9387019230769231 0.17427884615384615 0.12259615384615384 0.17067307692307693