213 0.45552884615384615 0.15144230769230768 0.15625 0.14182692307692307
179 0.6766826923076923 0.14302884615384615 0.15865384615384615 0.13701923076923078
69 0.07211538461538461 0.3762019230769231 0.13942307692307693 0.13942307692307693
212 0.8894230769230769 0.5 0.15384615384615385 0.1778846153846154
178 0.09375 0.5444711538461539 0.15625 0.16105769230769232
68 0.2800480769230769 0.5444711538461539 0.14182692307692307 0.16826923076923078
69 0.6766826923076923 0.5564903846153846 0.14182692307692307 0.14903846153846154
213 0.48197115384615385 0.5685096153846154 0.15865384615384615 0.14423076923076922
179 0.10336538461538461 0.7848557692307693 0.15865384615384615 0.15625
68 0.8822115384615384 0.08533653846153846 0.13942307692307693 0.17067307692307693
212 0.25841346153846156 0.11778846153846154 0.15384615384615385 0.16346153846153846
178 0.07451923076923077 0.12860576923076922 0.14903846153846154 0.16105769230769232