69 0.08774038461538461 0.15144230769230768 0.13701923076923078 0.14423076923076922
213 0.29927884615384615 0.15625 0.16346153846153846 0.12139423076923077
179 0.09495192307692307 0.3557692307692308 0.15745192307692307 0.1466346153846154
212 0.28846153846153844 0.5324519230769231 0.1346153846153846 0.16346153846153846
178 0.7163461538461539 0.5384615384615384 0.16105769230769232 0.16105769230769232
68 0.09134615384615384 0.5432692307692307 0.12860576923076922 0.1658653846153846
213 0.9014423076923077 0.5745192307692307 0.14903846153846154 0.14423076923076922
179 0.48677884615384615 0.578125 0.16346153846153846 0.14543269230769232
69 0.07932692307692307 0.7944711538461539 0.15745192307692307 0.13942307692307693
178 0.9182692307692307 0.109375 0.1466346153846154 0.15625
68 0.5216346153846154 0.11057692307692307 0.13701923076923078 0.15384615384615385
212 0.7127403846153846 0.11177884615384616 0.13822115384615385 0.15504807692307693