180 0.6165865384615384 0.1466346153846154 0.2283653846153846 0.18028846153846154
180 0.8677884615384616 0.14302884615384615 0.2283653846153846 0.1875
214 0.11538461538461539 0.15865384615384615 0.22355769230769232 0.19230769230769232
70 0.3641826923076923 0.15745192307692307 0.20432692307692307 0.19230769230769232
214 0.12139423076923077 0.39663461538461536 0.21875 0.18028846153846154
70 0.36778846153846156 0.3942307692307692 0.2091346153846154 0.18028846153846154
214 0.6394230769230769 0.6334134615384616 0.22115384615384615 0.1971153846153846
180 0.38100961538461536 0.6466346153846154 0.23317307692307693 0.1875
70 0.8834134615384616 0.6370192307692307 0.21153846153846154 0.1971153846153846
214 0.12379807692307693 0.6514423076923077 0.21875 0.20432692307692307
180 0.13341346153846154 0.8834134615384616 0.24278846153846154 0.19951923076923078
70 0.3858173076923077 0.8810096153846154 0.21394230769230768 0.20432692307692307