180 0.640625 0.15625 0.23557692307692307 0.1875
180 0.8870192307692307 0.16947115384615385 0.22596153846153846 0.19471153846153846
214 0.140625 0.13221153846153846 0.23076923076923078 0.19951923076923078
70 0.38822115384615385 0.14903846153846154 0.21153846153846154 0.19951923076923078
214 0.12980769230769232 0.3713942307692308 0.22355769230769232 0.1875
70 0.3762019230769231 0.38461538461538464 0.21394230769230768 0.1875
214 0.6298076923076923 0.6430288461538461 0.2283653846153846 0.20432692307692307
180 0.3713942307692308 0.6382211538461539 0.2403846153846154 0.19471153846153846
70 0.8725961538461539 0.6634615384615384 0.21875 0.20192307692307693
214 0.1141826923076923 0.625 0.22596153846153846 0.21153846153846154
180 0.11538461538461539 0.8557692307692307 0.23076923076923078 0.20673076923076922
70 0.359375 0.8713942307692307 0.22115384615384615 0.2091346153846154