214 0.21995192307692307 0.07932692307692307 0.21394230769230768 0.15865384615384615
180 0.4074519230769231 0.2848557692307692 0.20673076923076922 0.17548076923076922
214 0.6189903846153846 0.31971153846153844 0.20432692307692307 0.18028846153846154
180 0.18870192307692307 0.2536057692307692 0.21394230769230768 0.1971153846153846
214 0.8293269230769231 0.3557692307692308 0.20432692307692307 0.17307692307692307
70 0.15384615384615385 0.44471153846153844 0.21634615384615385 0.18990384615384615
180 0.7776442307692307 0.5480769230769231 0.21153846153846154 0.18028846153846154
70 0.5661057692307693 0.5144230769230769 0.20192307692307693 0.18028846153846154
180 0.3629807692307692 0.4831730769230769 0.2091346153846154 0.1875
180 0.33653846153846156 0.6862980769230769 0.2091346153846154 0.18990384615384615
214 0.12139423076923077 0.6610576923076923 0.2091346153846154 0.17307692307692307
70 0.7475961538461539 0.7608173076923077 0.20432692307692307 0.18028846153846154
70 0.5420673076923077 0.734375 0.20192307692307693 0.1875
180 0.10216346153846154 0.8449519230769231 0.20432692307692307 0.19471153846153846
214 0.3137019230769231 0.8894230769230769 0.20673076923076922 0.18269230769230768
214 0.8233173076923077 0.15504807692307693 0.21634615384615385 0.18509615384615385
70 0.4266826923076923 0.09254807692307693 0.19951923076923078 0.1778846153846154
70 0.6237980769230769 0.125 0.1971153846153846 0.16826923076923078