214 0.15504807692307693 0.11298076923076923 0.18990384615384615 0.16105769230769232
180 0.375 0.3016826923076923 0.18509615384615385 0.14903846153846154
214 0.5889423076923077 0.30288461538461536 0.18269230769230768 0.15264423076923078
180 0.15384615384615385 0.30528846153846156 0.19110576923076922 0.16826923076923078
214 0.8028846153846154 0.30649038461538464 0.18389423076923078 0.1466346153846154
70 0.14903846153846154 0.5 0.19471153846153846 0.16105769230769232
180 0.78125 0.5036057692307693 0.19110576923076922 0.15264423076923078
70 0.5673076923076923 0.5036057692307693 0.17908653846153846 0.15384615384615385
180 0.36177884615384615 0.5048076923076923 0.18629807692307693 0.15985576923076922
180 0.36778846153846156 0.7091346153846154 0.18629807692307693 0.1622596153846154
214 0.15144230769230768 0.71875 0.1875 0.1466346153846154
70 0.7848557692307693 0.71875 0.18269230769230768 0.15384615384615385
70 0.578125 0.7247596153846154 0.17908653846153846 0.16105769230769232
180 0.15745192307692307 0.9050480769230769 0.19110576923076922 0.16706730769230768
214 0.37740384615384615 0.9134615384615384 0.18389423076923078 0.15504807692307693
214 0.765625 0.10817307692307693 0.1935096153846154 0.15625
70 0.3641826923076923 0.109375 0.17908653846153846 0.15144230769230768
70 0.5637019230769231 0.11057692307692307 0.1778846153846154 0.14182692307692307