250 0.4543269230769231 0.2692307692307692 0.1466346153846154 0.14182692307692307
205 0.9399038461538461 0.3233173076923077 0.1201923076923077 0.15144230769230768
94 0.2956730769230769 0.25600961538461536 0.14182692307692307 0.14423076923076922
250 0.6165865384615384 0.28966346153846156 0.15144230769230768 0.1466346153846154
205 0.12980769230769232 0.2403846153846154 0.14423076923076922 0.14903846153846154
94 0.7944711538461539 0.3112980769230769 0.1466346153846154 0.14903846153846154
86 0.546875 0.4987980769230769 0.14182692307692307 0.12740384615384615
242 0.24879807692307693 0.4675480769230769 0.13701923076923078 0.10817307692307693
86 0.40384615384615385 0.4855769230769231 0.1346153846153846 0.11538461538461539
242 0.8293269230769231 0.5348557692307693 0.14903846153846154 0.12740384615384615
197 0.09975961538461539 0.46274038461538464 0.1466346153846154 0.1201923076923077
197 0.6947115384615384 0.5264423076923077 0.12980769230769232 0.11538461538461539
250 0.578125 0.6923076923076923 0.14182692307692307 0.13942307692307693
94 0.41947115384615385 0.6766826923076923 0.13701923076923078 0.14182692307692307
250 0.24879807692307693 0.6598557692307693 0.15144230769230768 0.14903846153846154
94 0.7475961538461539 0.7115384615384616 0.15144230769230768 0.15384615384615385
205 0.08413461538461539 0.6418269230769231 0.1466346153846154 0.15144230769230768
205 0.90625 0.7307692307692307 0.13942307692307693 0.15144230769230768
242 0.43509615384615385 0.08052884615384616 0.13701923076923078 0.11057692307692307
86 0.21634615384615385 0.8677884615384616 0.13701923076923078 0.1346153846153846
242 0.7980769230769231 0.9326923076923077 0.14182692307692307 0.11057692307692307
242 0.5012019230769231 0.9014423076923077 0.1346153846153846 0.11538461538461539
197 0.06850961538461539 0.859375 0.13701923076923078 0.12259615384615384
197 0.6454326923076923 0.9254807692307693 0.13221153846153846 0.12740384615384615
86 0.359375 0.8954326923076923 0.12980769230769232 0.11298076923076923
86 0.8846153846153846 0.13221153846153846 0.14423076923076922 0.11538461538461539
86 0.29447115384615385 0.06971153846153846 0.13942307692307693 0.11538461538461539
242 0.7319711538461539 0.11658653846153846 0.1346153846153846 0.10336538461538461
197 0.5853365384615384 0.1045673076923077 0.13701923076923078 0.10817307692307693
197 0.140625 0.06610576923076923 0.14423076923076922 0.125