249 0.09735576923076923 0.2848557692307692 0.12860576923076922 0.11538461538461539
93 0.734375 0.2860576923076923 0.13221153846153846 0.1346153846153846
204 0.5733173076923077 0.28846153846153844 0.12740384615384615 0.12139423076923077
252 0.8798076923076923 0.3112980769230769 0.13221153846153846 0.140625
96 0.4206730769230769 0.3173076923076923 0.12860576923076922 0.13581730769230768
207 0.25600961538461536 0.31850961538461536 0.12740384615384615 0.12379807692307693
204 0.25721153846153844 0.47475961538461536 0.12379807692307693 0.12379807692307693
93 0.5769230769230769 0.47475961538461536 0.13221153846153846 0.15264423076923078
249 0.09375 0.47475961538461536 0.12860576923076922 0.12379807692307693
207 0.7367788461538461 0.5024038461538461 0.11057692307692307 0.12860576923076922
96 0.4170673076923077 0.5048076923076923 0.12259615384615384 0.13942307692307693
252 0.8846153846153846 0.5084134615384616 0.13581730769230768 0.13221153846153846
249 0.09375 0.6682692307692307 0.12379807692307693 0.11658653846153846
93 0.8954326923076923 0.6694711538461539 0.12980769230769232 0.13341346153846154
204 0.4110576923076923 0.6742788461538461 0.12740384615384615 0.12379807692307693
252 0.25240384615384615 0.6971153846153846 0.12259615384615384 0.12980769230769232
207 0.7331730769230769 0.6995192307692307 0.11778846153846154 0.12980769230769232
96 0.5769230769230769 0.7007211538461539 0.13221153846153846 0.13221153846153846
93 0.265625 0.09014423076923077 0.12379807692307693 0.12259615384615384
249 0.8882211538461539 0.09014423076923077 0.12259615384615384 0.11658653846153846
204 0.7307692307692307 0.09735576923076923 0.12980769230769232 0.12860576923076922
207 0.41346153846153844 0.12139423076923077 0.12620192307692307 0.12620192307692307
252 0.09495192307692307 0.12139423076923077 0.1346153846153846 0.12620192307692307
96 0.5829326923076923 0.12860576923076922 0.11899038461538461 0.12740384615384615