249 0.12620192307692307 0.23798076923076922 0.14182692307692307 0.12980769230769232
93 0.7584134615384616 0.3161057692307692 0.1466346153846154 0.14903846153846154
204 0.5985576923076923 0.29927884615384615 0.14182692307692307 0.13701923076923078
252 0.9002403846153846 0.359375 0.14903846153846154 0.15625
96 0.44350961538461536 0.3088942307692308 0.14423076923076922 0.15144230769230768
207 0.2800480769230769 0.28966346153846156 0.14182692307692307 0.13942307692307693
204 0.2620192307692308 0.44591346153846156 0.13701923076923078 0.13701923076923078
93 0.5793269230769231 0.484375 0.14903846153846154 0.16826923076923078
249 0.09975961538461539 0.4254807692307692 0.14182692307692307 0.13942307692307693
207 0.734375 0.53125 0.125 0.14182692307692307
96 0.4170673076923077 0.4951923076923077 0.13942307692307693 0.15384615384615385
252 0.8810096153846154 0.5552884615384616 0.15144230769230768 0.1466346153846154
249 0.07572115384615384 0.6177884615384616 0.13701923076923078 0.12980769230769232
93 0.8713942307692307 0.7163461538461539 0.14423076923076922 0.14903846153846154
204 0.390625 0.6622596153846154 0.14182692307692307 0.13942307692307693
252 0.23076923076923078 0.6658653846153846 0.13701923076923078 0.14423076923076922
207 0.7067307692307693 0.7259615384615384 0.13221153846153846 0.14423076923076922
96 0.5516826923076923 0.7091346153846154 0.1466346153846154 0.1466346153846154
93 0.3161057692307692 0.06610576923076923 0.13701923076923078 0.13221153846153846
249 0.9326923076923077 0.13942307692307693 0.1346153846153846 0.12980769230769232
204 0.7776442307692307 0.12860576923076922 0.14423076923076922 0.14423076923076922
207 0.46033653846153844 0.1141826923076923 0.14182692307692307 0.14182692307692307
252 0.14423076923076922 0.07451923076923077 0.14903846153846154 0.14182692307692307
96 0.6274038461538461 0.14182692307692307 0.1346153846153846 0.14182692307692307