249 0.11298076923076923 0.25721153846153844 0.13701923076923078 0.125
93 0.7487980769230769 0.30288461538461536 0.14182692307692307 0.14423076923076922
204 0.5877403846153846 0.29447115384615385 0.1346153846153846 0.12980769230769232
252 0.8918269230769231 0.33774038461538464 0.14182692307692307 0.14903846153846154
96 0.4338942307692308 0.3125 0.13701923076923078 0.14423076923076922
207 0.2692307692307692 0.3016826923076923 0.1346153846153846 0.13221153846153846
204 0.25961538461538464 0.4579326923076923 0.13221153846153846 0.13221153846153846
93 0.578125 0.4807692307692308 0.14182692307692307 0.16105769230769232
249 0.09615384615384616 0.44591346153846156 0.13701923076923078 0.13221153846153846
207 0.7355769230769231 0.5192307692307693 0.1201923076923077 0.13701923076923078
96 0.4170673076923077 0.4987980769230769 0.13221153846153846 0.1466346153846154
252 0.8834134615384616 0.5348557692307693 0.14423076923076922 0.14182692307692307
249 0.0829326923076923 0.6394230769230769 0.13221153846153846 0.125
93 0.8822115384615384 0.6971153846153846 0.13942307692307693 0.14182692307692307
204 0.39903846153846156 0.6670673076923077 0.1346153846153846 0.13221153846153846
252 0.23918269230769232 0.6790865384615384 0.13221153846153846 0.13701923076923078
207 0.71875 0.7151442307692307 0.12740384615384615 0.13701923076923078
96 0.5625 0.7055288461538461 0.14182692307692307 0.14182692307692307
93 0.29447115384615385 0.07451923076923077 0.13221153846153846 0.12980769230769232
249 0.9158653846153846 0.11778846153846154 0.12980769230769232 0.125
204 0.7584134615384616 0.1141826923076923 0.13942307692307693 0.13701923076923078
207 0.43990384615384615 0.11658653846153846 0.1346153846153846 0.1346153846153846
252 0.12259615384615384 0.09375 0.14423076923076922 0.1346153846153846
96 0.6081730769230769 0.13581730769230768 0.12740384615384615 0.1346153846153846