207 0.5504807692307693 0.14182692307692307 0.1201923076923077 0.1346153846153846
96 0.7079326923076923 0.13581730769230768 0.14182692307692307 0.14182692307692307
252 0.2283653846153846 0.16466346153846154 0.14423076923076922 0.13942307692307693
93 0.0829326923076923 0.3329326923076923 0.14182692307692307 0.13701923076923078
204 0.5625 0.3125 0.125 0.13221153846153846
249 0.7223557692307693 0.30408653846153844 0.12740384615384615 0.125
252 0.40024038461538464 0.34375 0.12980769230769232 0.13701923076923078
96 0.8930288461538461 0.31971153846153844 0.12980769230769232 0.13942307692307693
207 0.2403846153846154 0.3545673076923077 0.125 0.14182692307692307
93 0.09014423076923077 0.5300480769230769 0.12740384615384615 0.12740384615384615
249 0.5649038461538461 0.5060096153846154 0.12740384615384615 0.13221153846153846
204 0.40865384615384615 0.5180288461538461 0.12740384615384615 0.12980769230769232
96 0.2536057692307692 0.546875 0.12740384615384615 0.13701923076923078
252 0.8954326923076923 0.5168269230769231 0.14182692307692307 0.13942307692307693
207 0.7307692307692307 0.5264423076923077 0.12980769230769232 0.14182692307692307
93 0.09735576923076923 0.7211538461538461 0.13221153846153846 0.1346153846153846
249 0.25721153846153844 0.7139423076923077 0.125 0.12259615384615384
204 0.4182692307692308 0.7055288461538461 0.12980769230769232 0.13942307692307693
252 0.7463942307692307 0.7175480769230769 0.15144230769230768 0.13701923076923078
207 0.5829326923076923 0.7283653846153846 0.13221153846153846 0.13942307692307693
96 0.9086538461538461 0.7127403846153846 0.12980769230769232 0.14423076923076922
93 0.7524038461538461 0.8834134615384616 0.12980769230769232 0.13942307692307693
204 0.11177884615384616 0.9170673076923077 0.13221153846153846 0.1346153846153846
249 0.42908653846153844 0.90625 0.125 0.13701923076923078
96 0.2776442307692308 0.9302884615384616 0.13701923076923078 0.13942307692307693
207 0.90625 0.90625 0.13942307692307693 0.13701923076923078
252 0.5865384615384616 0.9254807692307693 0.13701923076923078 0.13942307692307693
249 0.06610576923076923 0.1310096153846154 0.13221153846153846 0.12740384615384615
204 0.8689903846153846 0.09975961538461539 0.12259615384615384 0.125
93 0.3954326923076923 0.125 0.1346153846153846 0.15144230769230768