207 0.5324519230769231 0.140625 0.12740384615384615 0.14182692307692307
96 0.6887019230769231 0.125 0.14903846153846154 0.14903846153846154
252 0.21153846153846154 0.18028846153846154 0.14903846153846154 0.1466346153846154
93 0.07451923076923077 0.3545673076923077 0.14903846153846154 0.14423076923076922
204 0.5528846153846154 0.31009615384615385 0.13221153846153846 0.13701923076923078
249 0.7115384615384616 0.2932692307692308 0.13221153846153846 0.13221153846153846
252 0.3918269230769231 0.34975961538461536 0.1346153846153846 0.14423076923076922
96 0.8822115384615384 0.29927884615384615 0.13701923076923078 0.1466346153846154
207 0.23317307692307693 0.36899038461538464 0.13221153846153846 0.1466346153846154
93 0.09254807692307693 0.5516826923076923 0.13221153846153846 0.13221153846153846
249 0.5661057692307693 0.5024038461538461 0.1346153846153846 0.13701923076923078
204 0.4098557692307692 0.5228365384615384 0.13221153846153846 0.1346153846153846
96 0.25600961538461536 0.5588942307692307 0.1346153846153846 0.14182692307692307
252 0.8954326923076923 0.4963942307692308 0.14903846153846154 0.1466346153846154
207 0.7319711538461539 0.5144230769230769 0.13701923076923078 0.14903846153846154
93 0.109375 0.7415865384615384 0.13701923076923078 0.14182692307692307
249 0.2692307692307692 0.7259615384615384 0.12980769230769232 0.12740384615384615
204 0.42908653846153844 0.7091346153846154 0.1346153846153846 0.14423076923076922
252 0.7572115384615384 0.7043269230769231 0.15865384615384615 0.14423076923076922
207 0.5949519230769231 0.7235576923076923 0.13942307692307693 0.1466346153846154
96 0.9194711538461539 0.6911057692307693 0.13701923076923078 0.14903846153846154
93 0.7716346153846154 0.8701923076923077 0.13701923076923078 0.1466346153846154
204 0.13341346153846154 0.9326923076923077 0.13701923076923078 0.1346153846153846
249 0.4495192307692308 0.9086538461538461 0.13221153846153846 0.14182692307692307
96 0.3004807692307692 0.9350961538461539 0.14423076923076922 0.12980769230769232
207 0.9266826923076923 0.8846153846153846 0.1466346153846154 0.14423076923076922
252 0.6081730769230769 0.9206730769230769 0.14182692307692307 0.14423076923076922
249 0.057692307692307696 0.15384615384615385 0.11538461538461539 0.1346153846153846
204 0.8473557692307693 0.08173076923076923 0.12740384615384615 0.12980769230769232
93 0.375 0.1310096153846154 0.13942307692307693 0.15625