207 0.5697115384615384 0.14543269230769232 0.1141826923076923 0.12980769230769232
96 0.7271634615384616 0.1466346153846154 0.1346153846153846 0.13581730769230768
252 0.24639423076923078 0.15144230769230768 0.13701923076923078 0.13221153846153846
93 0.09254807692307693 0.3112980769230769 0.13581730769230768 0.12980769230769232
204 0.5721153846153846 0.3161057692307692 0.11899038461538461 0.12620192307692307
249 0.7319711538461539 0.3161057692307692 0.12139423076923077 0.11899038461538461
252 0.40865384615384615 0.3389423076923077 0.12259615384615384 0.1310096153846154
96 0.9014423076923077 0.3401442307692308 0.12259615384615384 0.13341346153846154
207 0.24879807692307693 0.34134615384615385 0.11899038461538461 0.1346153846153846
93 0.0889423076923077 0.5084134615384616 0.12139423076923077 0.1201923076923077
249 0.5649038461538461 0.5096153846153846 0.12139423076923077 0.125
204 0.4074519230769231 0.5132211538461539 0.1201923076923077 0.12379807692307693
96 0.2512019230769231 0.5336538461538461 0.12139423076923077 0.12980769230769232
252 0.8942307692307693 0.5372596153846154 0.13581730769230768 0.13341346153846154
207 0.7295673076923077 0.5384615384615384 0.12259615384615384 0.13581730769230768
93 0.08653846153846154 0.6995192307692307 0.125 0.12860576923076922
249 0.24639423076923078 0.7007211538461539 0.11899038461538461 0.11538461538461539
204 0.4074519230769231 0.7007211538461539 0.12259615384615384 0.13221153846153846
252 0.734375 0.7295673076923077 0.14543269230769232 0.12980769230769232
207 0.5709134615384616 0.7319711538461539 0.12620192307692307 0.13341346153846154
96 0.8966346153846154 0.734375 0.12259615384615384 0.13701923076923078
93 0.7319711538461539 0.8966346153846154 0.12379807692307693 0.13341346153846154
204 0.09014423076923077 0.8966346153846154 0.125 0.12860576923076922
249 0.4074519230769231 0.9014423076923077 0.11899038461538461 0.12980769230769232
96 0.25600961538461536 0.9206730769230769 0.1310096153846154 0.1346153846153846
207 0.8846153846153846 0.9266826923076923 0.13341346153846154 0.12980769230769232
252 0.5637019230769231 0.9290865384615384 0.12980769230769232 0.13221153846153846
249 0.0829326923076923 0.10817307692307693 0.13221153846153846 0.12139423076923077
204 0.8894230769230769 0.1201923076923077 0.11658653846153846 0.11899038461538461
93 0.41466346153846156 0.1201923076923077 0.12620192307692307 0.14423076923076922