249 0.7451923076923077 0.28966346153846156 0.12620192307692307 0.14783653846153846
93 0.23677884615384615 0.29086538461538464 0.140625 0.13341346153846154
204 0.0673076923076923 0.29086538461538464 0.12620192307692307 0.13341346153846154
252 0.9086538461538461 0.3125 0.1346153846153846 0.15144230769230768
207 0.40865384615384615 0.3173076923076923 0.1310096153846154 0.13942307692307693
96 0.5865384615384616 0.31971153846153844 0.1310096153846154 0.14302884615384615
249 0.7439903846153846 0.49399038461538464 0.14302884615384615 0.1346153846153846
93 0.9170673076923077 0.4963942307692308 0.13221153846153846 0.13942307692307693
204 0.578125 0.5 0.1201923076923077 0.14903846153846154
96 0.4110576923076923 0.5240384615384616 0.13581730769230768 0.1502403846153846
252 0.23798076923076922 0.5264423076923077 0.12860576923076922 0.14543269230769232
207 0.07572115384615384 0.5288461538461539 0.12620192307692307 0.14903846153846154
249 0.7451923076923077 0.6995192307692307 0.13221153846153846 0.13221153846153846
204 0.41346153846153844 0.7019230769230769 0.12379807692307693 0.1310096153846154
93 0.5865384615384616 0.7043269230769231 0.1310096153846154 0.140625
252 0.9086538461538461 0.7295673076923077 0.14302884615384615 0.14423076923076922
207 0.07211538461538461 0.7307692307692307 0.12860576923076922 0.13942307692307693
96 0.24519230769230768 0.7319711538461539 0.12379807692307693 0.14302884615384615
249 0.234375 0.08413461538461539 0.13581730769230768 0.14302884615384615
204 0.0673076923076923 0.08533653846153846 0.12620192307692307 0.12980769230769232
93 0.5769230769230769 0.0889423076923077 0.13942307692307693 0.13822115384615385
96 0.40865384615384615 0.109375 0.140625 0.14543269230769232
252 0.7331730769230769 0.11298076923076923 0.13942307692307693 0.13822115384615385
207 0.9110576923076923 0.1141826923076923 0.13221153846153846 0.13822115384615385