249 0.7596153846153846 0.3076923076923077 0.13701923076923078 0.15625
93 0.25240384615384615 0.27283653846153844 0.14903846153846154 0.14182692307692307
204 0.0829326923076923 0.2608173076923077 0.1346153846153846 0.14182692307692307
252 0.9206730769230769 0.34134615384615385 0.14423076923076922 0.16105769230769232
207 0.421875 0.3112980769230769 0.13942307692307693 0.14903846153846154
96 0.5985576923076923 0.32572115384615385 0.14182692307692307 0.15144230769230768
249 0.7439903846153846 0.5108173076923077 0.15144230769230768 0.14423076923076922
93 0.9158653846153846 0.5252403846153846 0.14182692307692307 0.14903846153846154
204 0.578125 0.5060096153846154 0.12980769230769232 0.15625
96 0.4098557692307692 0.5180288461538461 0.1466346153846154 0.15865384615384615
252 0.23677884615384615 0.5084134615384616 0.13942307692307693 0.15384615384615385
207 0.07451923076923077 0.4987980769230769 0.13701923076923078 0.15865384615384615
249 0.7307692307692307 0.7163461538461539 0.14182692307692307 0.14182692307692307
204 0.39903846153846156 0.6959134615384616 0.13221153846153846 0.13942307692307693
93 0.5721153846153846 0.7103365384615384 0.13942307692307693 0.14903846153846154
252 0.8918269230769231 0.7572115384615384 0.15384615384615385 0.15384615384615385
207 0.0625 0.6995192307692307 0.125 0.14903846153846154
96 0.22956730769230768 0.7139423076923077 0.1346153846153846 0.15144230769230768
249 0.26322115384615385 0.07091346153846154 0.1466346153846154 0.14182692307692307
204 0.09615384615384616 0.0625 0.1346153846153846 0.125
93 0.6057692307692307 0.09495192307692307 0.14903846153846154 0.1466346153846154
96 0.4362980769230769 0.10336538461538461 0.15144230769230768 0.15384615384615385
252 0.7596153846153846 0.12980769230769232 0.14903846153846154 0.1466346153846154
207 0.9326923076923077 0.14302884615384615 0.1346153846153846 0.1466346153846154