251 0.2608173076923077 0.24759615384615385 0.15144230769230768 0.15865384615384615
95 0.9170673076923077 0.35336538461538464 0.15865384615384615 0.16826923076923078
206 0.0985576923076923 0.22596153846153846 0.14182692307692307 0.1658653846153846
198 0.43149038461538464 0.30649038461538464 0.16826923076923078 0.14182692307692307
87 0.5973557692307693 0.3329326923076923 0.16105769230769232 0.13221153846153846
243 0.7584134615384616 0.3581730769230769 0.17067307692307693 0.14182692307692307
251 0.7211538461538461 0.5216346153846154 0.15384615384615385 0.15625
95 0.4026442307692308 0.47716346153846156 0.13942307692307693 0.15865384615384615
206 0.0673076923076923 0.42427884615384615 0.1346153846153846 0.15144230769230768
243 0.5612980769230769 0.5252403846153846 0.17067307692307693 0.13942307692307693
198 0.234375 0.47596153846153844 0.17307692307692307 0.13701923076923078
87 0.8870192307692307 0.5841346153846154 0.16826923076923078 0.14423076923076922
251 0.3557692307692308 0.6658653846153846 0.15144230769230768 0.16346153846153846
206 0.054086538461538464 0.6213942307692307 0.10817307692307693 0.15625
95 0.6911057692307693 0.7259615384615384 0.14903846153846154 0.16346153846153846
198 0.5336538461538461 0.7283653846153846 0.16105769230769232 0.12980769230769232
87 0.20673076923076922 0.6790865384615384 0.1658653846153846 0.13942307692307693
243 0.8545673076923077 0.78125 0.17067307692307693 0.1466346153846154
95 0.29447115384615385 0.06610576923076923 0.16105769230769232 0.13221153846153846
251 0.4519230769230769 0.07932692307692307 0.15384615384615385 0.15865384615384615
206 0.13221153846153846 0.056490384615384616 0.14423076923076922 0.11298076923076923
251 0.328125 0.8665865384615384 0.1466346153846154 0.16346153846153846
95 0.8257211538461539 0.9314903846153846 0.15144230769230768 0.13701923076923078
206 0.16826923076923078 0.8461538461538461 0.14903846153846154 0.17307692307692307
87 0.4987980769230769 0.9290865384615384 0.16105769230769232 0.14182692307692307
198 0.04567307692307692 0.8533653846153846 0.09134615384615384 0.12980769230769232
243 0.6646634615384616 0.9459134615384616 0.16105769230769232 0.10817307692307693
87 0.7920673076923077 0.14903846153846154 0.15625 0.13942307692307693
243 0.9338942307692307 0.17908653846153846 0.13221153846153846 0.14182692307692307
198 0.6286057692307693 0.12980769230769232 0.17067307692307693 0.14423076923076922