251 0.2403846153846154 0.2692307692307692 0.13942307692307693 0.14903846153846154
95 0.9026442307692307 0.3173076923076923 0.1466346153846154 0.15865384615384615
206 0.07572115384615384 0.2620192307692308 0.12980769230769232 0.15625
198 0.41586538461538464 0.3137019230769231 0.15865384615384615 0.12980769230769232
87 0.5817307692307693 0.3245192307692308 0.15384615384615385 0.1201923076923077
243 0.7451923076923077 0.33653846153846156 0.16105769230769232 0.12980769230769232
251 0.7223557692307693 0.5024038461538461 0.14423076923076922 0.14423076923076922
95 0.4014423076923077 0.4855769230769231 0.12740384615384615 0.15144230769230768
206 0.0625 0.46274038461538464 0.125 0.14182692307692307
243 0.5637019230769231 0.5204326923076923 0.16346153846153846 0.12740384615384615
198 0.23317307692307693 0.5 0.16346153846153846 0.12259615384615384
87 0.8930288461538461 0.5504807692307693 0.15865384615384615 0.13221153846153846
251 0.3701923076923077 0.6778846153846154 0.13942307692307693 0.15384615384615385
206 0.057692307692307696 0.6598557692307693 0.11538461538461539 0.1466346153846154
95 0.7091346153846154 0.7091346153846154 0.13942307692307693 0.15384615384615385
198 0.5528846153846154 0.7247596153846154 0.15384615384615385 0.1201923076923077
87 0.22355769230769232 0.703125 0.15625 0.12740384615384615
243 0.8774038461538461 0.7487980769230769 0.16105769230769232 0.1346153846153846
95 0.25600961538461536 0.0733173076923077 0.15144230769230768 0.1466346153846154
251 0.41586538461538464 0.07932692307692307 0.14182692307692307 0.15865384615384615
206 0.09254807692307693 0.07211538461538461 0.13221153846153846 0.14423076923076922
251 0.36177884615384615 0.8810096153846154 0.1346153846153846 0.15384615384615385
95 0.8629807692307693 0.9182692307692307 0.13942307692307693 0.16346153846153846
206 0.20072115384615385 0.8737980769230769 0.13701923076923078 0.16346153846153846
87 0.5360576923076923 0.9290865384615384 0.15144230769230768 0.13221153846153846
198 0.06009615384615385 0.8942307692307693 0.1201923076923077 0.1201923076923077
243 0.7043269230769231 0.9399038461538461 0.15384615384615385 0.1201923076923077
87 0.7596153846153846 0.125 0.1466346153846154 0.12980769230769232
243 0.921875 0.14182692307692307 0.15625 0.12980769230769232
198 0.5949519230769231 0.1201923076923077 0.16105769230769232 0.13221153846153846