251 0.2247596153846154 0.28846153846153844 0.1310096153846154 0.140625
95 0.8894230769230769 0.28966346153846156 0.13581730769230768 0.14903846153846154
206 0.06009615384615385 0.2920673076923077 0.11899038461538461 0.14903846153846154
198 0.4026442307692308 0.31971153846153844 0.15144230769230768 0.1201923076923077
87 0.5697115384615384 0.31971153846153844 0.14543269230769232 0.11057692307692307
243 0.7331730769230769 0.31971153846153844 0.15384615384615385 0.11899038461538461
251 0.7223557692307693 0.48677884615384615 0.1346153846153846 0.13581730769230768
95 0.40024038461538464 0.49278846153846156 0.11778846153846154 0.14302884615384615
206 0.06129807692307692 0.49278846153846156 0.11658653846153846 0.1346153846153846
243 0.5649038461538461 0.515625 0.15504807692307693 0.11778846153846154
198 0.234375 0.5180288461538461 0.15625 0.11298076923076923
87 0.8954326923076923 0.5228365384615384 0.1502403846153846 0.12139423076923077
251 0.38341346153846156 0.6862980769230769 0.12980769230769232 0.14423076923076922
206 0.0625 0.6923076923076923 0.12259615384615384 0.13822115384615385
95 0.7235576923076923 0.6935096153846154 0.12860576923076922 0.14423076923076922
198 0.5685096153846154 0.7199519230769231 0.14543269230769232 0.109375
87 0.23798076923076922 0.7223557692307693 0.14903846153846154 0.11658653846153846
243 0.8942307692307693 0.7223557692307693 0.15384615384615385 0.12379807692307693
95 0.22596153846153846 0.08653846153846154 0.140625 0.1466346153846154
251 0.3870192307692308 0.08653846153846154 0.1310096153846154 0.1502403846153846
206 0.06370192307692307 0.08774038461538461 0.12139423076923077 0.1622596153846154
251 0.38822115384615385 0.8894230769230769 0.125 0.14543269230769232
95 0.8918269230769231 0.8930288461538461 0.12860576923076922 0.15384615384615385
206 0.22716346153846154 0.8942307692307693 0.12740384615384615 0.15504807692307693
87 0.5661057692307693 0.9254807692307693 0.14423076923076922 0.12259615384615384
198 0.0733173076923077 0.9254807692307693 0.14302884615384615 0.109375
243 0.7355769230769231 0.9254807692307693 0.1466346153846154 0.109375
87 0.7331730769230769 0.10817307692307693 0.13942307692307693 0.1201923076923077
243 0.8978365384615384 0.11298076923076923 0.15144230769230768 0.1201923076923077
198 0.5685096153846154 0.1141826923076923 0.15264423076923078 0.12259615384615384