251 0.5853365384615384 0.29447115384615385 0.13942307692307693 0.1466346153846154
95 0.7560096153846154 0.31009615384615385 0.15384615384615385 0.1658653846153846
206 0.42427884615384615 0.28725961538461536 0.13221153846153846 0.15384615384615385
243 0.26802884615384615 0.29927884615384615 0.1658653846153846 0.14423076923076922
198 0.09735576923076923 0.28966346153846156 0.1658653846153846 0.1346153846153846
87 0.9254807692307693 0.36177884615384615 0.14903846153846154 0.13221153846153846
251 0.07091346153846154 0.453125 0.13221153846153846 0.15144230769230768
95 0.23677884615384615 0.4735576923076923 0.13942307692307693 0.15865384615384615
206 0.3954326923076923 0.49158653846153844 0.14423076923076922 0.1658653846153846
198 0.5769230769230769 0.5240384615384616 0.17067307692307693 0.1466346153846154
243 0.9026442307692307 0.5576923076923077 0.16346153846153846 0.14903846153846154
87 0.7439903846153846 0.5456730769230769 0.15384615384615385 0.1346153846153846
251 0.06009615384615385 0.6478365384615384 0.1201923076923077 0.15144230769230768
95 0.38822115384615385 0.6826923076923077 0.13942307692307693 0.15384615384615385
206 0.7115384615384616 0.71875 0.13942307692307693 0.16346153846153846
87 0.8870192307692307 0.7560096153846154 0.1658653846153846 0.14903846153846154
198 0.22716346153846154 0.7043269230769231 0.15625 0.14182692307692307
243 0.5516826923076923 0.7331730769230769 0.1658653846153846 0.13942307692307693
251 0.7596153846153846 0.10697115384615384 0.1466346153846154 0.15625
206 0.9254807692307693 0.125 0.14903846153846154 0.16346153846153846
95 0.27884615384615385 0.07692307692307693 0.14423076923076922 0.15384615384615385
243 0.44471153846153844 0.1141826923076923 0.16105769230769232 0.13942307692307693
87 0.6081730769230769 0.1310096153846154 0.15865384615384615 0.1346153846153846
198 0.12139423076923077 0.08774038461538461 0.16105769230769232 0.13701923076923078