206 0.5925480769230769 0.20552884615384615 0.13701923076923078 0.15144230769230768
251 0.24278846153846154 0.18870192307692307 0.13942307692307693 0.1466346153846154
95 0.9350961538461539 0.22956730769230768 0.12980769230769232 0.15625
243 0.7800480769230769 0.24158653846153846 0.17307692307692307 0.14423076923076922
87 0.08533653846153846 0.2127403846153846 0.14903846153846154 0.12740384615384615
198 0.4254807692307692 0.23197115384615385 0.1658653846153846 0.12980769230769232
95 0.23557692307692307 0.3954326923076923 0.13942307692307693 0.16105769230769232
251 0.9254807692307693 0.43149038461538464 0.14423076923076922 0.15144230769230768
206 0.40625 0.4074519230769231 0.14182692307692307 0.15865384615384615
198 0.7644230769230769 0.4483173076923077 0.1658653846153846 0.14423076923076922
243 0.5817307692307693 0.44711538461538464 0.1658653846153846 0.13701923076923078
87 0.0733173076923077 0.4230769230769231 0.1466346153846154 0.13942307692307693