88 0.5709134615384616 0.35697115384615385 0.17548076923076922 0.1971153846153846
245 0.3401442307692308 0.3605769230769231 0.18028846153846154 0.18269230769230768
244 0.7860576923076923 0.36177884615384615 0.18389423076923078 0.18389423076923078
200 0.11538461538461539 0.36778846153846156 0.17307692307692307 0.17548076923076922
199 0.11298076923076923 0.6286057692307693 0.16706730769230768 0.19110576923076922
245 0.3425480769230769 0.6286057692307693 0.1935096153846154 0.18269230769230768
200 0.5649038461538461 0.6358173076923077 0.17548076923076922 0.19110576923076922
89 0.7944711538461539 0.6370192307692307 0.17067307692307693 0.19230769230769232
88 0.1141826923076923 0.8798076923076923 0.16826923076923078 0.18028846153846154
244 0.3329326923076923 0.8834134615384616 0.18990384615384615 0.1658653846153846
89 0.35216346153846156 0.1201923076923077 0.16826923076923078 0.1658653846153846
199 0.12980769230769232 0.12139423076923077 0.17668269230769232 0.17668269230769232