244 0.10216346153846154 0.3798076923076923 0.20432692307692307 0.19230769230769232
89 0.33774038461538464 0.3701923076923077 0.1778846153846154 0.18990384615384615
245 0.12379807692307693 0.640625 0.19230769230769232 0.19471153846153846
88 0.35096153846153844 0.6346153846153846 0.21634615384615385 0.20673076923076922
199 0.5817307692307693 0.6225961538461539 0.19951923076923078 0.1971153846153846
244 0.8161057692307693 0.6129807692307693 0.19951923076923078 0.18509615384615385
89 0.13701923076923078 0.8930288461538461 0.19471153846153846 0.2091346153846154
200 0.37259615384615385 0.8942307692307693 0.17548076923076922 0.18990384615384615
245 0.09615384615384616 0.12620192307692307 0.1778846153846154 0.18990384615384615
199 0.7752403846153846 0.09735576923076923 0.18028846153846154 0.19471153846153846
200 0.31971153846153844 0.12139423076923077 0.18509615384615385 0.19471153846153846
88 0.5588942307692307 0.11057692307692307 0.18028846153846154 0.18509615384615385