89 0.11298076923076923 0.36538461538461536 0.17548076923076922 0.18389423076923078
200 0.3329326923076923 0.3762019230769231 0.18028846153846154 0.18028846153846154
244 0.09975961538461539 0.6298076923076923 0.17548076923076922 0.18389423076923078
89 0.5564903846153846 0.6310096153846154 0.1778846153846154 0.1935096153846154
244 0.7776442307692307 0.6394230769230769 0.18870192307692307 0.18870192307692307
200 0.32572115384615385 0.640625 0.16826923076923078 0.18389423076923078
88 0.33413461538461536 0.8870192307692307 0.1814903846153846 0.18269230769230768
199 0.11057692307692307 0.8882211538461539 0.18509615384615385 0.17067307692307693
245 0.10216346153846154 0.11658653846153846 0.16947115384615385 0.17668269230769232
88 0.7836538461538461 0.1201923076923077 0.18629807692307693 0.17668269230769232
244 0.5480769230769231 0.12259615384615384 0.1778846153846154 0.1778846153846154
199 0.33533653846153844 0.125 0.1622596153846154 0.18509615384615385