228 0.32572115384615385 0.1045673076923077 0.12980769230769232 0.19230769230769232
158 0.15144230769230768 0.09615384615384616 0.18269230769230768 0.19230769230769232
139 0.5192307692307693 0.15625 0.1875 0.16105769230769232
220 0.6983173076923077 0.17548076923076922 0.15865384615384615 0.14182692307692307
42 0.12259615384615384 0.35216346153846156 0.18028846153846154 0.1658653846153846
50 0.7800480769230769 0.6141826923076923 0.14182692307692307 0.1875
228 0.25 0.5673076923076923 0.14182692307692307 0.19471153846153846
158 0.44711538461538464 0.5841346153846154 0.16826923076923078 0.1971153846153846
42 0.09495192307692307 0.5877403846153846 0.16105769230769232 0.16346153846153846
220 0.6334134615384616 0.6514423076923077 0.15384615384615385 0.1466346153846154
139 0.09495192307692307 0.8305288461538461 0.18990384615384615 0.17067307692307693
50 0.8557692307692307 0.14423076923076922 0.12740384615384615 0.18509615384615385