228 0.24759615384615385 0.14903846153846154 0.1346153846153846 0.19471153846153846
158 0.08413461538461539 0.17307692307692307 0.16826923076923078 0.20673076923076922
139 0.44711538461538464 0.15985576923076922 0.19230769230769232 0.1658653846153846
220 0.6262019230769231 0.14182692307692307 0.16346153846153846 0.1466346153846154
42 0.09975961538461539 0.4338942307692308 0.18509615384615385 0.17307692307692307
50 0.796875 0.5528846153846154 0.14903846153846154 0.19230769230769232
228 0.2704326923076923 0.6177884615384616 0.14903846153846154 0.1971153846153846
158 0.4651442307692308 0.59375 0.17548076923076922 0.20192307692307693
42 0.12259615384615384 0.6694711538461539 0.1658653846153846 0.16826923076923078
220 0.6622596153846154 0.6201923076923077 0.15625 0.15144230769230768
139 0.16706730769230768 0.9086538461538461 0.20673076923076922 0.1778846153846154
50 0.7740384615384616 0.08653846153846154 0.1346153846153846 0.17307692307692307