88 0.11298076923076923 0.33774038461538464 0.1778846153846154 0.16826923076923078
245 0.3245192307692308 0.3473557692307692 0.17067307692307693 0.1778846153846154
89 0.7740384615384616 0.5973557692307693 0.17067307692307693 0.19471153846153846
199 0.33653846153846156 0.5997596153846154 0.17307692307692307 0.17548076923076922
244 0.1045673076923077 0.6009615384615384 0.17548076923076922 0.16826923076923078
88 0.5721153846153846 0.6009615384615384 0.1778846153846154 0.18269230769230768
245 0.3245192307692308 0.8425480769230769 0.1875 0.1778846153846154
200 0.11298076923076923 0.8545673076923077 0.16346153846153846 0.19230769230769232
89 0.3317307692307692 0.09735576923076923 0.1658653846153846 0.17067307692307693
244 0.1045673076923077 0.09735576923076923 0.1875 0.16826923076923078
199 0.5504807692307693 0.09975961538461539 0.16346153846153846 0.1658653846153846
200 0.7644230769230769 0.10336538461538461 0.17067307692307693 0.1778846153846154