199 0.10096153846153846 0.37259615384615385 0.16826923076923078 0.18028846153846154
89 0.3317307692307692 0.3786057692307692 0.18269230769230768 0.20673076923076922
245 0.5432692307692307 0.6358173076923077 0.1875 0.18509615384615385
199 0.7716346153846154 0.6394230769230769 0.1875 0.1875
244 0.31850961538461536 0.6418269230769231 0.18269230769230768 0.17307692307692307
89 0.09375 0.6502403846153846 0.17307692307692307 0.20192307692307693
200 0.1045673076923077 0.8846153846153846 0.1875 0.1875
88 0.3389423076923077 0.8870192307692307 0.1875 0.19951923076923078
89 0.0985576923076923 0.11899038461538461 0.1658653846153846 0.17067307692307693
245 0.7620192307692307 0.1201923076923077 0.1971153846153846 0.18269230769230768
244 0.5372596153846154 0.12139423076923077 0.18269230769230768 0.17067307692307693
200 0.32211538461538464 0.12139423076923077 0.1778846153846154 0.17307692307692307