199 0.11658653846153846 0.3317307692307692 0.1875 0.1971153846153846
89 0.3449519230769231 0.36177884615384615 0.20432692307692307 0.22355769230769232
245 0.5288461538461539 0.6394230769230769 0.20432692307692307 0.20432692307692307
199 0.7560096153846154 0.6670673076923077 0.20432692307692307 0.20432692307692307
244 0.30408653846153844 0.6225961538461539 0.20192307692307693 0.19230769230769232
89 0.08774038461538461 0.6057692307692307 0.17548076923076922 0.22115384615384615
200 0.08413461538461539 0.8413461538461539 0.16826923076923078 0.20673076923076922
88 0.29927884615384615 0.8677884615384616 0.2091346153846154 0.21875
89 0.13942307692307693 0.08653846153846154 0.18269230769230768 0.17307692307692307
245 0.8004807692307693 0.1502403846153846 0.21394230769230768 0.20192307692307693
244 0.5769230769230769 0.12740384615384615 0.19951923076923078 0.18990384615384615
200 0.3629807692307692 0.1045673076923077 0.19471153846153846 0.18990384615384615