244 0.11658653846153846 0.34615384615384615 0.17548076923076922 0.18870192307692307
199 0.34615384615384615 0.3485576923076923 0.1814903846153846 0.1875
244 0.7764423076923077 0.6009615384615384 0.19471153846153846 0.17908653846153846
89 0.12139423076923077 0.6057692307692307 0.17427884615384615 0.16826923076923078
245 0.3293269230769231 0.6081730769230769 0.17307692307692307 0.1778846153846154
199 0.546875 0.609375 0.16346153846153846 0.20192307692307693
200 0.34134615384615385 0.8365384615384616 0.171875 0.18269230769230768
88 0.12139423076923077 0.84375 0.17908653846153846 0.1814903846153846
245 0.7596153846153846 0.0985576923076923 0.16706730769230768 0.17668269230769232
200 0.5576923076923077 0.1045673076923077 0.1658653846153846 0.16826923076923078
88 0.33533653846153844 0.10697115384615384 0.17427884615384615 0.17908653846153846
89 0.11298076923076923 0.10817307692307693 0.18389423076923078 0.17668269230769232