244 0.13822115384615385 0.3004807692307692 0.1971153846153846 0.2091346153846154
199 0.36538461538461536 0.33052884615384615 0.20192307692307693 0.2091346153846154
244 0.7620192307692307 0.6334134615384616 0.21394230769230768 0.20192307692307693
89 0.11177884615384616 0.5588942307692307 0.19230769230769232 0.1875
245 0.3173076923076923 0.5865384615384616 0.19230769230769232 0.1971153846153846
199 0.5336538461538461 0.6141826923076923 0.1875 0.22115384615384615
200 0.3016826923076923 0.8149038461538461 0.19230769230769232 0.20192307692307693
88 0.09014423076923077 0.7932692307692307 0.18028846153846154 0.20192307692307693
245 0.8064903846153846 0.13341346153846154 0.1875 0.19471153846153846
200 0.6057692307692307 0.1141826923076923 0.18509615384615385 0.1875
88 0.38341346153846156 0.09495192307692307 0.19471153846153846 0.18990384615384615
89 0.1622596153846154 0.08052884615384616 0.20432692307692307 0.16105769230769232