244 0.3233173076923077 0.328125 0.19951923076923078 0.19230769230769232
245 0.11177884615384616 0.31490384615384615 0.17307692307692307 0.18509615384615385
89 0.7355769230769231 0.6177884615384616 0.19471153846153846 0.1971153846153846
245 0.296875 0.5817307692307693 0.18028846153846154 0.1875
88 0.09975961538461539 0.5637019230769231 0.17067307692307693 0.1875
199 0.5132211538461539 0.6045673076923077 0.1971153846153846 0.19951923076923078
200 0.08533653846153846 0.7992788461538461 0.17067307692307693 0.20432692307692307
244 0.2824519230769231 0.8209134615384616 0.21153846153846154 0.18509615384615385
200 0.35096153846153844 0.09495192307692307 0.18509615384615385 0.18509615384615385
199 0.5673076923076923 0.11658653846153846 0.17067307692307693 0.1875
88 0.13942307692307693 0.08653846153846154 0.19230769230769232 0.17307692307692307
89 0.7860576923076923 0.140625 0.1778846153846154 0.1971153846153846