91 0.7512019230769231 0.15865384615384615 0.17067307692307693 0.17548076923076922
247 0.34134615384615385 0.39783653846153844 0.1778846153846154 0.1875
202 0.10096153846153846 0.41346153846153844 0.18028846153846154 0.14903846153846154
201 0.12259615384615384 0.6141826923076923 0.17548076923076922 0.19230769230769232
91 0.3401442307692308 0.6394230769230769 0.16826923076923078 0.16346153846153846
247 0.5709134615384616 0.6358173076923077 0.15625 0.18509615384615385
202 0.8161057692307693 0.6286057692307693 0.18990384615384615 0.15625
90 0.125 0.8353365384615384 0.15865384615384615 0.18509615384615385
246 0.3245192307692308 0.8293269230769231 0.17307692307692307 0.18509615384615385
246 0.5264423076923077 0.1201923076923077 0.17548076923076922 0.18269230769230768
90 0.3245192307692308 0.12860576923076922 0.16826923076923078 0.18509615384615385
201 0.09254807692307693 0.13942307692307693 0.1778846153846154 0.1778846153846154