91 0.7692307692307693 0.171875 0.16826923076923078 0.17307692307692307
247 0.3473557692307692 0.3894230769230769 0.17307692307692307 0.18509615384615385
202 0.10697115384615384 0.3918269230769231 0.1778846153846154 0.1466346153846154
201 0.11778846153846154 0.59375 0.17067307692307693 0.18990384615384615
91 0.3329326923076923 0.6310096153846154 0.1658653846153846 0.16105769230769232
247 0.5637019230769231 0.6394230769230769 0.15144230769230768 0.18269230769230768
202 0.8088942307692307 0.6454326923076923 0.1875 0.15384615384615385
90 0.10697115384615384 0.8149038461538461 0.15384615384615385 0.18269230769230768
246 0.3076923076923077 0.8197115384615384 0.16826923076923078 0.18269230769230768
246 0.5456730769230769 0.12259615384615384 0.17067307692307693 0.18028846153846154
90 0.3449519230769231 0.1201923076923077 0.16346153846153846 0.18269230769230768
201 0.11177884615384616 0.11778846153846154 0.17548076923076922 0.17548076923076922