202 0.10817307692307693 0.15504807692307693 0.15985576923076922 0.16826923076923078
91 0.3798076923076923 0.15504807692307693 0.16947115384615385 0.16105769230769232
201 0.1141826923076923 0.34615384615384615 0.17067307692307693 0.1778846153846154
247 0.34134615384615385 0.39783653846153844 0.18509615384615385 0.16826923076923078
201 0.6081730769230769 0.6045673076923077 0.16826923076923078 0.18870192307692307
90 0.3762019230769231 0.609375 0.1814903846153846 0.19471153846153846
247 0.8401442307692307 0.6514423076923077 0.18269230769230768 0.17067307692307693
202 0.11538461538461539 0.6550480769230769 0.17307692307692307 0.18509615384615385
246 0.109375 0.8509615384615384 0.17307692307692307 0.1778846153846154
91 0.34615384615384615 0.9014423076923077 0.16826923076923078 0.16947115384615385
90 0.8677884615384616 0.10336538461538461 0.17908653846153846 0.1814903846153846
246 0.6346153846153846 0.10336538461538461 0.1814903846153846 0.18269230769230768