202 0.08533653846153846 0.18269230769230768 0.17067307692307693 0.1778846153846154
91 0.3557692307692308 0.16466346153846154 0.18028846153846154 0.17307692307692307
201 0.1045673076923077 0.3737980769230769 0.18269230769230768 0.18990384615384615
247 0.33413461538461536 0.40865384615384615 0.1971153846153846 0.18028846153846154
201 0.6153846153846154 0.5973557692307693 0.18028846153846154 0.19951923076923078
90 0.38461538461538464 0.6177884615384616 0.19471153846153846 0.20673076923076922
247 0.8497596153846154 0.6274038461538461 0.19471153846153846 0.18269230769230768
202 0.12740384615384615 0.6814903846153846 0.18509615384615385 0.1971153846153846
246 0.1346153846153846 0.8774038461538461 0.18509615384615385 0.18990384615384615
91 0.3737980769230769 0.9098557692307693 0.18028846153846154 0.18028846153846154
90 0.8389423076923077 0.08774038461538461 0.19230769230769232 0.17548076923076922
246 0.6069711538461539 0.09615384615384616 0.19471153846153846 0.19230769230769232