202 0.15264423076923078 0.109375 0.18028846153846154 0.1875
91 0.4230769230769231 0.14302884615384615 0.1875 0.18028846153846154
201 0.13581730769230768 0.3004807692307692 0.18990384615384615 0.1971153846153846
247 0.3545673076923077 0.3798076923076923 0.20432692307692307 0.18990384615384615
201 0.5949519230769231 0.6165865384615384 0.18990384615384615 0.20673076923076922
90 0.3641826923076923 0.59375 0.20432692307692307 0.21634615384615385
247 0.8197115384615384 0.6923076923076923 0.20192307692307693 0.19230769230769232
202 0.09975961538461539 0.6069711538461539 0.19471153846153846 0.20432692307692307
246 0.0829326923076923 0.8004807692307693 0.1658653846153846 0.1971153846153846
91 0.2980769230769231 0.8798076923076923 0.1875 0.18990384615384615
90 0.90625 0.15144230769230768 0.1875 0.20192307692307693
246 0.6814903846153846 0.12259615384615384 0.20192307692307693 0.20432692307692307