91 0.7908653846153846 0.14423076923076922 0.16105769230769232 0.18028846153846154
202 0.09735576923076923 0.15625 0.16105769230769232 0.16826923076923078
246 0.3329326923076923 0.33052884615384615 0.17067307692307693 0.17908653846153846
247 0.09975961538461539 0.38100961538461536 0.1658653846153846 0.1622596153846154
246 0.7860576923076923 0.5841346153846154 0.16947115384615385 0.171875
201 0.31490384615384615 0.5901442307692307 0.1658653846153846 0.1971153846153846
90 0.0985576923076923 0.5901442307692307 0.16947115384615385 0.17668269230769232
247 0.5408653846153846 0.6286057692307693 0.16826923076923078 0.15264423076923078
202 0.33653846153846156 0.8569711538461539 0.15625 0.17067307692307693
91 0.09735576923076923 0.8629807692307693 0.15625 0.1658653846153846
201 0.3473557692307692 0.10336538461538461 0.16346153846153846 0.18509615384615385
90 0.5805288461538461 0.109375 0.15384615384615385 0.1875