91 0.8028846153846154 0.15504807692307693 0.16826923076923078 0.18509615384615385
202 0.109375 0.14182692307692307 0.1658653846153846 0.17307692307692307
246 0.3389423076923077 0.3245192307692308 0.1778846153846154 0.18509615384615385
247 0.1045673076923077 0.36658653846153844 0.17067307692307693 0.16826923076923078
246 0.7824519230769231 0.59375 0.17548076923076922 0.1778846153846154
201 0.3112980769230769 0.5841346153846154 0.17307692307692307 0.20192307692307693
90 0.09615384615384616 0.5757211538461539 0.17548076923076922 0.18269230769230768
247 0.5360576923076923 0.6298076923076923 0.17307692307692307 0.15865384615384615
202 0.3245192307692308 0.8509615384615384 0.16105769230769232 0.17548076923076922
91 0.08533653846153846 0.8485576923076923 0.16105769230769232 0.17067307692307693
201 0.36177884615384615 0.0985576923076923 0.17067307692307693 0.18990384615384615
90 0.59375 0.11298076923076923 0.16105769230769232 0.19230769230769232