202 0.5673076923076923 0.1502403846153846 0.14903846153846154 0.1658653846153846
91 0.8221153846153846 0.14903846153846154 0.1778846153846154 0.16105769230769232
201 0.36658653846153844 0.35336538461538464 0.18269230769230768 0.1875
247 0.10817307692307693 0.40625 0.17307692307692307 0.17067307692307693
246 0.8545673076923077 0.5877403846153846 0.18028846153846154 0.1971153846153846
90 0.12860576923076922 0.6165865384615384 0.16105769230769232 0.20192307692307693
202 0.35096153846153844 0.6478365384615384 0.17067307692307693 0.1778846153846154
91 0.6045673076923077 0.640625 0.19230769230769232 0.19230769230769232
201 0.14302884615384615 0.8617788461538461 0.18028846153846154 0.1875
247 0.3641826923076923 0.8918269230769231 0.18028846153846154 0.17307692307692307
246 0.3293269230769231 0.11538461538461539 0.16826923076923078 0.18269230769230768
90 0.1141826923076923 0.12980769230769232 0.18269230769230768 0.19230769230769232