202 0.6322115384615384 0.16947115384615385 0.16826923076923078 0.18269230769230768
91 0.8834134615384616 0.21754807692307693 0.19471153846153846 0.18028846153846154
201 0.39663461538461536 0.33052884615384615 0.20192307692307693 0.20673076923076922
247 0.13341346153846154 0.33413461538461536 0.18990384615384615 0.18990384615384615
246 0.8305288461538461 0.6538461538461539 0.20192307692307693 0.21634615384615385
90 0.11298076923076923 0.5432692307692307 0.18269230769230768 0.21875
202 0.32572115384615385 0.6177884615384616 0.18990384615384615 0.19471153846153846
91 0.5757211538461539 0.6586538461538461 0.21153846153846154 0.21153846153846154
201 0.09014423076923077 0.7860576923076923 0.18028846153846154 0.20673076923076922
247 0.2920673076923077 0.859375 0.19951923076923078 0.19230769230769232
246 0.40384615384615385 0.09495192307692307 0.1875 0.18990384615384615
90 0.19110576923076922 0.08413461538461539 0.20432692307692307 0.16826923076923078