91 0.32572115384615385 0.13701923076923078 0.15985576923076922 0.16947115384615385
247 0.7776442307692307 0.14302884615384615 0.18389423076923078 0.15625
201 0.36658653846153844 0.3245192307692308 0.15745192307692307 0.18509615384615385
202 0.109375 0.3557692307692308 0.1622596153846154 0.15985576923076922
90 0.59375 0.5528846153846154 0.17427884615384615 0.18028846153846154
201 0.8040865384615384 0.5552884615384616 0.18269230769230768 0.18028846153846154
91 0.11658653846153846 0.5961538461538461 0.171875 0.1466346153846154
202 0.35216346153846156 0.5985576923076923 0.14423076923076922 0.15264423076923078
246 0.11057692307692307 0.7824519230769231 0.14903846153846154 0.17427884615384615
247 0.32091346153846156 0.8173076923076923 0.1622596153846154 0.17307692307692307
90 0.11899038461538461 0.09735576923076923 0.15985576923076922 0.16947115384615385
201 0.5576923076923077 0.10096153846153846 0.15745192307692307 0.1814903846153846