139 0.20072115384615385 0.09975961538461539 0.21153846153846154 0.17548076923076922
50 0.6610576923076923 0.34975961538461536 0.15144230769230768 0.18990384615384615
228 0.13701923076923078 0.28125 0.14903846153846154 0.18269230769230768
158 0.4891826923076923 0.3329326923076923 0.18990384615384615 0.1971153846153846
220 0.31490384615384615 0.3425480769230769 0.15625 0.15144230769230768
42 0.8449519230769231 0.41947115384615385 0.18028846153846154 0.17307692307692307
228 0.11177884615384616 0.5108173076923077 0.14423076923076922 0.20432692307692307
158 0.6502403846153846 0.5961538461538461 0.18509615384615385 0.21153846153846154
220 0.47836538461538464 0.6033653846153846 0.15144230769230768 0.15384615384615385
139 0.30649038461538464 0.5817307692307693 0.18990384615384615 0.16105769230769232
42 0.8329326923076923 0.6646634615384616 0.17307692307692307 0.1778846153846154
50 0.08173076923076923 0.7379807692307693 0.15144230769230768 0.19230769230769232