91 0.12379807692307693 0.13581730769230768 0.15865384615384615 0.15144230769230768
247 0.34375 0.1466346153846154 0.15144230769230768 0.14302884615384615
201 0.13221153846153846 0.3125 0.1466346153846154 0.17908653846153846
202 0.33653846153846156 0.3605769230769231 0.14783653846153846 0.14903846153846154
90 0.5661057692307693 0.5480769230769231 0.16105769230769232 0.18028846153846154
201 0.3629807692307692 0.5492788461538461 0.14302884615384615 0.17427884615384615
91 0.12980769230769232 0.5877403846153846 0.15985576923076922 0.15264423076923078
202 0.7776442307692307 0.5925480769230769 0.13822115384615385 0.14903846153846154
246 0.35096153846153844 0.7572115384615384 0.15625 0.16706730769230768
247 0.12139423076923077 0.8016826923076923 0.171875 0.14543269230769232
246 0.5769230769230769 0.09254807692307693 0.1502403846153846 0.16947115384615385
90 0.7920673076923077 0.1045673076923077 0.14423076923076922 0.16947115384615385