91 0.09975961538461539 0.16346153846153846 0.16826923076923078 0.16105769230769232
247 0.31971153846153844 0.15865384615384615 0.16105769230769232 0.15384615384615385
201 0.1201923076923077 0.3389423076923077 0.15865384615384615 0.18990384615384615
202 0.3269230769230769 0.37259615384615385 0.15865384615384615 0.15865384615384615
90 0.5697115384615384 0.5432692307692307 0.17307692307692307 0.18990384615384615
201 0.36658653846153844 0.5588942307692307 0.15384615384615385 0.18269230769230768
91 0.13701923076923078 0.6129807692307693 0.17067307692307693 0.16346153846153846
202 0.7836538461538461 0.5733173076923077 0.14903846153846154 0.15865384615384615
246 0.36899038461538464 0.7668269230769231 0.16826923076923078 0.1778846153846154
247 0.14302884615384615 0.8269230769230769 0.18269230769230768 0.15625
246 0.546875 0.0889423076923077 0.16105769230769232 0.1778846153846154
90 0.7632211538461539 0.08774038461538461 0.15625 0.17548076923076922