247 0.12620192307692307 0.13581730769230768 0.17548076923076922 0.18269230769230768
91 0.3737980769230769 0.15504807692307693 0.1778846153846154 0.1658653846153846
246 0.3605769230769231 0.33413461538461536 0.17548076923076922 0.19230769230769232
202 0.1045673076923077 0.3701923076923077 0.18028846153846154 0.17307692307692307
201 0.34615384615384615 0.5925480769230769 0.1875 0.1971153846153846
90 0.8257211538461539 0.6274038461538461 0.18269230769230768 0.21153846153846154
91 0.5769230769230769 0.6550480769230769 0.17067307692307693 0.17067307692307693
247 0.09014423076923077 0.6213942307692307 0.17067307692307693 0.17307692307692307
246 0.3269230769230769 0.828125 0.1875 0.1875
202 0.08173076923076923 0.8545673076923077 0.16346153846153846 0.18028846153846154
201 0.6262019230769231 0.12620192307692307 0.1778846153846154 0.19471153846153846
90 0.8581730769230769 0.14543269230769232 0.1875 0.1971153846153846