248 0.35336538461538464 0.328125 0.21995192307692307 0.18269230769230768
92 0.12620192307692307 0.33413461538461536 0.19831730769230768 0.17908653846153846
92 0.8533653846153846 0.5697115384615384 0.2091346153846154 0.19831730769230768
203 0.6129807692307693 0.5709134615384616 0.21514423076923078 0.19471153846153846
248 0.36658653846153844 0.5745192307692307 0.22596153846153846 0.1935096153846154
203 0.12379807692307693 0.5769230769230769 0.21514423076923078 0.17548076923076922
248 0.12139423076923077 0.8040865384615384 0.2091346153846154 0.19831730769230768
92 0.36538461538461536 0.8088942307692307 0.21394230769230768 0.18870192307692307
248 0.6045673076923077 0.11298076923076923 0.21875 0.17548076923076922
92 0.36658653846153844 0.11538461538461539 0.21153846153846154 0.19110576923076922
203 0.8485576923076923 0.12139423076923077 0.22235576923076922 0.1971153846153846
203 0.12259615384615384 0.12139423076923077 0.22115384615384615 0.1971153846153846