248 0.11057692307692307 0.375 0.22115384615384615 0.21153846153846154
92 0.3389423076923077 0.34975961538461536 0.2403846153846154 0.23557692307692307
248 0.1346153846153846 0.6057692307692307 0.24278846153846154 0.20192307692307693
92 0.375 0.578125 0.23317307692307693 0.24278846153846154
203 0.8497596153846154 0.5180288461538461 0.2403846153846154 0.21875
203 0.6081730769230769 0.5540865384615384 0.23557692307692307 0.22596153846153846
92 0.17548076923076922 0.828125 0.21634615384615385 0.20192307692307693
248 0.4074519230769231 0.8112980769230769 0.24759615384615385 0.22115384615384615
203 0.31850961538461536 0.12620192307692307 0.24519230769230768 0.21394230769230768
203 0.10096153846153846 0.15865384615384615 0.20192307692307693 0.20192307692307693
92 0.5540865384615384 0.09975961538461539 0.23317307692307693 0.19951923076923078
248 0.78125 0.08653846153846154 0.23557692307692307 0.17307692307692307