248 0.12379807692307693 0.32091346153846156 0.21514423076923078 0.18269230769230768
92 0.36177884615384615 0.3293269230769231 0.2127403846153846 0.20793269230769232
248 0.12379807692307693 0.5540865384615384 0.21995192307692307 0.17307692307692307
92 0.36538461538461536 0.5600961538461539 0.20552884615384615 0.21514423076923078
203 0.84375 0.5661057692307693 0.21634615384615385 0.19110576923076922
203 0.5997596153846154 0.5685096153846154 0.2091346153846154 0.19831730769230768
92 0.13341346153846154 0.7800480769230769 0.19471153846153846 0.17668269230769232
248 0.36538461538461536 0.7956730769230769 0.22355769230769232 0.19230769230769232
203 0.37259615384615385 0.1045673076923077 0.22235576923076922 0.18389423076923078
203 0.13942307692307693 0.1045673076923077 0.20793269230769232 0.17548076923076922
92 0.609375 0.10817307692307693 0.21153846153846154 0.17668269230769232
248 0.8389423076923077 0.11298076923076923 0.2127403846153846 0.18028846153846154