228 0.47596153846153844 0.12379807692307693 0.11658653846153846 0.18389423076923078
139 0.3016826923076923 0.15745192307692307 0.18990384615384615 0.15144230769230768
220 0.11298076923076923 0.16466346153846154 0.15504807692307693 0.1622596153846154
42 0.11778846153846154 0.3918269230769231 0.1658653846153846 0.1502403846153846
158 0.6394230769230769 0.5985576923076923 0.1875 0.20192307692307693
228 0.09615384615384616 0.6057692307692307 0.1310096153846154 0.18629807692307693
50 0.44471153846153844 0.6057692307692307 0.12620192307692307 0.19230769230769232
220 0.8377403846153846 0.6502403846153846 0.14302884615384615 0.14903846153846154
42 0.27884615384615385 0.6514423076923077 0.14903846153846154 0.15504807692307693
139 0.140625 0.8858173076923077 0.19591346153846154 0.15384615384615385
50 0.8473557692307693 0.11899038461538461 0.11298076923076923 0.17908653846153846
158 0.6694711538461539 0.12139423076923077 0.16947115384615385 0.19471153846153846