134 0.2608173076923077 0.3076923076923077 0.15144230769230768 0.14423076923076922
60 0.4050480769230769 0.31490384615384615 0.12259615384615384 0.14182692307692307
60 0.5504807692307693 0.31971153846153844 0.11778846153846154 0.13942307692307693
112 0.6983173076923077 0.3233173076923077 0.11778846153846154 0.14182692307692307
112 0.0829326923076923 0.31490384615384615 0.11538461538461539 0.14182692307692307
134 0.875 0.3317307692307692 0.16346153846153846 0.15625
112 0.078125 0.5228365384615384 0.12740384615384615 0.15625
60 0.8798076923076923 0.5384615384615384 0.11538461538461539 0.14423076923076922
60 0.2283653846153846 0.5288461538461539 0.11538461538461539 0.14182692307692307
112 0.37259615384615385 0.53125 0.12259615384615384 0.14182692307692307
134 0.5504807692307693 0.5360576923076923 0.15144230769230768 0.13942307692307693
134 0.7283653846153846 0.5420673076923077 0.1658653846153846 0.15144230769230768
126 0.46875 0.765625 0.1466346153846154 0.11538461538461539
104 0.1935096153846154 0.7632211538461539 0.11057692307692307 0.1201923076923077
52 0.31971153846153844 0.7644230769230769 0.10817307692307693 0.11298076923076923
126 0.6310096153846154 0.7704326923076923 0.15865384615384615 0.12259615384615384
104 0.7764423076923077 0.7740384615384616 0.10817307692307693 0.10576923076923077
52 0.06850961538461539 0.7644230769230769 0.11778846153846154 0.09615384615384616
60 0.7055288461538461 0.09975961538461539 0.11778846153846154 0.14423076923076922
60 0.0733173076923077 0.09014423076923077 0.125 0.15384615384615385
134 0.8786057692307693 0.1045673076923077 0.17548076923076922 0.15144230769230768
112 0.22115384615384615 0.09495192307692307 0.12980769230769232 0.1466346153846154
112 0.3762019230769231 0.09975961538461539 0.125 0.13701923076923078
134 0.5516826923076923 0.1045673076923077 0.15865384615384615 0.1658653846153846