134 0.25721153846153844 0.3125 0.14903846153846154 0.140625
60 0.4014423076923077 0.3161057692307692 0.11899038461538461 0.13942307692307693
60 0.546875 0.31850961538461536 0.11538461538461539 0.13822115384615385
112 0.6947115384615384 0.31971153846153844 0.11538461538461539 0.140625
112 0.07932692307692307 0.32211538461538464 0.11298076923076923 0.13942307692307693
134 0.8725961538461539 0.32572115384615385 0.15985576923076922 0.15264423076923078
112 0.078125 0.5300480769230769 0.125 0.15504807692307693
60 0.8810096153846154 0.53125 0.11298076923076923 0.14302884615384615
60 0.2283653846153846 0.5336538461538461 0.11177884615384616 0.13942307692307693
112 0.37259615384615385 0.5336538461538461 0.1201923076923077 0.13942307692307693
134 0.5516826923076923 0.5348557692307693 0.14903846153846154 0.13581730769230768
134 0.7295673076923077 0.5384615384615384 0.16346153846153846 0.14903846153846154
126 0.4735576923076923 0.765625 0.14543269230769232 0.11177884615384616
104 0.19831730769230768 0.7680288461538461 0.10817307692307693 0.11899038461538461
52 0.3245192307692308 0.7680288461538461 0.10697115384615384 0.11057692307692307
126 0.6358173076923077 0.7680288461538461 0.15745192307692307 0.11899038461538461
104 0.78125 0.7692307692307693 0.10697115384615384 0.10336538461538461
52 0.0733173076923077 0.7716346153846154 0.11538461538461539 0.09375
60 0.6983173076923077 0.09615384615384616 0.11538461538461539 0.14182692307692307
60 0.06610576923076923 0.09735576923076923 0.12139423076923077 0.15264423076923078
134 0.8713942307692307 0.0985576923076923 0.171875 0.14783653846153846
112 0.21394230769230768 0.09975961538461539 0.12620192307692307 0.14543269230769232
112 0.36899038461538464 0.10216346153846154 0.12259615384615384 0.1346153846153846
134 0.5444711538461539 0.10336538461538461 0.15625 0.16346153846153846