52 0.5240384615384616 0.23317307692307693 0.12740384615384615 0.12740384615384615
104 0.6598557692307693 0.21875 0.14423076923076922 0.13701923076923078
104 0.203125 0.2848557692307692 0.1466346153846154 0.1346153846153846
126 0.3762019230769231 0.2620192307692308 0.18509615384615385 0.14423076923076922
52 0.07091346153846154 0.31009615384615385 0.14182692307692307 0.16346153846153846
126 0.8353365384615384 0.20432692307692307 0.1875 0.1466346153846154
52 0.4206730769230769 0.48677884615384615 0.13221153846153846 0.14182692307692307
104 0.10096153846153846 0.5336538461538461 0.16346153846153846 0.15384615384615385
126 0.27163461538461536 0.5108173076923077 0.1778846153846154 0.15384615384615385
126 0.5817307692307693 0.4699519230769231 0.18509615384615385 0.15144230769230768
104 0.7355769230769231 0.45072115384615385 0.14182692307692307 0.13221153846153846
52 0.8737980769230769 0.4326923076923077 0.13701923076923078 0.13701923076923078