114 0.47115384615384615 0.1201923076923077 0.13701923076923078 0.1502403846153846
62 0.30288461538461536 0.12259615384615384 0.13221153846153846 0.15264423076923078
111 0.10096153846153846 0.2980769230769231 0.13581730769230768 0.15865384615384615
59 0.26802884615384615 0.30408653846153844 0.1346153846153846 0.1466346153846154
133 0.46875 0.3125 0.1935096153846154 0.16947115384615385
59 0.3125 0.5444711538461539 0.13341346153846154 0.16105769230769232
133 0.5 0.5516826923076923 0.1814903846153846 0.1658653846153846
136 0.12379807692307693 0.5841346153846154 0.1778846153846154 0.171875
62 0.6754807692307693 0.5877403846153846 0.12620192307692307 0.17067307692307693
111 0.10336538461538461 0.7896634615384616 0.140625 0.17067307692307693
114 0.27884615384615385 0.8269230769230769 0.15625 0.16706730769230768
136 0.12259615384615384 0.11658653846153846 0.17548076923076922 0.17067307692307693