136 0.1658653846153846 0.09254807692307693 0.20673076923076922 0.18509615384615385
133 0.14903846153846154 0.27884615384615385 0.21394230769230768 0.18990384615384615
114 0.328125 0.3425480769230769 0.16105769230769232 0.1971153846153846
62 0.515625 0.38461538461538464 0.18990384615384615 0.19230769230769232
59 0.07572115384615384 0.53125 0.15144230769230768 0.17307692307692307
126 0.2668269230769231 0.5733173076923077 0.21153846153846154 0.16826923076923078
59 0.3641826923076923 0.0733173076923077 0.15144230769230768 0.1466346153846154
133 0.27884615384615385 0.8088942307692307 0.2091346153846154 0.20192307692307693
111 0.08173076923076923 0.7776442307692307 0.16346153846153846 0.19951923076923078
114 0.6514423076923077 0.9002403846153846 0.1778846153846154 0.19951923076923078
62 0.45913461538461536 0.8822115384615384 0.15625 0.18509615384615385
111 0.5384615384615384 0.09735576923076923 0.17548076923076922 0.1875