62 0.28966346153846156 0.1346153846153846 0.14423076923076922 0.17548076923076922
111 0.5144230769230769 0.34375 0.1466346153846154 0.15625
114 0.1201923076923077 0.35697115384615385 0.14423076923076922 0.17548076923076922
136 0.32091346153846156 0.37740384615384615 0.19230769230769232 0.18028846153846154
59 0.10336538461538461 0.5588942307692307 0.15144230769230768 0.16105769230769232
133 0.47115384615384615 0.5925480769230769 0.20432692307692307 0.18028846153846154
114 0.2608173076923077 0.6045673076923077 0.14903846153846154 0.17548076923076922
62 0.6454326923076923 0.6418269230769231 0.13701923076923078 0.17548076923076922
111 0.30288461538461536 0.8064903846153846 0.13942307692307693 0.17548076923076922
136 0.1141826923076923 0.8365384615384616 0.19471153846153846 0.1778846153846154
59 0.125 0.08774038461538461 0.14903846153846154 0.16346153846153846
133 0.48677884615384615 0.11538461538461539 0.18269230769230768 0.1658653846153846