62 0.2127403846153846 0.19110576923076922 0.15625 0.18509615384615385
111 0.47836538461538464 0.34375 0.15625 0.1658653846153846
114 0.09735576923076923 0.44591346153846156 0.15625 0.18509615384615385
136 0.2980769230769231 0.421875 0.20432692307692307 0.19230769230769232
59 0.12620192307692307 0.6466346153846154 0.16346153846153846 0.17067307692307693
133 0.49278846153846156 0.5973557692307693 0.21634615384615385 0.19471153846153846
114 0.29086538461538464 0.65625 0.16105769230769232 0.1875
62 0.6730769230769231 0.6045673076923077 0.15144230769230768 0.18509615384615385
111 0.3762019230769231 0.84375 0.15384615384615385 0.18509615384615385
136 0.19951923076923078 0.9086538461538461 0.20673076923076922 0.18269230769230768
59 0.06129807692307692 0.18269230769230768 0.12259615384615384 0.17307692307692307
133 0.4014423076923077 0.12860576923076922 0.19471153846153846 0.1778846153846154