59 0.08653846153846154 0.125 0.13221153846153846 0.1466346153846154
126 0.27524038461538464 0.14182692307692307 0.18028846153846154 0.13701923076923078
133 0.6658653846153846 0.359375 0.19110576923076922 0.20072115384615385
111 0.453125 0.3605769230769231 0.13701923076923078 0.16826923076923078
114 0.265625 0.39903846153846156 0.14423076923076922 0.1778846153846154
62 0.0985576923076923 0.4026442307692308 0.1502403846153846 0.18389423076923078
133 0.2824519230769231 0.6165865384615384 0.171875 0.16706730769230768
62 0.07572115384615384 0.6490384615384616 0.12980769230769232 0.16466346153846154
111 0.2668269230769231 0.8461538461538461 0.14543269230769232 0.16346153846153846
59 0.6658653846153846 0.8473557692307693 0.13701923076923078 0.17427884615384615
136 0.47836538461538464 0.8786057692307693 0.171875 0.16105769230769232
114 0.0889423076923077 0.8822115384615384 0.15504807692307693 0.17067307692307693