62 0.09495192307692307 0.14543269230769232 0.13701923076923078 0.16105769230769232
59 0.27524038461538464 0.3329326923076923 0.12740384615384615 0.15865384615384615
133 0.4699519230769231 0.3449519230769231 0.18509615384615385 0.18990384615384615
111 0.10576923076923077 0.33533653846153844 0.14182692307692307 0.14423076923076922
136 0.6838942307692307 0.38221153846153844 0.17067307692307693 0.19951923076923078
114 0.8557692307692307 0.4014423076923077 0.1466346153846154 0.14903846153846154
133 0.2824519230769231 0.5793269230769231 0.1778846153846154 0.19230769230769232
111 0.4651442307692308 0.5865384615384616 0.14423076923076922 0.14903846153846154
136 0.6634615384615384 0.6370192307692307 0.18509615384615385 0.17067307692307693
62 0.0829326923076923 0.6237980769230769 0.14182692307692307 0.16826923076923078
59 0.26322115384615385 0.8064903846153846 0.13701923076923078 0.15384615384615385
114 0.08173076923076923 0.8521634615384616 0.16346153846153846 0.17548076923076922