136 0.3425480769230769 0.11298076923076923 0.19951923076923078 0.1971153846153846
114 0.14302884615384615 0.09495192307692307 0.17067307692307693 0.18028846153846154
133 0.3137019230769231 0.31009615384615385 0.18990384615384615 0.1971153846153846
62 0.1201923076923077 0.32091346153846156 0.15144230769230768 0.17067307692307693
111 0.84375 0.6033653846153846 0.13942307692307693 0.18509615384615385
59 0.2692307692307692 0.5384615384615384 0.1346153846153846 0.15865384615384615
133 0.46033653846153844 0.5637019230769231 0.19230769230769232 0.18990384615384615
136 0.6538461538461539 0.6201923076923077 0.20673076923076922 0.2091346153846154
114 0.08653846153846154 0.5588942307692307 0.16346153846153846 0.17307692307692307
62 0.07091346153846154 0.7752403846153846 0.14182692307692307 0.18028846153846154
59 0.5372596153846154 0.10697115384615384 0.13701923076923078 0.17307692307692307
111 0.6887019230769231 0.12860576923076922 0.15144230769230768 0.16826923076923078