127 0.37259615384615385 0.11298076923076923 0.21634615384615385 0.1658653846153846
105 0.17427884615384615 0.09134615384615384 0.19230769230769232 0.17067307692307693
135 0.3317307692307692 0.3125 0.20673076923076922 0.22115384615384615
113 0.12379807692307693 0.2848557692307692 0.17067307692307693 0.20673076923076922
53 0.53125 0.36538461538461536 0.18509615384615385 0.1971153846153846
61 0.6490384615384616 0.6009615384615384 0.15144230769230768 0.1875
135 0.4699519230769231 0.5841346153846154 0.19471153846153846 0.2091346153846154
53 0.2860576923076923 0.5925480769230769 0.18509615384615385 0.16105769230769232
105 0.10336538461538461 0.5721153846153846 0.19230769230769232 0.17067307692307693
113 0.06971153846153846 0.7680288461538461 0.13942307692307693 0.19471153846153846
127 0.27884615384615385 0.8317307692307693 0.23798076923076922 0.20432692307692307
61 0.5528846153846154 0.09735576923076923 0.14903846153846154 0.1875