127 0.32572115384615385 0.1310096153846154 0.20192307692307693 0.14423076923076922
105 0.12620192307692307 0.1346153846153846 0.17548076923076922 0.15144230769230768
135 0.31009615384615385 0.33413461538461536 0.18509615384615385 0.19951923076923078
113 0.09975961538461539 0.3317307692307692 0.14903846153846154 0.19230769230769232
53 0.5144230769230769 0.36177884615384615 0.1658653846153846 0.1778846153846154
61 0.6598557692307693 0.5817307692307693 0.13221153846153846 0.17307692307692307
135 0.4807692307692308 0.5877403846153846 0.17307692307692307 0.18990384615384615
53 0.2980769230769231 0.6177884615384616 0.17067307692307693 0.14182692307692307
105 0.11538461538461539 0.6189903846153846 0.17548076923076922 0.15144230769230768
113 0.0985576923076923 0.8185096153846154 0.13701923076923078 0.18028846153846154
127 0.32091346153846156 0.8557692307692307 0.21875 0.18028846153846154
61 0.5036057692307693 0.09375 0.12980769230769232 0.17307692307692307