50 0.8461538461538461 0.12139423076923077 0.12379807692307693 0.18870192307692307
139 0.3112980769230769 0.15625 0.18028846153846154 0.16346153846153846
220 0.4891826923076923 0.16105769230769232 0.14182692307692307 0.14783653846153846
42 0.12259615384615384 0.3918269230769231 0.16466346153846154 0.14182692307692307
50 0.27283653846153844 0.5877403846153846 0.1141826923076923 0.18269230769230768
158 0.6442307692307693 0.5961538461538461 0.16826923076923078 0.18990384615384615
220 0.11538461538461539 0.6237980769230769 0.14543269230769232 0.1622596153846154
42 0.45913461538461536 0.640625 0.15384615384615385 0.14423076923076922
139 0.8521634615384616 0.6418269230769231 0.18269230769230768 0.1502403846153846
228 0.10576923076923077 0.8293269230769231 0.13701923076923078 0.1875
158 0.6670673076923077 0.11778846153846154 0.1502403846153846 0.19591346153846154
228 0.10096153846153846 0.11899038461538461 0.1466346153846154 0.18870192307692307