50 0.7740384615384616 0.08533653846153846 0.15384615384615385 0.17067307692307693
139 0.2548076923076923 0.19471153846153846 0.20673076923076922 0.19230769230769232
220 0.43028846153846156 0.16826923076923078 0.1658653846153846 0.17067307692307693
42 0.109375 0.45913461538461536 0.1875 0.16826923076923078
50 0.2920673076923077 0.6262019230769231 0.14423076923076922 0.19951923076923078
158 0.6586538461538461 0.5697115384615384 0.19951923076923078 0.21634615384615385
220 0.14302884615384615 0.6887019230769231 0.17067307692307693 0.18509615384615385
42 0.484375 0.6454326923076923 0.17548076923076922 0.16826923076923078
139 0.8713942307692307 0.578125 0.20673076923076922 0.18028846153846154
228 0.16947115384615385 0.8930288461538461 0.16826923076923078 0.2091346153846154
158 0.5985576923076923 0.10216346153846154 0.18269230769230768 0.20432692307692307
228 0.06490384615384616 0.19230769230769232 0.12980769230769232 0.21153846153846154