127 0.28725961538461536 0.14423076923076922 0.20552884615384615 0.140625
105 0.8509615384615384 0.1466346153846154 0.18389423076923078 0.14423076923076922
53 0.484375 0.15625 0.1502403846153846 0.13341346153846154
135 0.11298076923076923 0.33653846153846156 0.1814903846153846 0.21153846153846154
135 0.28125 0.5889423076923077 0.19110576923076922 0.19110576923076922
113 0.4723557692307692 0.6009615384615384 0.14302884615384615 0.18990384615384615
127 0.8858173076923077 0.6310096153846154 0.19951923076923078 0.1466346153846154
105 0.6754807692307693 0.6334134615384616 0.18629807692307693 0.16466346153846154
53 0.09495192307692307 0.6334134615384616 0.15264423076923078 0.15865384615384615
61 0.08413461538461539 0.8377403846153846 0.12860576923076922 0.19230769230769232
113 0.6550480769230769 0.10576923076923077 0.12860576923076922 0.1814903846153846
61 0.0829326923076923 0.10576923076923077 0.13581730769230768 0.17427884615384615