127 0.27524038461538464 0.15144230769230768 0.2091346153846154 0.1466346153846154
105 0.8389423076923077 0.1346153846153846 0.18990384615384615 0.15144230769230768
53 0.4723557692307692 0.15745192307692307 0.15384615384615385 0.13942307692307693
135 0.10697115384615384 0.34975961538461536 0.18990384615384615 0.21875
135 0.2848557692307692 0.5961538461538461 0.1971153846153846 0.1971153846153846
113 0.47596153846153844 0.6021634615384616 0.14903846153846154 0.19471153846153846
127 0.890625 0.6177884615384616 0.20432692307692307 0.15384615384615385
105 0.6802884615384616 0.6274038461538461 0.19230769230769232 0.17067307692307693
53 0.09975961538461539 0.6478365384615384 0.15865384615384615 0.16346153846153846
61 0.09615384615384616 0.8521634615384616 0.1346153846153846 0.1971153846153846
113 0.640625 0.10096153846153846 0.1346153846153846 0.18509615384615385
61 0.06971153846153846 0.1201923076923077 0.13942307692307693 0.1778846153846154