135 0.12259615384615384 0.12740384615384615 0.17908653846153846 0.19591346153846154
61 0.8990384615384616 0.12980769230769232 0.1502403846153846 0.19230769230769232
105 0.33533653846153844 0.16346153846153846 0.18629807692307693 0.15865384615384615
127 0.5444711538461539 0.16466346153846154 0.19110576923076922 0.1466346153846154
53 0.109375 0.40384615384615385 0.15384615384615385 0.15745192307692307
61 0.6862980769230769 0.6189903846153846 0.12620192307692307 0.18990384615384615
113 0.32091346153846156 0.6274038461538461 0.13341346153846154 0.18990384615384615
53 0.8725961538461539 0.6634615384615384 0.15384615384615385 0.15985576923076922
105 0.5228365384615384 0.6646634615384616 0.16466346153846154 0.1622596153846154
127 0.13701923076923078 0.6694711538461539 0.1935096153846154 0.15504807692307693
135 0.12740384615384615 0.8737980769230769 0.1814903846153846 0.19471153846153846
113 0.7295673076923077 0.12379807692307693 0.13701923076923078 0.18509615384615385