105 0.9014423076923077 0.14423076923076922 0.17067307692307693 0.1658653846153846
127 0.11538461538461539 0.17067307692307693 0.19471153846153846 0.17548076923076922
53 0.09735576923076923 0.4050480769230769 0.16105769230769232 0.14903846153846154
61 0.6923076923076923 0.5865384615384616 0.13221153846153846 0.18509615384615385
113 0.5144230769230769 0.6033653846153846 0.1346153846153846 0.18509615384615385
127 0.12620192307692307 0.6370192307692307 0.19951923076923078 0.17067307692307693
105 0.8846153846153846 0.6262019230769231 0.17307692307692307 0.16346153846153846
127 0.3401442307692308 0.6430288461538461 0.1875 0.16346153846153846
53 0.1045673076923077 0.8894230769230769 0.15144230769230768 0.15865384615384615
135 0.4951923076923077 0.10697115384615384 0.22596153846153846 0.16826923076923078
113 0.6995192307692307 0.11298076923076923 0.16105769230769232 0.17548076923076922
61 0.28846153846153844 0.12379807692307693 0.125 0.18269230769230768