107 0.11057692307692307 0.3161057692307692 0.15144230769230768 0.1875
54 0.2704326923076923 0.5817307692307693 0.15384615384615385 0.18269230769230768
129 0.6983173076923077 0.6213942307692307 0.19230769230769232 0.1971153846153846
107 0.08774038461538461 0.5709134615384616 0.14423076923076922 0.1778846153846154
55 0.8810096153846154 0.6418269230769231 0.13942307692307693 0.17548076923076922
128 0.4807692307692308 0.609375 0.18509615384615385 0.19471153846153846
106 0.0733173076923077 0.8100961538461539 0.1466346153846154 0.20192307692307693
106 0.7487980769230769 0.12860576923076922 0.15144230769230768 0.18990384615384615
128 0.16105769230769232 0.08533653846153846 0.1778846153846154 0.17067307692307693
54 0.5709134615384616 0.11658653846153846 0.1346153846153846 0.17548076923076922
55 0.9254807692307693 0.14783653846153846 0.13942307692307693 0.18509615384615385
129 0.3786057692307692 0.10096153846153846 0.1971153846153846 0.18990384615384615