42 0.33653846153846156 0.17067307692307693 0.15865384615384615 0.15865384615384615
139 0.13942307692307693 0.39663461538461536 0.19230769230769232 0.1658653846153846
50 0.3269230769230769 0.5997596153846154 0.13701923076923078 0.19951923076923078
158 0.1346153846153846 0.6117788461538461 0.17307692307692307 0.19951923076923078
228 0.11177884615384616 0.8425480769230769 0.125 0.17307692307692307
139 0.49038461538461536 0.8894230769230769 0.1875 0.15865384615384615
220 0.6826923076923077 0.890625 0.15144230769230768 0.12980769230769232
42 0.29447115384615385 0.8918269230769231 0.1778846153846154 0.16826923076923078
228 0.7067307692307693 0.11538461538461539 0.15384615384615385 0.22115384615384615
50 0.8774038461538461 0.11778846153846154 0.12980769230769232 0.20192307692307693
158 0.13341346153846154 0.11899038461538461 0.17307692307692307 0.20192307692307693
158 0.5252403846153846 0.12259615384615384 0.1778846153846154 0.18028846153846154