42 0.3137019230769231 0.18269230769230768 0.16826923076923078 0.16826923076923078
139 0.13341346153846154 0.421875 0.20432692307692307 0.1778846153846154
50 0.33413461538461536 0.6117788461538461 0.15144230769230768 0.2091346153846154
158 0.14302884615384615 0.6370192307692307 0.1875 0.21153846153846154
228 0.13701923076923078 0.8689903846153846 0.13701923076923078 0.18028846153846154
139 0.5180288461538461 0.8894230769230769 0.1971153846153846 0.17067307692307693
220 0.7091346153846154 0.8774038461538461 0.16105769230769232 0.13942307692307693
42 0.32211538461538464 0.9050480769230769 0.1875 0.1778846153846154
228 0.6790865384615384 0.10817307692307693 0.17067307692307693 0.21634615384615385
50 0.8485576923076923 0.0985576923076923 0.14423076923076922 0.1971153846153846
158 0.10817307692307693 0.14543269230769232 0.1875 0.21394230769230768
158 0.4987980769230769 0.12139423076923077 0.18990384615384615 0.19230769230769232