129 0.35697115384615385 0.10817307692307693 0.20192307692307693 0.19471153846153846
54 0.109375 0.3161057692307692 0.16346153846153846 0.17307692307692307
55 0.4483173076923077 0.6045673076923077 0.13701923076923078 0.19230769230769232
107 0.27283653846153844 0.5841346153846154 0.15144230769230768 0.19951923076923078
54 0.6189903846153846 0.6322115384615384 0.13942307692307693 0.19951923076923078
106 0.08774038461538461 0.5685096153846154 0.1658653846153846 0.18990384615384615
129 0.8233173076923077 0.6610576923076923 0.19471153846153846 0.19471153846153846
128 0.09134615384615384 0.8088942307692307 0.18269230769230768 0.19471153846153846
128 0.7572115384615384 0.1502403846153846 0.20673076923076922 0.18990384615384615
55 0.9399038461538461 0.17427884615384615 0.1201923076923077 0.18990384615384615
106 0.14543269230769232 0.0829326923076923 0.15625 0.1658653846153846
107 0.5564903846153846 0.12740384615384615 0.15625 0.18028846153846154