129 0.3701923076923077 0.10336538461538461 0.20673076923076922 0.19951923076923078
54 0.11658653846153846 0.30288461538461536 0.16826923076923078 0.1778846153846154
55 0.44471153846153844 0.6033653846153846 0.14423076923076922 0.1971153846153846
107 0.2704326923076923 0.5769230769230769 0.15625 0.20192307692307693
54 0.6141826923076923 0.6358173076923077 0.1466346153846154 0.20192307692307693
106 0.08533653846153846 0.5540865384615384 0.17067307692307693 0.19471153846153846
129 0.8173076923076923 0.671875 0.19951923076923078 0.19951923076923078
128 0.08774038461538461 0.7920673076923077 0.17548076923076922 0.19951923076923078
128 0.7692307692307693 0.15985576923076922 0.21153846153846154 0.1971153846153846
55 0.9435096153846154 0.18990384615384615 0.11298076923076923 0.19230769230769232
106 0.15985576923076922 0.07692307692307693 0.16105769230769232 0.15384615384615385
107 0.5697115384615384 0.12980769230769232 0.16346153846153846 0.18509615384615385