128 0.11298076923076923 0.3389423076923077 0.18509615384615385 0.1875
129 0.6526442307692307 0.6057692307692307 0.18028846153846154 0.20192307692307693
128 0.8786057692307693 0.6165865384615384 0.18990384615384615 0.1971153846153846
55 0.07211538461538461 0.5913461538461539 0.1346153846153846 0.17307692307692307
106 0.24879807692307693 0.6033653846153846 0.14423076923076922 0.17067307692307693
107 0.4362980769230769 0.6129807692307693 0.14423076923076922 0.17307692307692307
54 0.06850961538461539 0.8257211538461539 0.12740384615384615 0.1875
106 0.4567307692307692 0.11177884615384616 0.13942307692307693 0.17067307692307693
129 0.671875 0.12379807692307693 0.18269230769230768 0.18028846153846154
55 0.09254807692307693 0.10336538461538461 0.12980769230769232 0.16346153846153846
54 0.8605769230769231 0.1310096153846154 0.12740384615384615 0.17548076923076922
107 0.2692307692307692 0.11177884615384616 0.14182692307692307 0.1875