129 0.1141826923076923 0.35336538461538464 0.18028846153846154 0.18269230769230768
129 0.29086538461538464 0.6045673076923077 0.18269230769230768 0.19110576923076922
54 0.08533653846153846 0.6045673076923077 0.1310096153846154 0.17548076923076922
107 0.48677884615384615 0.6129807692307693 0.13701923076923078 0.18028846153846154
128 0.8930288461538461 0.6129807692307693 0.1778846153846154 0.18269230769230768
106 0.6742788461538461 0.6237980769230769 0.13822115384615385 0.17548076923076922
55 0.08413461538461539 0.8605769230769231 0.13822115384615385 0.17548076923076922
54 0.0829326923076923 0.1141826923076923 0.11899038461538461 0.17067307692307693
107 0.25841346153846156 0.11778846153846154 0.14543269230769232 0.16346153846153846
106 0.4495192307692308 0.11899038461538461 0.15985576923076922 0.16466346153846154
55 0.8545673076923077 0.12259615384615384 0.12379807692307693 0.16466346153846154
128 0.671875 0.12379807692307693 0.17548076923076922 0.17427884615384615