109 0.5793269230769231 0.12259615384615384 0.15865384615384615 0.16826923076923078
131 0.8052884615384616 0.09134615384615384 0.18028846153846154 0.17067307692307693
57 0.06370192307692307 0.42427884615384615 0.12740384615384615 0.16105769230769232
108 0.7307692307692307 0.5012019230769231 0.15865384615384615 0.18990384615384615
130 0.12379807692307693 0.5997596153846154 0.17548076923076922 0.19230769230769232
52 0.8978365384615384 0.5 0.1346153846153846 0.1346153846153846
109 0.30288461538461536 0.6117788461538461 0.16105769230769232 0.17067307692307693
131 0.5288461538461539 0.5769230769230769 0.18509615384615385 0.18509615384615385
56 0.18870192307692307 0.8064903846153846 0.14182692307692307 0.17307692307692307
56 0.40384615384615385 0.10817307692307693 0.13221153846153846 0.1778846153846154
108 0.23918269230769232 0.13581730769230768 0.14423076923076922 0.18028846153846154
130 0.0733173076923077 0.16346153846153846 0.1466346153846154 0.1875