131 0.5877403846153846 0.14423076923076922 0.18269230769230768 0.17067307692307693
109 0.34975961538461536 0.11298076923076923 0.1658653846153846 0.19951923076923078
57 0.10576923076923077 0.30288461538461536 0.1658653846153846 0.16346153846153846
130 0.12139423076923077 0.49038461538461536 0.18509615384615385 0.1875
108 0.3088942307692308 0.5168269230769231 0.14182692307692307 0.18990384615384615
104 0.9026442307692307 0.6189903846153846 0.15144230769230768 0.15144230769230768
131 0.5048076923076923 0.5793269230769231 0.17548076923076922 0.17548076923076922
57 0.6923076923076923 0.6177884615384616 0.16346153846153846 0.16105769230769232
56 0.11177884615384616 0.7019230769230769 0.14903846153846154 0.19471153846153846
56 0.8016826923076923 0.13581730769230768 0.1346153846153846 0.17548076923076922
108 0.9507211538461539 0.15985576923076922 0.0985576923076923 0.19471153846153846
130 0.17908653846153846 0.078125 0.19951923076923078 0.15625