131 0.5817307692307693 0.14302884615384615 0.18028846153846154 0.16826923076923078
109 0.3425480769230769 0.11658653846153846 0.16346153846153846 0.19951923076923078
57 0.10216346153846154 0.3088942307692308 0.16346153846153846 0.16105769230769232
130 0.12139423076923077 0.49759615384615385 0.18269230769230768 0.18509615384615385
108 0.3088942307692308 0.5204326923076923 0.13942307692307693 0.1875
104 0.9038461538461539 0.6117788461538461 0.14903846153846154 0.14903846153846154
131 0.5060096153846154 0.5793269230769231 0.17307692307692307 0.17307692307692307
57 0.6947115384615384 0.6141826923076923 0.16105769230769232 0.15865384615384615
56 0.1141826923076923 0.7079326923076923 0.1466346153846154 0.19230769230769232
56 0.7944711538461539 0.1310096153846154 0.13221153846153846 0.17307692307692307
108 0.9483173076923077 0.15144230769230768 0.10336538461538461 0.19230769230769232
130 0.171875 0.08052884615384616 0.19471153846153846 0.16105769230769232