126 0.9206730769230769 0.1502403846153846 0.15625 0.13822115384615385
109 0.2980769230769231 0.16105769230769232 0.14783653846153846 0.15865384615384615
131 0.09975961538461539 0.16105769230769232 0.16706730769230768 0.14783653846153846
57 0.6790865384615384 0.1658653846153846 0.14903846153846154 0.1502403846153846
108 0.11177884615384616 0.3401442307692308 0.13701923076923078 0.17067307692307693
108 0.3137019230769231 0.5745192307692307 0.13822115384615385 0.18028846153846154
130 0.5252403846153846 0.5769230769230769 0.16947115384615385 0.18269230769230768
52 0.9146634615384616 0.6069711538461539 0.13581730769230768 0.12259615384615384
131 0.09495192307692307 0.6237980769230769 0.16826923076923078 0.15144230769230768
109 0.71875 0.6262019230769231 0.13701923076923078 0.16706730769230768
56 0.12980769230769232 0.8028846153846154 0.13822115384615385 0.18269230769230768
56 0.5132211538461539 0.1201923076923077 0.12980769230769232 0.15865384615384615