126 0.8533653846153846 0.0829326923076923 0.1778846153846154 0.16346153846153846
109 0.24278846153846154 0.20072115384615385 0.17307692307692307 0.18269230769230768
131 0.07091346153846154 0.234375 0.14182692307692307 0.17548076923076922
57 0.6177884615384616 0.13942307692307693 0.17307692307692307 0.17307692307692307
108 0.09014423076923077 0.4098557692307692 0.16346153846153846 0.19230769230769232
108 0.3293269230769231 0.6057692307692307 0.16826923076923078 0.20192307692307693
130 0.5384615384615384 0.5709134615384616 0.19951923076923078 0.2091346153846154
52 0.9242788461538461 0.5336538461538461 0.15144230769230768 0.14423076923076922
131 0.12259615384615384 0.6923076923076923 0.19230769230769232 0.1778846153846154
109 0.7367788461538461 0.5865384615384616 0.16346153846153846 0.1875
56 0.1875 0.8629807692307693 0.16826923076923078 0.20432692307692307
56 0.44711538461538464 0.12379807692307693 0.15625 0.1778846153846154