52 0.9026442307692307 0.13581730769230768 0.125 0.1201923076923077
131 0.2800480769230769 0.16346153846153846 0.15865384615384615 0.15384615384615385
109 0.47716346153846156 0.16466346153846154 0.14903846153846154 0.14182692307692307
56 0.13581730769230768 0.3449519230769231 0.125 0.17548076923076922
130 0.2920673076923077 0.5649038461538461 0.16346153846153846 0.17307692307692307
108 0.08533653846153846 0.5697115384615384 0.125 0.16346153846153846
126 0.8882211538461539 0.5817307692307693 0.17548076923076922 0.12980769230769232
57 0.6658653846153846 0.6069711538461539 0.14423076923076922 0.13942307692307693
109 0.46875 0.6117788461538461 0.1466346153846154 0.14182692307692307
56 0.14302884615384615 0.7896634615384616 0.13221153846153846 0.17067307692307693
130 0.71875 0.11538461538461539 0.17067307692307693 0.16346153846153846
108 0.07211538461538461 0.12740384615384615 0.13701923076923078 0.15865384615384615