52 0.9086538461538461 0.14302884615384615 0.12259615384615384 0.11778846153846154
131 0.2860576923076923 0.15985576923076922 0.15625 0.15144230769230768
109 0.4831730769230769 0.16466346153846154 0.14783653846153846 0.13822115384615385
56 0.13822115384615385 0.3389423076923077 0.12139423076923077 0.17307692307692307
130 0.29086538461538464 0.5612980769230769 0.16105769230769232 0.16947115384615385
108 0.08413461538461539 0.5625 0.12259615384615384 0.1622596153846154
126 0.8870192307692307 0.5889423076923077 0.17307692307692307 0.12740384615384615
57 0.6634615384615384 0.609375 0.14302884615384615 0.13581730769230768
109 0.46634615384615385 0.6117788461538461 0.14423076923076922 0.13822115384615385
56 0.13822115384615385 0.7836538461538461 0.12860576923076922 0.16826923076923078
130 0.7259615384615384 0.11899038461538461 0.16826923076923078 0.15985576923076922
108 0.078125 0.1201923076923077 0.1346153846153846 0.15745192307692307