52 0.8954326923076923 0.12860576923076922 0.12740384615384615 0.12259615384615384
131 0.27403846153846156 0.16706730769230768 0.16105769230769232 0.15625
109 0.47115384615384615 0.1658653846153846 0.15144230769230768 0.14423076923076922
56 0.13341346153846154 0.35216346153846156 0.12740384615384615 0.1778846153846154
130 0.2932692307692308 0.5685096153846154 0.1658653846153846 0.17548076923076922
108 0.08653846153846154 0.5769230769230769 0.12740384615384615 0.1658653846153846
126 0.8894230769230769 0.5757211538461539 0.1778846153846154 0.13221153846153846
57 0.6670673076923077 0.6033653846153846 0.1466346153846154 0.14182692307692307
109 0.4699519230769231 0.6129807692307693 0.14903846153846154 0.14423076923076922
56 0.14783653846153846 0.7956730769230769 0.1346153846153846 0.17307692307692307
130 0.7127403846153846 0.11177884615384616 0.17307692307692307 0.1658653846153846
108 0.0673076923076923 0.13341346153846154 0.1346153846153846 0.16105769230769232