110 0.09975961538461539 0.3112980769230769 0.1622596153846154 0.16105769230769232
132 0.11177884615384616 0.5240384615384616 0.19591346153846154 0.17307692307692307
58 0.3076923076923077 0.5288461538461539 0.16947115384615385 0.15384615384615385
110 0.4951923076923077 0.5300480769230769 0.16346153846153846 0.16105769230769232
132 0.890625 0.5336538461538461 0.1971153846153846 0.16947115384615385
110 0.6875 0.5348557692307693 0.16706730769230768 0.15384615384615385
58 0.08774038461538461 0.7211538461538461 0.16105769230769232 0.16826923076923078
110 0.3173076923076923 0.11177884615384616 0.1778846153846154 0.15985576923076922
58 0.5036057692307693 0.11177884615384616 0.15144230769230768 0.1502403846153846
58 0.8978365384615384 0.1141826923076923 0.15745192307692307 0.16346153846153846
132 0.11057692307692307 0.1141826923076923 0.19831730769230768 0.1502403846153846
132 0.7007211538461539 0.1201923076923077 0.1935096153846154 0.1622596153846154