110 0.10336538461538461 0.30408653846153844 0.1658653846153846 0.16346153846153846
132 0.11177884615384616 0.5168269230769231 0.19951923076923078 0.17548076923076922
58 0.3076923076923077 0.5252403846153846 0.17307692307692307 0.15625
110 0.4951923076923077 0.5300480769230769 0.1658653846153846 0.16346153846153846
132 0.8894230769230769 0.5408653846153846 0.19951923076923078 0.17307692307692307
110 0.6862980769230769 0.5384615384615384 0.17067307692307693 0.15625
58 0.08413461538461539 0.7139423076923077 0.16346153846153846 0.17067307692307693
110 0.3245192307692308 0.10817307692307693 0.18028846153846154 0.16346153846153846
58 0.5108173076923077 0.11177884615384616 0.15384615384615385 0.15384615384615385
58 0.9050480769230769 0.12139423076923077 0.16105769230769232 0.1658653846153846
132 0.11778846153846154 0.10697115384615384 0.20192307692307693 0.15384615384615385
132 0.7067307692307693 0.12379807692307693 0.1971153846153846 0.1658653846153846