110 0.10697115384615384 0.296875 0.16826923076923078 0.1658653846153846
132 0.11057692307692307 0.5108173076923077 0.20192307692307693 0.18028846153846154
58 0.30649038461538464 0.5216346153846154 0.17548076923076922 0.15865384615384615
110 0.49399038461538464 0.5300480769230769 0.16826923076923078 0.1658653846153846
132 0.8894230769230769 0.546875 0.20192307692307693 0.17548076923076922
110 0.6862980769230769 0.5408653846153846 0.17307692307692307 0.15865384615384615
58 0.08173076923076923 0.7067307692307693 0.16346153846153846 0.17307692307692307
110 0.33052884615384615 0.10576923076923077 0.18269230769230768 0.1658653846153846
58 0.5168269230769231 0.11177884615384616 0.15625 0.15625
58 0.9110576923076923 0.12860576923076922 0.16346153846153846 0.16826923076923078
132 0.12379807692307693 0.10096153846153846 0.20432692307692307 0.15625
132 0.7139423076923077 0.12740384615384615 0.19951923076923078 0.16826923076923078