158 0.5012019230769231 0.12259615384615384 0.1658653846153846 0.18509615384615385
50 0.125 0.11177884615384616 0.13221153846153846 0.1778846153846154
220 0.6838942307692307 0.1658653846153846 0.14182692307692307 0.15384615384615385
139 0.8665865384615384 0.17307692307692307 0.1778846153846154 0.14903846153846154
42 0.30408653846153844 0.15985576923076922 0.17307692307692307 0.14182692307692307
228 0.11658653846153846 0.33413461538461536 0.12259615384615384 0.1778846153846154
228 0.47475961538461536 0.5913461538461539 0.11778846153846154 0.18509615384615385
158 0.6610576923076923 0.5985576923076923 0.1658653846153846 0.18028846153846154
50 0.8329326923076923 0.6081730769230769 0.13221153846153846 0.17548076923076922
139 0.30408653846153844 0.6213942307692307 0.18990384615384615 0.15144230769230768
220 0.11658653846153846 0.6165865384615384 0.15144230769230768 0.13701923076923078
42 0.11778846153846154 0.8461538461538461 0.1658653846153846 0.15384615384615385