158 0.45552884615384615 0.125 0.17307692307692307 0.19230769230769232
50 0.08052884615384616 0.15985576923076922 0.14182692307692307 0.18269230769230768
220 0.6418269230769231 0.1466346153846154 0.14903846153846154 0.16105769230769232
139 0.8233173076923077 0.1310096153846154 0.18269230769230768 0.15865384615384615
42 0.2644230769230769 0.18629807692307693 0.18028846153846154 0.14903846153846154
228 0.0985576923076923 0.38221153846153844 0.13221153846153846 0.18269230769230768
228 0.48677884615384615 0.59375 0.125 0.18990384615384615
158 0.671875 0.578125 0.17548076923076922 0.1875
50 0.84375 0.5661057692307693 0.14182692307692307 0.18269230769230768
139 0.32091346153846156 0.6442307692307693 0.1971153846153846 0.15865384615384615
220 0.1346153846153846 0.6622596153846154 0.15865384615384615 0.14423076923076922
42 0.1622596153846154 0.890625 0.17307692307692307 0.16105769230769232