158 0.4879807692307692 0.12259615384615384 0.15865384615384615 0.18028846153846154
50 0.11177884615384616 0.125 0.12620192307692307 0.17307692307692307
220 0.671875 0.15985576923076922 0.13581730769230768 0.1502403846153846
139 0.8545673076923077 0.16105769230769232 0.171875 0.14423076923076922
42 0.2920673076923077 0.16706730769230768 0.16947115384615385 0.13581730769230768
228 0.11057692307692307 0.3473557692307692 0.11658653846153846 0.17307692307692307
228 0.47836538461538464 0.5925480769230769 0.11057692307692307 0.1814903846153846
158 0.6646634615384616 0.5925480769230769 0.16105769230769232 0.17427884615384615
50 0.8365384615384616 0.5961538461538461 0.12620192307692307 0.171875
139 0.3088942307692308 0.6286057692307693 0.18509615384615385 0.14423076923076922
220 0.12139423076923077 0.6298076923076923 0.1466346153846154 0.1310096153846154
42 0.12980769230769232 0.859375 0.15985576923076922 0.14783653846153846