63 0.9230769230769231 0.27524038461538464 0.1346153846153846 0.11057692307692307
63 0.7536057692307693 0.27524038461538464 0.15625 0.11057692307692307
169 0.5661057692307693 0.28365384615384615 0.1875 0.12259615384615384
169 0.23076923076923078 0.2848557692307692 0.18269230769230768 0.10817307692307693
154 0.06370192307692307 0.2860576923076923 0.11057692307692307 0.12259615384615384
154 0.40024038461538464 0.28846153846153844 0.10096153846153846 0.11538461538461539
169 0.23197115384615385 0.4387019230769231 0.1875 0.14423076923076922
63 0.9242788461538461 0.44350961538461536 0.13942307692307693 0.11778846153846154
63 0.6262019230769231 0.4483173076923077 0.13942307692307693 0.10576923076923077
169 0.4411057692307692 0.4495192307692308 0.18509615384615385 0.1201923076923077
154 0.06971153846153846 0.453125 0.10576923076923077 0.11538461538461539
154 0.7740384615384616 0.4567307692307692 0.11538461538461539 0.10817307692307693
169 0.39903846153846156 0.6165865384615384 0.1971153846153846 0.12980769230769232
63 0.21634615384615385 0.6189903846153846 0.14903846153846154 0.11057692307692307
169 0.9026442307692307 0.6201923076923077 0.1875 0.125
63 0.5913461538461539 0.6225961538461539 0.14423076923076922 0.1201923076923077
154 0.0673076923076923 0.6274038461538461 0.10096153846153846 0.12259615384615384
154 0.7367788461538461 0.6322115384615384 0.10096153846153846 0.12980769230769232
63 0.7584134615384616 0.10576923076923077 0.14423076923076922 0.10576923076923077
63 0.921875 0.109375 0.14903846153846154 0.12259615384615384
154 0.2764423076923077 0.11177884615384616 0.11057692307692307 0.11538461538461539
154 0.6129807692307693 0.11298076923076923 0.10096153846153846 0.11057692307692307
169 0.10336538461538461 0.11298076923076923 0.1778846153846154 0.12980769230769232
169 0.4387019230769231 0.11298076923076923 0.18990384615384615 0.13221153846153846