168 0.5384615384615384 0.234375 0.20432692307692307 0.14423076923076922
153 0.8641826923076923 0.18629807692307693 0.1201923076923077 0.12259615384615384
40 0.7199519230769231 0.21394230769230768 0.15384615384615385 0.13221153846153846
171 0.18990384615384615 0.3112980769230769 0.19471153846153846 0.15865384615384615
230 0.36899038461538464 0.28125 0.15865384615384615 0.15384615384615385
156 0.046875 0.35096153846153844 0.09375 0.13942307692307693
40 0.4807692307692308 0.41225961538461536 0.16826923076923078 0.125
153 0.18269230769230768 0.4723557692307692 0.12740384615384615 0.11778846153846154
168 0.6598557692307693 0.3894230769230769 0.1971153846153846 0.15384615384615385
171 0.8521634615384616 0.3557692307692308 0.20432692307692307 0.16826923076923078
156 0.06129807692307692 0.4987980769230769 0.12259615384615384 0.14182692307692307
230 0.3293269230769231 0.4543269230769231 0.14423076923076922 0.14423076923076922
168 0.4014423076923077 0.5901442307692307 0.18990384615384615 0.14182692307692307
40 0.2247596153846154 0.625 0.15625 0.12740384615384615
230 0.7067307692307693 0.5528846153846154 0.15144230769230768 0.14903846153846154
153 0.5709134615384616 0.578125 0.1201923076923077 0.11778846153846154
171 0.859375 0.53125 0.1778846153846154 0.14903846153846154
156 0.09495192307692307 0.6682692307692307 0.125 0.1466346153846154
168 0.27283653846153844 0.7848557692307693 0.1875 0.13701923076923078
40 0.9254807692307693 0.671875 0.14903846153846154 0.11778846153846154
153 0.12259615384615384 0.8209134615384616 0.11778846153846154 0.11778846153846154
230 0.6550480769230769 0.7307692307692307 0.15384615384615385 0.13942307692307693
171 0.4723557692307692 0.7644230769230769 0.20192307692307693 0.15625
156 0.7944711538461539 0.7139423076923077 0.11778846153846154 0.14423076923076922
153 0.828125 0.04447115384615385 0.14182692307692307 0.0889423076923077
168 0.515625 0.08052884615384616 0.1875 0.13701923076923078
40 0.6899038461538461 0.054086538461538464 0.14903846153846154 0.10817307692307693
40 0.28725961538461536 0.9459134615384616 0.15144230769230768 0.10817307692307693
168 0.7908653846153846 0.8641826923076923 0.1875 0.13942307692307693
153 0.1466346153846154 0.9627403846153846 0.11538461538461539 0.07451923076923077
171 0.46274038461538464 0.9302884615384616 0.18509615384615385 0.13942307692307693
230 0.6141826923076923 0.9110576923076923 0.14423076923076922 0.13221153846153846
156 0.9447115384615384 0.8569711538461539 0.11057692307692307 0.14182692307692307
230 0.14783653846153846 0.15625 0.15384615384615385 0.13942307692307693
171 0.32211538461538464 0.12740384615384615 0.19471153846153846 0.15144230769230768
156 0.038461538461538464 0.1814903846153846 0.07692307692307693 0.14182692307692307