168 0.5841346153846154 0.24519230769230768 0.18629807692307693 0.1141826923076923
153 0.9134615384615384 0.2548076923076923 0.10216346153846154 0.10697115384615384
40 0.7668269230769231 0.25600961538461536 0.13701923076923078 0.109375
171 0.22716346153846154 0.2608173076923077 0.17548076923076922 0.1310096153846154
230 0.40865384615384615 0.2620192307692308 0.13701923076923078 0.13221153846153846
156 0.06610576923076923 0.27163461538461536 0.10576923076923077 0.12259615384615384
40 0.4963942307692308 0.4098557692307692 0.15264423076923078 0.10096153846153846
153 0.19230769230769232 0.4170673076923077 0.11057692307692307 0.09975961538461539
168 0.6766826923076923 0.4182692307692308 0.17908653846153846 0.125
171 0.8713942307692307 0.41947115384615385 0.18389423076923078 0.13822115384615385
156 0.06850961538461539 0.4230769230769231 0.10096153846153846 0.12740384615384615
230 0.3401442307692308 0.4254807692307692 0.125 0.125
168 0.3870192307692308 0.5721153846153846 0.171875 0.1141826923076923
40 0.20673076923076922 0.5757211538461539 0.13942307692307693 0.1045673076923077
230 0.6947115384615384 0.5877403846153846 0.1310096153846154 0.12860576923076922
153 0.5564903846153846 0.5889423076923077 0.1045673076923077 0.10216346153846154
171 0.8485576923076923 0.59375 0.15985576923076922 0.12379807692307693
156 0.07211538461538461 0.5949519230769231 0.1045673076923077 0.1310096153846154
168 0.22716346153846154 0.7415865384615384 0.171875 0.10817307692307693
40 0.8930288461538461 0.7439903846153846 0.13822115384615385 0.09615384615384616
153 0.07211538461538461 0.75 0.10096153846153846 0.10216346153846154
230 0.6129807692307693 0.7548076923076923 0.1346153846153846 0.11899038461538461
171 0.4266826923076923 0.7560096153846154 0.18269230769230768 0.12620192307692307
156 0.7524038461538461 0.7620192307692307 0.09615384615384616 0.12980769230769232
153 0.9074519230769231 0.08774038461538461 0.12259615384615384 0.11538461538461539
168 0.5877403846153846 0.0889423076923077 0.17067307692307693 0.109375
40 0.7668269230769231 0.0889423076923077 0.1346153846153846 0.09615384615384616
40 0.21153846153846154 0.9074519230769231 0.13822115384615385 0.09495192307692307
168 0.7235576923076923 0.9086538461538461 0.171875 0.11177884615384616
153 0.06850961538461539 0.9194711538461539 0.09735576923076923 0.109375
171 0.3894230769230769 0.921875 0.16706730769230768 0.12259615384615384
230 0.5408653846153846 0.9242788461538461 0.12740384615384615 0.11057692307692307
156 0.8798076923076923 0.9290865384615384 0.09375 0.12740384615384615
230 0.2127403846153846 0.09975961538461539 0.1346153846153846 0.11899038461538461
171 0.3894230769230769 0.10216346153846154 0.17668269230769232 0.12379807692307693
156 0.07572115384615384 0.10336538461538461 0.10697115384615384 0.12620192307692307