185 0.6634615384615384 0.20552884615384615 0.1658653846153846 0.14182692307692307
155 0.3125 0.2620192307692308 0.1201923076923077 0.125
170 0.4855769230769231 0.24278846153846154 0.19230769230769232 0.15625
162 0.8533653846153846 0.19831730769230768 0.1971153846153846 0.17307692307692307
147 0.1935096153846154 0.29447115384615385 0.12259615384615384 0.14903846153846154
1 0.06129807692307692 0.31490384615384615 0.12259615384615384 0.16346153846153846
185 0.4050480769230769 0.41947115384615385 0.14903846153846154 0.13942307692307693
170 0.24519230769230768 0.44350961538461536 0.19471153846153846 0.13942307692307693
155 0.5420673076923077 0.4026442307692308 0.13701923076923078 0.13221153846153846
1 0.0733173076923077 0.47836538461538464 0.1466346153846154 0.14903846153846154
162 0.7175480769230769 0.390625 0.19230769230769232 0.14903846153846154
147 0.8870192307692307 0.3713942307692308 0.13701923076923078 0.13701923076923078
170 0.7740384615384616 0.5336538461538461 0.19230769230769232 0.1466346153846154
185 0.5853365384615384 0.5612980769230769 0.15625 0.15384615384615385
155 0.23317307692307693 0.6201923076923077 0.1346153846153846 0.12980769230769232
162 0.4074519230769231 0.5997596153846154 0.19951923076923078 0.16105769230769232
1 0.09735576923076923 0.6466346153846154 0.16346153846153846 0.15865384615384615
147 0.9375 0.5288461538461539 0.125 0.13942307692307693
185 0.8485576923076923 0.036057692307692304 0.14903846153846154 0.07211538461538461
170 0.6658653846153846 0.057692307692307696 0.20192307692307693 0.11538461538461539
155 0.49399038461538464 0.06610576923076923 0.125 0.1201923076923077
185 0.12139423076923077 0.8016826923076923 0.15384615384615385 0.13221153846153846
155 0.5961538461538461 0.7403846153846154 0.11538461538461539 0.14182692307692307
170 0.42427884615384615 0.7644230769230769 0.1875 0.14182692307692307
1 0.7451923076923077 0.7259615384615384 0.16346153846153846 0.16346153846153846
162 0.9098557692307693 0.7055288461538461 0.18028846153846154 0.1658653846153846
147 0.2692307692307692 0.7980769230769231 0.1201923076923077 0.14903846153846154
147 0.3701923076923077 0.09375 0.12259615384615384 0.14182692307692307
162 0.2127403846153846 0.11658653846153846 0.19471153846153846 0.15384615384615385
1 0.054086538461538464 0.14543269230769232 0.10817307692307693 0.15144230769230768
185 0.14423076923076922 0.9495192307692307 0.15865384615384615 0.10096153846153846
170 0.9266826923076923 0.8557692307692307 0.1466346153846154 0.14423076923076922
155 0.78125 0.8870192307692307 0.125 0.12259615384615384
162 0.32091346153846156 0.9362980769230769 0.19471153846153846 0.12740384615384615
1 0.5012019230769231 0.9278846153846154 0.16105769230769232 0.14423076923076922
147 0.6514423076923077 0.9170673076923077 0.12740384615384615 0.1466346153846154