185 0.703125 0.23076923076923078 0.1502403846153846 0.12259615384615384
155 0.3473557692307692 0.23798076923076922 0.10576923076923077 0.11177884615384616
170 0.5216346153846154 0.24278846153846154 0.17548076923076922 0.13341346153846154
162 0.8918269230769231 0.25 0.1778846153846154 0.14903846153846154
147 0.2247596153846154 0.2536057692307692 0.10336538461538461 0.13701923076923078
1 0.0733173076923077 0.2536057692307692 0.14182692307692307 0.14423076923076922
185 0.4170673076923077 0.4074519230769231 0.13221153846153846 0.12259615384615384
170 0.25600961538461536 0.40865384615384615 0.18028846153846154 0.11538461538461539
155 0.5552884615384616 0.4098557692307692 0.12139423076923077 0.11658653846153846
1 0.078125 0.4206730769230769 0.1346153846153846 0.1310096153846154
162 0.7307692307692307 0.421875 0.17548076923076922 0.12620192307692307
147 0.9014423076923077 0.4266826923076923 0.12139423076923077 0.1201923076923077
170 0.7668269230769231 0.5709134615384616 0.17668269230769232 0.12379807692307693
185 0.5757211538461539 0.5721153846153846 0.13942307692307693 0.1346153846153846
155 0.21875 0.5817307692307693 0.11899038461538461 0.1141826923076923
162 0.3942307692307692 0.5853365384615384 0.18269230769230768 0.13701923076923078
1 0.08052884615384616 0.5889423076923077 0.14543269230769232 0.13942307692307693
147 0.9350961538461539 0.5901442307692307 0.11778846153846154 0.12379807692307693
185 0.9146634615384616 0.06129807692307692 0.13581730769230768 0.109375
170 0.7283653846153846 0.06850961538461539 0.1875 0.12379807692307693
155 0.5540865384615384 0.06971153846153846 0.11057692307692307 0.10576923076923077
185 0.0829326923076923 0.7463942307692307 0.13822115384615385 0.1141826923076923
155 0.5612980769230769 0.7512019230769231 0.0985576923076923 0.12860576923076922
170 0.38822115384615385 0.7512019230769231 0.17307692307692307 0.11778846153846154
1 0.7115384615384616 0.7584134615384616 0.14543269230769232 0.14543269230769232
162 0.8894230769230769 0.7632211538461539 0.18509615384615385 0.140625
147 0.22956730769230768 0.7632211538461539 0.10216346153846154 0.13701923076923078
147 0.42788461538461536 0.07932692307692307 0.1045673076923077 0.12860576923076922
162 0.2692307692307692 0.08052884615384616 0.1778846153846154 0.1310096153846154
1 0.078125 0.0829326923076923 0.15144230769230768 0.13221153846153846
185 0.0829326923076923 0.9146634615384616 0.14302884615384615 0.11778846153846154
170 0.8978365384615384 0.9158653846153846 0.1814903846153846 0.1201923076923077
155 0.7247596153846154 0.921875 0.11057692307692307 0.10817307692307693
162 0.2608173076923077 0.9242788461538461 0.17668269230769232 0.13581730769230768
1 0.4411057692307692 0.9290865384615384 0.14423076923076922 0.1346153846153846
147 0.5925480769230769 0.9338942307692307 0.11057692307692307 0.13221153846153846