185 0.7391826923076923 0.2620192307692308 0.1658653846153846 0.14182692307692307
155 0.3858173076923077 0.21875 0.1201923076923077 0.125
170 0.5576923076923077 0.24879807692307693 0.19230769230769232 0.15625
162 0.9122596153846154 0.30528846153846156 0.17548076923076922 0.17307692307692307
147 0.2620192307692308 0.21754807692307693 0.12259615384615384 0.14903846153846154
1 0.11177884615384616 0.1971153846153846 0.16105769230769232 0.16346153846153846
185 0.43028846153846156 0.39663461538461536 0.14903846153846154 0.13942307692307693
170 0.27163461538461536 0.375 0.19471153846153846 0.13942307692307693
155 0.5673076923076923 0.4182692307692308 0.13701923076923078 0.13221153846153846
1 0.09375 0.3629807692307692 0.15144230769230768 0.14903846153846154
162 0.7391826923076923 0.4543269230769231 0.19230769230769232 0.14903846153846154
147 0.9074519230769231 0.4831730769230769 0.13701923076923078 0.13701923076923078
170 0.7548076923076923 0.6069711538461539 0.19230769230769232 0.1466346153846154
185 0.5649038461538461 0.5817307692307693 0.15625 0.15384615384615385
155 0.21033653846153846 0.5420673076923077 0.1346153846153846 0.12980769230769232
162 0.38341346153846156 0.5697115384615384 0.19951923076923078 0.16105769230769232
1 0.07692307692307693 0.5288461538461539 0.15384615384615385 0.15865384615384615
147 0.9182692307692307 0.6502403846153846 0.1346153846153846 0.13942307692307693
185 0.9483173076923077 0.12379807692307693 0.10336538461538461 0.12740384615384615
170 0.7860576923076923 0.1045673076923077 0.20192307692307693 0.14903846153846154
155 0.6129807692307693 0.08173076923076923 0.125 0.1201923076923077
185 0.06490384615384616 0.6862980769230769 0.12980769230769232 0.13221153846153846
155 0.5252403846153846 0.7572115384615384 0.11538461538461539 0.14182692307692307
170 0.3545673076923077 0.7331730769230769 0.1875 0.14182692307692307
1 0.6730769230769231 0.7848557692307693 0.16346153846153846 0.16346153846153846
162 0.8485576923076923 0.8149038461538461 0.20192307692307693 0.1658653846153846
147 0.19591346153846154 0.7235576923076923 0.1201923076923077 0.14903846153846154
147 0.48677884615384615 0.0733173076923077 0.12259615384615384 0.14182692307692307
162 0.328125 0.06490384615384616 0.19471153846153846 0.12980769230769232
1 0.13942307692307693 0.051682692307692304 0.16826923076923078 0.10336538461538461
185 0.054086538461538464 0.8521634615384616 0.10817307692307693 0.13701923076923078
170 0.8365384615384616 0.9471153846153846 0.1971153846153846 0.10576923076923077
155 0.6634615384615384 0.9435096153846154 0.125 0.11298076923076923
162 0.20432692307692307 0.8870192307692307 0.19471153846153846 0.15865384615384615
1 0.38221153846153844 0.9170673076923077 0.16105769230769232 0.15384615384615385
147 0.5300480769230769 0.9338942307692307 0.12740384615384615 0.13221153846153846