185 0.4387019230769231 0.2620192307692308 0.16826923076923078 0.1466346153846154
170 0.7644230769230769 0.31490384615384615 0.19471153846153846 0.14423076923076922
155 0.5877403846153846 0.29086538461538464 0.13221153846153846 0.13221153846153846
1 0.9350961538461539 0.35697115384615385 0.12980769230769232 0.15144230769230768
147 0.08774038461538461 0.22355769230769232 0.11778846153846154 0.15144230769230768
162 0.25600961538461536 0.2512019230769231 0.19471153846153846 0.15144230769230768
185 0.9206730769230769 0.5132211538461539 0.15865384615384615 0.1466346153846154
170 0.22716346153846154 0.40865384615384615 0.19471153846153846 0.1346153846153846
155 0.7764423076923077 0.5 0.125 0.13221153846153846
1 0.41947115384615385 0.4495192307692308 0.15625 0.14423076923076922
162 0.6081730769230769 0.484375 0.19951923076923078 0.16105769230769232
147 0.06490384615384616 0.39903846153846156 0.1201923076923077 0.13701923076923078
185 0.2644230769230769 0.05889423076923077 0.14903846153846154 0.11778846153846154
170 0.7860576923076923 0.13942307692307693 0.20673076923076922 0.14423076923076922
155 0.41346153846153844 0.0889423076923077 0.12259615384615384 0.14182692307692307
1 0.9459134615384616 0.17908653846153846 0.10817307692307693 0.15144230769230768
162 0.5829326923076923 0.12259615384615384 0.19471153846153846 0.15384615384615385
147 0.1141826923076923 0.056490384615384616 0.11298076923076923 0.11298076923076923