2 0.5384615384615384 0.23677884615384615 0.16105769230769232 0.13701923076923078
164 0.3581730769230769 0.25841346153846156 0.1875 0.15625
148 0.8894230769230769 0.203125 0.11057692307692307 0.14903846153846154
3 0.17427884615384615 0.2800480769230769 0.16346153846153846 0.14182692307692307
163 0.7211538461538461 0.22716346153846154 0.18269230769230768 0.15144230769230768
149 0.04447115384615385 0.3016826923076923 0.0889423076923077 0.13701923076923078
149 0.051682692307692304 0.45552884615384615 0.10336538461538461 0.13221153846153846
2 0.19110576923076922 0.44591346153846156 0.14903846153846154 0.14182692307692307
3 0.5564903846153846 0.4098557692307692 0.14182692307692307 0.14182692307692307
163 0.8978365384615384 0.3762019230769231 0.18269230769230768 0.14903846153846154
164 0.3713942307692308 0.43149038461538464 0.18509615384615385 0.15625
148 0.7271634615384616 0.3942307692307692 0.12259615384615384 0.14903846153846154
2 0.5697115384615384 0.5769230769230769 0.17548076923076922 0.14423076923076922
148 0.9230769230769231 0.5396634615384616 0.11298076923076923 0.13701923076923078
163 0.2283653846153846 0.6129807692307693 0.18990384615384615 0.15865384615384615
149 0.06971153846153846 0.6310096153846154 0.1201923076923077 0.14903846153846154
164 0.7584134615384616 0.5600961538461539 0.18269230769230768 0.15144230769230768
3 0.41225961538461536 0.5985576923076923 0.14423076923076922 0.14182692307692307
2 0.5889423076923077 0.7391826923076923 0.14903846153846154 0.1466346153846154
3 0.42427884615384615 0.7584134615384616 0.16105769230769232 0.14423076923076922
163 0.7740384615384616 0.7211538461538461 0.18269230769230768 0.13221153846153846
164 0.25 0.7776442307692307 0.18028846153846154 0.1658653846153846
148 0.0829326923076923 0.796875 0.11298076923076923 0.13942307692307693
164 0.18028846153846154 0.10697115384615384 0.18269230769230768 0.15144230769230768
149 0.9375 0.7079326923076923 0.125 0.13221153846153846
3 0.3605769230769231 0.0889423076923077 0.15865384615384615 0.13942307692307693
148 0.6646634615384616 0.06370192307692307 0.11778846153846154 0.12740384615384615
163 0.8293269230769231 0.055288461538461536 0.1971153846153846 0.11057692307692307
2 0.5204326923076923 0.07692307692307693 0.14903846153846154 0.13701923076923078
149 0.039663461538461536 0.1310096153846154 0.07932692307692307 0.14182692307692307
3 0.7800480769230769 0.8858173076923077 0.14903846153846154 0.13942307692307693
164 0.59375 0.9074519230769231 0.18990384615384615 0.15625
2 0.2439903846153846 0.9387019230769231 0.1466346153846154 0.12259615384615384
148 0.10216346153846154 0.9471153846153846 0.11298076923076923 0.10576923076923077
149 0.9230769230769231 0.8737980769230769 0.12980769230769232 0.12980769230769232
163 0.39663461538461536 0.9314903846153846 0.1778846153846154 0.13701923076923078