2 0.5480769230769231 0.23918269230769232 0.15625 0.13221153846153846
164 0.36658653846153844 0.2536057692307692 0.18269230769230768 0.15144230769230768
148 0.8990384615384616 0.21634615384615385 0.10576923076923077 0.1466346153846154
3 0.18269230769230768 0.2692307692307692 0.15865384615384615 0.13701923076923078
163 0.7307692307692307 0.23557692307692307 0.1778846153846154 0.14423076923076922
149 0.046875 0.2848557692307692 0.09375 0.13221153846153846
149 0.052884615384615384 0.4411057692307692 0.10096153846153846 0.12980769230769232
2 0.1935096153846154 0.43509615384615385 0.14423076923076922 0.13701923076923078
3 0.5600961538461539 0.4110576923076923 0.13942307692307693 0.13701923076923078
163 0.9014423076923077 0.3894230769230769 0.18028846153846154 0.14182692307692307
164 0.375 0.4266826923076923 0.18028846153846154 0.15144230769230768
148 0.7307692307692307 0.4014423076923077 0.11778846153846154 0.1466346153846154
2 0.5673076923076923 0.5793269230769231 0.17067307692307693 0.13942307692307693
148 0.921875 0.5552884615384616 0.10817307692307693 0.1346153846153846
163 0.22355769230769232 0.6033653846153846 0.18509615384615385 0.15144230769230768
149 0.06610576923076923 0.6153846153846154 0.11538461538461539 0.14423076923076922
164 0.7572115384615384 0.5685096153846154 0.18028846153846154 0.14423076923076922
3 0.40865384615384615 0.5949519230769231 0.13942307692307693 0.13701923076923078
2 0.5805288461538461 0.7427884615384616 0.1466346153846154 0.14182692307692307
3 0.41586538461538464 0.7548076923076923 0.15625 0.13942307692307693
163 0.765625 0.7307692307692307 0.18028846153846154 0.12740384615384615
164 0.2403846153846154 0.7692307692307693 0.17548076923076922 0.16105769230769232
148 0.07211538461538461 0.78125 0.10817307692307693 0.13701923076923078
164 0.19471153846153846 0.09615384615384616 0.18028846153846154 0.1466346153846154
149 0.9302884615384616 0.7223557692307693 0.1201923076923077 0.12980769230769232
3 0.375 0.08413461538461539 0.15384615384615385 0.1346153846153846
148 0.6814903846153846 0.06610576923076923 0.11298076923076923 0.12980769230769232
163 0.8461538461538461 0.05889423076923077 0.19230769230769232 0.11778846153846154
2 0.5360576923076923 0.078125 0.14423076923076922 0.13221153846153846
149 0.04447115384615385 0.11538461538461539 0.0889423076923077 0.13942307692307693
3 0.7668269230769231 0.8954326923076923 0.14423076923076922 0.1346153846153846
164 0.5793269230769231 0.9098557692307693 0.18509615384615385 0.15144230769230768
2 0.2283653846153846 0.9362980769230769 0.14182692307692307 0.12740384615384615
148 0.08774038461538461 0.9399038461538461 0.10817307692307693 0.1201923076923077
149 0.9098557692307693 0.8882211538461539 0.125 0.12740384615384615
163 0.38341346153846156 0.9290865384615384 0.17548076923076922 0.13221153846153846