3 0.5721153846153846 0.2536057692307692 0.1466346153846154 0.1466346153846154
2 0.4014423076923077 0.2620192307692308 0.15144230769230768 0.14182692307692307
148 0.2608173076923077 0.27163461538461536 0.10817307692307693 0.13701923076923078
164 0.0889423076923077 0.28125 0.1778846153846154 0.15865384615384615
163 0.7536057692307693 0.24879807692307693 0.1875 0.16826923076923078
149 0.9230769230769231 0.2439903846153846 0.11778846153846154 0.13701923076923078
164 0.09375 0.4483173076923077 0.1875 0.1466346153846154
163 0.890625 0.40625 0.18269230769230768 0.13942307692307693
148 0.43509615384615385 0.43149038461538464 0.11298076923076923 0.12980769230769232
149 0.5625 0.4254807692307692 0.1201923076923077 0.13701923076923078
3 0.7091346153846154 0.41947115384615385 0.15625 0.14903846153846154
2 0.27403846153846156 0.44471153846153844 0.16105769230769232 0.12980769230769232
163 0.41346153846153844 0.08774038461538461 0.1875 0.14423076923076922
3 0.5997596153846154 0.08052884615384616 0.13942307692307693 0.125
2 0.8954326923076923 0.0673076923076923 0.14423076923076922 0.12980769230769232
164 0.08653846153846154 0.11177884615384616 0.17307692307692307 0.1466346153846154
149 0.2512019230769231 0.10336538461538461 0.10817307692307693 0.13942307692307693
148 0.7463942307692307 0.08052884615384616 0.11298076923076923 0.1466346153846154