4 0.7548076923076923 0.25600961538461536 0.1346153846153846 0.12980769230769232
165 0.4375 0.26322115384615385 0.16947115384615385 0.15144230769230768
150 0.27283653846153844 0.2668269230769231 0.10096153846153846 0.12860576923076922
5 0.9098557692307693 0.27524038461538464 0.14182692307692307 0.14423076923076922
166 0.10697115384615384 0.28125 0.17908653846153846 0.15865384615384615
151 0.5997596153846154 0.2848557692307692 0.1201923076923077 0.12740384615384615
150 0.40625 0.42788461538461536 0.09254807692307693 0.14423076923076922
4 0.5480769230769231 0.42788461538461536 0.13341346153846154 0.13822115384615385
165 0.8954326923076923 0.42908653846153844 0.17548076923076922 0.12860576923076922
5 0.6995192307692307 0.44471153846153844 0.15625 0.14783653846153846
151 0.26322115384615385 0.4495192307692308 0.11538461538461539 0.140625
166 0.10697115384615384 0.453125 0.1875 0.16466346153846154
4 0.2920673076923077 0.08533653846153846 0.1502403846153846 0.12980769230769232
150 0.43990384615384615 0.08653846153846154 0.11177884615384616 0.13221153846153846
165 0.8978365384615384 0.08774038461538461 0.16826923076923078 0.14783653846153846
5 0.7067307692307693 0.10576923076923077 0.15144230769230768 0.13942307692307693
166 0.09975961538461539 0.109375 0.18269230769230768 0.1346153846153846
151 0.5625 0.11899038461538461 0.10576923076923077 0.13221153846153846