152 0.5661057692307693 0.25721153846153844 0.11298076923076923 0.12740384615384615
6 0.09134615384615384 0.265625 0.16346153846153846 0.12980769230769232
6 0.7139423076923077 0.25841346153846156 0.15384615384615385 0.125
167 0.40384615384615385 0.265625 0.18990384615384615 0.12980769230769232
152 0.23557692307692307 0.27163461538461536 0.11778846153846154 0.12259615384615384
167 0.8966346153846154 0.25961538461538464 0.18990384615384615 0.13221153846153846
6 0.09134615384615384 0.42908653846153844 0.15384615384615385 0.13221153846153846
6 0.5913461538461539 0.4266826923076923 0.14903846153846154 0.13221153846153846
152 0.9350961538461539 0.421875 0.11538461538461539 0.12740384615384615
167 0.2800480769230769 0.4338942307692308 0.18990384615384615 0.125
167 0.7680288461538461 0.4266826923076923 0.19230769230769232 0.1346153846153846
152 0.4423076923076923 0.4362980769230769 0.11298076923076923 0.13942307692307693
6 0.09735576923076923 0.5949519230769231 0.15625 0.14423076923076922
6 0.2620192307692308 0.5973557692307693 0.15144230769230768 0.125
152 0.7379807692307693 0.5901442307692307 0.11538461538461539 0.13221153846153846
167 0.8990384615384616 0.5889423076923077 0.18509615384615385 0.13221153846153846
152 0.40865384615384615 0.6033653846153846 0.1201923076923077 0.1346153846153846
167 0.5697115384615384 0.6009615384615384 0.19471153846153846 0.125
6 0.7872596153846154 0.0829326923076923 0.15384615384615385 0.14903846153846154
167 0.11298076923076923 0.0985576923076923 0.19230769230769232 0.14182692307692307
152 0.6370192307692307 0.09014423076923077 0.1201923076923077 0.12740384615384615
152 0.9290865384615384 0.08533653846153846 0.11538461538461539 0.12980769230769232
6 0.49278846153846156 0.09375 0.15144230769230768 0.1201923076923077
167 0.31490384615384615 0.10336538461538461 0.18990384615384615 0.12259615384615384