239 0.43149038461538464 0.2283653846153846 0.15384615384615385 0.1346153846153846
231 0.5913461538461539 0.2548076923076923 0.1466346153846154 0.14182692307692307
239 0.7199519230769231 0.27524038461538464 0.14182692307692307 0.12740384615384615
238 0.2776442307692308 0.20552884615384615 0.14903846153846154 0.13701923076923078
238 0.8810096153846154 0.30288461538461536 0.15384615384615385 0.12740384615384615
231 0.12259615384615384 0.18509615384615385 0.1466346153846154 0.12259615384615384
238 0.47596153846153844 0.39663461538461536 0.14182692307692307 0.12259615384615384
239 0.3485576923076923 0.3786057692307692 0.13221153846153846 0.11778846153846154
239 0.21995192307692307 0.3605769230769231 0.14182692307692307 0.12740384615384615
231 0.09254807692307693 0.34134615384615385 0.13942307692307693 0.12740384615384615
238 0.6286057692307693 0.42788461538461536 0.15144230769230768 0.14423076923076922
231 0.7932692307692307 0.45552884615384615 0.15865384615384615 0.14182692307692307
239 0.8605769230769231 0.6189903846153846 0.14903846153846154 0.14182692307692307
238 0.7019230769230769 0.5973557692307693 0.14182692307692307 0.13221153846153846
231 0.07211538461538461 0.5024038461538461 0.14423076923076922 0.14423076923076922
231 0.2283653846153846 0.5288461538461539 0.14903846153846154 0.12740384615384615
238 0.5408653846153846 0.578125 0.14903846153846154 0.1201923076923077
239 0.38221153846153844 0.5588942307692307 0.14903846153846154 0.12740384615384615
239 0.06129807692307692 0.6490384615384616 0.12259615384615384 0.14423076923076922
238 0.203125 0.6850961538461539 0.14182692307692307 0.11778846153846154
238 0.6766826923076923 0.7608173076923077 0.1466346153846154 0.1346153846153846
231 0.3605769230769231 0.7127403846153846 0.1466346153846154 0.12259615384615384
239 0.5168269230769231 0.7379807692307693 0.14423076923076922 0.1346153846153846
231 0.8305288461538461 0.7884615384615384 0.15625 0.12980769230769232
238 0.46033653846153844 0.06370192307692307 0.15865384615384615 0.12740384615384615
239 0.3004807692307692 0.04927884615384615 0.15384615384615385 0.0985576923076923
231 0.6213942307692307 0.09254807692307693 0.14423076923076922 0.12980769230769232
239 0.7752403846153846 0.11778846153846154 0.15865384615384615 0.125
231 0.14903846153846154 0.039663461538461536 0.14423076923076922 0.07932692307692307
238 0.9290865384615384 0.14423076923076922 0.14182692307692307 0.13942307692307693
239 0.33052884615384615 0.8689903846153846 0.15625 0.14423076923076922
238 0.1814903846153846 0.8461538461538461 0.15384615384615385 0.12980769230769232
238 0.49038461538461536 0.8966346153846154 0.1466346153846154 0.12980769230769232
231 0.8112980769230769 0.9387019230769231 0.15144230769230768 0.12259615384615384
231 0.6538461538461539 0.9266826923076923 0.1466346153846154 0.12980769230769232
239 0.04326923076923077 0.8257211538461539 0.08653846153846154 0.13221153846153846