239 0.3894230769230769 0.24278846153846154 0.13701923076923078 0.11538461538461539
231 0.5516826923076923 0.2439903846153846 0.12860576923076922 0.12259615384615384
239 0.6826923076923077 0.2439903846153846 0.12740384615384615 0.109375
238 0.234375 0.2439903846153846 0.13341346153846154 0.11658653846153846
238 0.8449519230769231 0.24519230769230768 0.13822115384615385 0.10817307692307693
231 0.078125 0.24759615384615385 0.13221153846153846 0.10336538461538461
238 0.46033653846153844 0.4014423076923077 0.12620192307692307 0.1045673076923077
239 0.3317307692307692 0.40384615384615385 0.11899038461538461 0.09975961538461539
239 0.20192307692307693 0.40625 0.12740384615384615 0.109375
231 0.0733173076923077 0.4074519230769231 0.125 0.10817307692307693
238 0.6153846153846154 0.40865384615384615 0.1346153846153846 0.125
231 0.7824519230769231 0.4098557692307692 0.14182692307692307 0.12139423076923077
239 0.875 0.5612980769230769 0.1310096153846154 0.12259615384615384
238 0.7151442307692307 0.5649038461538461 0.125 0.1141826923076923
231 0.07451923076923077 0.5697115384615384 0.13341346153846154 0.12379807692307693
231 0.23677884615384615 0.5709134615384616 0.1346153846153846 0.10817307692307693
238 0.5528846153846154 0.5709134615384616 0.13581730769230768 0.10096153846153846
239 0.39302884615384615 0.5769230769230769 0.13341346153846154 0.10697115384615384
239 0.07572115384615384 0.7175480769230769 0.13581730769230768 0.125
238 0.23557692307692307 0.7295673076923077 0.12860576923076922 0.09975961538461539
238 0.7151442307692307 0.7295673076923077 0.1310096153846154 0.11658653846153846
231 0.3954326923076923 0.7319711538461539 0.1310096153846154 0.10336538461538461
239 0.5540865384615384 0.7319711538461539 0.12860576923076922 0.11538461538461539
231 0.8713942307692307 0.7331730769230769 0.140625 0.10817307692307693
238 0.39302884615384615 0.07572115384615384 0.14423076923076922 0.10576923076923077
239 0.23197115384615385 0.07692307692307693 0.140625 0.0985576923076923
231 0.5564903846153846 0.078125 0.12740384615384615 0.11057692307692307
239 0.7115384615384616 0.07932692307692307 0.14543269230769232 0.10336538461538461
231 0.078125 0.07932692307692307 0.12980769230769232 0.10336538461538461
238 0.8774038461538461 0.08052884615384616 0.14182692307692307 0.11778846153846154
239 0.390625 0.890625 0.13822115384615385 0.125
238 0.23918269230769232 0.8918269230769231 0.13942307692307693 0.109375
238 0.5528846153846154 0.8930288461538461 0.1310096153846154 0.11177884615384616
231 0.8774038461538461 0.8942307692307693 0.1346153846153846 0.12259615384615384
231 0.71875 0.8978365384615384 0.13221153846153846 0.109375
239 0.07211538461538461 0.8990384615384616 0.1310096153846154 0.11298076923076923