240 0.41346153846153844 0.2403846153846154 0.13942307692307693 0.125
240 0.5817307692307693 0.24639423076923078 0.12980769230769232 0.11298076923076923
241 0.09134615384615384 0.24158653846153846 0.13701923076923078 0.14903846153846154
232 0.24879807692307693 0.25 0.14903846153846154 0.1466346153846154
241 0.9122596153846154 0.27283653846153844 0.13701923076923078 0.1346153846153846
232 0.7463942307692307 0.26802884615384615 0.13701923076923078 0.13942307692307693
240 0.24519230769230768 0.40865384615384615 0.14903846153846154 0.12259615384615384
232 0.578125 0.4206730769230769 0.14903846153846154 0.1466346153846154
240 0.4074519230769231 0.41466346153846156 0.1466346153846154 0.1201923076923077
241 0.7403846153846154 0.43149038461538464 0.1346153846153846 0.1346153846153846
241 0.08173076923076923 0.4110576923076923 0.1466346153846154 0.1346153846153846
232 0.9086538461538461 0.4423076923076923 0.14903846153846154 0.14903846153846154
240 0.8978365384615384 0.5925480769230769 0.13701923076923078 0.13221153846153846
240 0.40625 0.5805288461538461 0.14903846153846154 0.1346153846153846
241 0.23918269230769232 0.5817307692307693 0.14182692307692307 0.1466346153846154
232 0.7355769230769231 0.6033653846153846 0.13942307692307693 0.13221153846153846
241 0.0733173076923077 0.5817307692307693 0.1466346153846154 0.1346153846153846
232 0.5733173076923077 0.6009615384615384 0.14423076923076922 0.13942307692307693
240 0.5853365384615384 0.07692307692307693 0.13942307692307693 0.11298076923076923
240 0.4014423076923077 0.7475961538461539 0.13701923076923078 0.125
240 0.5673076923076923 0.7548076923076923 0.14903846153846154 0.125
241 0.7295673076923077 0.7644230769230769 0.13701923076923078 0.14182692307692307
232 0.23557692307692307 0.7560096153846154 0.13942307692307693 0.1346153846153846
241 0.890625 0.7788461538461539 0.15144230769230768 0.15625
232 0.0733173076923077 0.7536057692307693 0.13221153846153846 0.12740384615384615
240 0.25721153846153844 0.07211538461538461 0.13701923076923078 0.11778846153846154
241 0.7536057692307693 0.09615384615384616 0.13942307692307693 0.12740384615384615
241 0.09134615384615384 0.07692307692307693 0.14182692307692307 0.1346153846153846
240 0.8930288461538461 0.9326923076923077 0.13942307692307693 0.10576923076923077
241 0.5588942307692307 0.9290865384615384 0.13701923076923078 0.13701923076923078
232 0.06850961538461539 0.9122596153846154 0.13701923076923078 0.13701923076923078
240 0.23317307692307693 0.9182692307692307 0.13942307692307693 0.12740384615384615
232 0.7223557692307693 0.9338942307692307 0.13701923076923078 0.13221153846153846
241 0.3918269230769231 0.9278846153846154 0.13701923076923078 0.1201923076923077
232 0.42788461538461536 0.09134615384615384 0.1346153846153846 0.13221153846153846
232 0.9170673076923077 0.10817307692307693 0.13942307692307693 0.1346153846153846