233 0.7319711538461539 0.25721153846153844 0.16105769230769232 0.15144230769230768
234 0.8978365384615384 0.24879807692307693 0.14903846153846154 0.13942307692307693
235 0.39663461538461536 0.2860576923076923 0.1466346153846154 0.1346153846153846
235 0.5649038461538461 0.27524038461538464 0.1466346153846154 0.14182692307692307
233 0.22956730769230768 0.29927884615384615 0.15144230769230768 0.13942307692307693
234 0.07091346153846154 0.31009615384615385 0.14182692307692307 0.15384615384615385
233 0.7463942307692307 0.4254807692307692 0.14182692307692307 0.13701923076923078
235 0.5745192307692307 0.4387019230769231 0.14182692307692307 0.14903846153846154
235 0.2403846153846154 0.46634615384615385 0.13942307692307693 0.15144230769230768
233 0.40865384615384615 0.4543269230769231 0.1466346153846154 0.13221153846153846
234 0.9158653846153846 0.41947115384615385 0.1466346153846154 0.13221153846153846
234 0.07572115384615384 0.4795673076923077 0.14423076923076922 0.15144230769230768
233 0.25 0.6358173076923077 0.14903846153846154 0.13942307692307693
233 0.7548076923076923 0.5997596153846154 0.1466346153846154 0.14182692307692307
234 0.08774038461538461 0.6490384615384616 0.14903846153846154 0.15144230769230768
234 0.921875 0.5913461538461539 0.15144230769230768 0.1466346153846154
235 0.4206730769230769 0.6274038461538461 0.14903846153846154 0.14182692307692307
235 0.5877403846153846 0.6165865384615384 0.13942307692307693 0.14182692307692307
233 0.06009615384615385 0.12980769230769232 0.1201923076923077 0.14903846153846154
233 0.5528846153846154 0.09615384615384616 0.13942307692307693 0.1346153846153846
235 0.7211538461538461 0.08653846153846154 0.14423076923076922 0.14423076923076922
234 0.38461538461538464 0.11298076923076923 0.14182692307692307 0.13701923076923078
234 0.21995192307692307 0.12620192307692307 0.14423076923076922 0.13221153846153846
235 0.8858173076923077 0.07932692307692307 0.14423076923076922 0.14423076923076922