221 0.28846153846153844 0.14423076923076922 0.12740384615384615 0.16826923076923078
140 0.10576923076923077 0.16947115384615385 0.18509615384615385 0.18269230769230768
43 0.10697115384615384 0.38461538461538464 0.14182692307692307 0.1875
221 0.7127403846153846 0.5661057692307693 0.12980769230769232 0.1778846153846154
141 0.1622596153846154 0.6286057692307693 0.16826923076923078 0.18269230769230768
140 0.3605769230769231 0.6105769230769231 0.1875 0.18990384615384615
43 0.875 0.5564903846153846 0.1346153846153846 0.18509615384615385
44 0.5360576923076923 0.5949519230769231 0.13942307692307693 0.18269230769230768
222 0.15985576923076922 0.8653846153846154 0.12980769230769232 0.17307692307692307
222 0.6141826923076923 0.10336538461538461 0.13221153846153846 0.17067307692307693
141 0.8100961538461539 0.08653846153846154 0.17307692307692307 0.17307692307692307
44 0.44591346153846156 0.12259615384615384 0.13221153846153846 0.16826923076923078