157 0.3269230769230769 0.12740384615384615 0.15985576923076922 0.18028846153846154
227 0.29447115384615385 0.3545673076923077 0.1346153846153846 0.17668269230769232
227 0.08533653846153846 0.359375 0.11538461538461539 0.17668269230769232
138 0.5961538461538461 0.6262019230769231 0.1658653846153846 0.14903846153846154
219 0.421875 0.6262019230769231 0.12259615384615384 0.12259615384615384
41 0.07932692307692307 0.6286057692307693 0.12259615384615384 0.15144230769230768
138 0.2608173076923077 0.6298076923076923 0.16706730769230768 0.1622596153846154
41 0.7596153846153846 0.6298076923076923 0.1141826923076923 0.14423076923076922
219 0.9134615384615384 0.6334134615384616 0.11538461538461539 0.14302884615384615
49 0.5516826923076923 0.11057692307692307 0.14302884615384615 0.16706730769230768
157 0.7992788461538461 0.1141826923076923 0.16826923076923078 0.17067307692307693
49 0.0829326923076923 0.12259615384615384 0.12740384615384615 0.16947115384615385