157 0.10817307692307693 0.3858173076923077 0.18028846153846154 0.18509615384615385
227 0.3389423076923077 0.37259615384615385 0.12980769230769232 0.18028846153846154
219 0.43509615384615385 0.6310096153846154 0.12980769230769232 0.13942307692307693
41 0.7740384615384616 0.6105769230769231 0.12980769230769232 0.13701923076923078
41 0.9314903846153846 0.6009615384615384 0.12740384615384615 0.15144230769230768
219 0.296875 0.6466346153846154 0.11778846153846154 0.14182692307692307
138 0.125 0.6598557692307693 0.18028846153846154 0.16105769230769232
138 0.6117788461538461 0.6322115384615384 0.1778846153846154 0.16105769230769232
49 0.7572115384615384 0.09254807692307693 0.13701923076923078 0.17548076923076922
157 0.3161057692307692 0.12980769230769232 0.18269230769230768 0.18028846153846154
227 0.5384615384615384 0.11658653846153846 0.15625 0.1875
49 0.0673076923076923 0.14903846153846154 0.1346153846153846 0.1875