157 0.140625 0.30649038461538464 0.19230769230769232 0.19471153846153846
227 0.36899038461538464 0.3425480769230769 0.13942307692307693 0.1875
219 0.4098557692307692 0.6141826923076923 0.13942307692307693 0.1466346153846154
41 0.7451923076923077 0.6658653846153846 0.13701923076923078 0.14423076923076922
41 0.9002403846153846 0.6887019230769231 0.1346153846153846 0.15865384615384615
219 0.2704326923076923 0.6009615384615384 0.125 0.14903846153846154
138 0.09975961538461539 0.578125 0.18990384615384615 0.17307692307692307
138 0.5817307692307693 0.6526442307692307 0.1875 0.17307692307692307
49 0.8365384615384616 0.15504807692307693 0.1466346153846154 0.18509615384615385
157 0.39783653846153844 0.09975961538461539 0.19230769230769232 0.19230769230769232
227 0.6165865384615384 0.13341346153846154 0.16826923076923078 0.19471153846153846
49 0.14423076923076922 0.08173076923076923 0.15384615384615385 0.16346153846153846