49 0.5901442307692307 0.12379807692307693 0.12980769230769232 0.15865384615384615
157 0.12860576923076922 0.1201923076923077 0.18028846153846154 0.1778846153846154
157 0.3762019230769231 0.125 0.17548076923076922 0.17067307692307693
227 0.8112980769230769 0.1346153846153846 0.125 0.18509615384615385
227 0.09254807692307693 0.34134615384615385 0.1201923076923077 0.16105769230769232
49 0.29447115384615385 0.35336538461538464 0.13221153846153846 0.16105769230769232
227 0.5408653846153846 0.6033653846153846 0.1346153846153846 0.1778846153846154
227 0.33413461538461536 0.5997596153846154 0.12259615384615384 0.16346153846153846
49 0.7524038461538461 0.6069711538461539 0.12740384615384615 0.19471153846153846
157 0.12259615384615384 0.5973557692307693 0.17548076923076922 0.17548076923076922
49 0.08052884615384616 0.8269230769230769 0.1201923076923077 0.18028846153846154
157 0.29086538461538464 0.8401442307692307 0.16826923076923078 0.1658653846153846