49 0.07451923076923077 0.4110576923076923 0.14903846153846154 0.20192307692307693
227 0.3088942307692308 0.38461538461538464 0.17307692307692307 0.19951923076923078
157 0.5889423076923077 0.6213942307692307 0.21634615384615385 0.21153846153846154
49 0.8293269230769231 0.59375 0.15625 0.20192307692307693
49 0.36538461538461536 0.6538461538461539 0.17067307692307693 0.20192307692307693
157 0.13341346153846154 0.6826923076923077 0.20673076923076922 0.20673076923076922
227 0.13581730769230768 0.9170673076923077 0.15144230769230768 0.1658653846153846
227 0.3605769230769231 0.9038461538461539 0.15865384615384615 0.19230769230769232
157 0.7932692307692307 0.078125 0.21634615384615385 0.15625
157 0.5240384615384616 0.10096153846153846 0.20192307692307693 0.20192307692307693
49 0.057692307692307696 0.15745192307692307 0.11538461538461539 0.18990384615384615
227 0.2692307692307692 0.1310096153846154 0.14903846153846154 0.18509615384615385