49 0.3173076923076923 0.28725961538461536 0.15144230769230768 0.21153846153846154
227 0.11057692307692307 0.2692307692307692 0.14182692307692307 0.1875
49 0.5408653846153846 0.3317307692307692 0.1346153846153846 0.18028846153846154
157 0.7872596153846154 0.37259615384615385 0.19230769230769232 0.19230769230769232
157 0.10336538461538461 0.5096153846153846 0.1971153846153846 0.21153846153846154
227 0.3293269230769231 0.5432692307692307 0.16105769230769232 0.18028846153846154
219 0.5324519230769231 0.8449519230769231 0.13701923076923078 0.14182692307692307
138 0.7019230769230769 0.8689903846153846 0.18269230769230768 0.1658653846153846
219 0.8629807692307693 0.8930288461538461 0.12980769230769232 0.13701923076923078
41 0.051682692307692304 0.7800480769230769 0.10336538461538461 0.14182692307692307
138 0.37259615384615385 0.828125 0.17548076923076922 0.13701923076923078
41 0.18870192307692307 0.8064903846153846 0.1346153846153846 0.13221153846153846
41 0.3293269230769231 0.06610576923076923 0.125 0.13221153846153846
219 0.4807692307692308 0.08653846153846154 0.1346153846153846 0.13701923076923078
41 0.7716346153846154 0.12860576923076922 0.12740384615384615 0.12980769230769232
138 0.9290865384615384 0.15504807692307693 0.14182692307692307 0.15144230769230768
219 0.6274038461538461 0.11298076923076923 0.13701923076923078 0.12259615384615384
138 0.17067307692307693 0.06370192307692307 0.18269230769230768 0.12740384615384615