227 0.3401442307692308 0.3629807692307692 0.1466346153846154 0.18269230769230768
49 0.10336538461538461 0.35216346153846156 0.1346153846153846 0.18028846153846154
49 0.8100961538461539 0.6550480769230769 0.15144230769230768 0.18028846153846154
157 0.11778846153846154 0.6201923076923077 0.19230769230769232 0.18990384615384615
49 0.3581730769230769 0.6394230769230769 0.13701923076923078 0.18028846153846154
157 0.5733173076923077 0.6526442307692307 0.18990384615384615 0.18990384615384615
227 0.078125 0.8689903846153846 0.15625 0.18028846153846154
227 0.2980769230769231 0.8834134615384616 0.16826923076923078 0.1778846153846154
49 0.11177884615384616 0.09615384615384616 0.13942307692307693 0.17307692307692307
157 0.8641826923076923 0.13701923076923078 0.20673076923076922 0.18028846153846154
227 0.34615384615384615 0.11177884615384616 0.16105769230769232 0.1778846153846154
157 0.5973557692307693 0.12620192307692307 0.19951923076923078 0.18028846153846154