138 0.140625 0.09375 0.17067307692307693 0.1466346153846154
49 0.29447115384615385 0.31971153846153844 0.12980769230769232 0.18028846153846154
227 0.09254807692307693 0.3076923076923077 0.12259615384615384 0.1658653846153846
49 0.5072115384615384 0.34134615384615385 0.14423076923076922 0.18269230769230768
157 0.7439903846153846 0.3581730769230769 0.1778846153846154 0.1778846153846154
227 0.3233173076923077 0.5528846153846154 0.12740384615384615 0.17067307692307693
157 0.1045673076923077 0.5408653846153846 0.17067307692307693 0.17307692307692307
41 0.20552884615384615 0.8137019230769231 0.1201923076923077 0.12980769230769232
138 0.3786057692307692 0.8257211538461539 0.18028846153846154 0.14903846153846154
138 0.7055288461538461 0.8485576923076923 0.1658653846153846 0.15865384615384615
41 0.06129807692307692 0.8052884615384616 0.1201923076923077 0.1346153846153846
219 0.8581730769230769 0.8629807692307693 0.11778846153846154 0.14182692307692307
219 0.5384615384615384 0.8449519230769231 0.11298076923076923 0.13221153846153846
138 0.8990384615384616 0.13942307692307693 0.17307692307692307 0.14423076923076922
41 0.28846153846153844 0.09975961538461539 0.11298076923076923 0.11778846153846154
41 0.7247596153846154 0.12980769230769232 0.10817307692307693 0.12980769230769232
219 0.4387019230769231 0.11298076923076923 0.12980769230769232 0.12980769230769232
219 0.578125 0.12379807692307693 0.12740384615384615 0.11298076923076923