138 0.11298076923076923 0.1201923076923077 0.16105769230769232 0.13581730769230768
49 0.2824519230769231 0.33413461538461536 0.11778846153846154 0.171875
227 0.08052884615384616 0.33653846153846156 0.11177884615384616 0.15865384615384615
49 0.4963942307692308 0.34134615384615385 0.13221153846153846 0.17427884615384615
157 0.7331730769230769 0.34134615384615385 0.16706730769230768 0.16706730769230768
227 0.3269230769230769 0.5649038461538461 0.11658653846153846 0.16346153846153846
157 0.10817307692307693 0.5685096153846154 0.15865384615384615 0.16346153846153846
41 0.2283653846153846 0.8329326923076923 0.11177884615384616 0.12259615384615384
138 0.4014423076923077 0.8329326923076923 0.17067307692307693 0.13701923076923078
138 0.7295673076923077 0.8329326923076923 0.15625 0.14903846153846154
41 0.08413461538461539 0.8353365384615384 0.11057692307692307 0.12620192307692307
219 0.8822115384615384 0.8377403846153846 0.10817307692307693 0.1346153846153846
219 0.5625 0.8413461538461539 0.10336538461538461 0.12620192307692307
138 0.8725961538461539 0.11298076923076923 0.16346153846153846 0.13341346153846154
41 0.2608173076923077 0.11538461538461539 0.1045673076923077 0.11057692307692307
41 0.6983173076923077 0.11538461538461539 0.09975961538461539 0.12259615384615384
219 0.41225961538461536 0.11778846153846154 0.12139423076923077 0.12259615384615384
219 0.5516826923076923 0.11899038461538461 0.1201923076923077 0.10576923076923077