138 0.10697115384615384 0.12740384615384615 0.16346153846153846 0.13942307692307693
49 0.2800480769230769 0.33774038461538464 0.1201923076923077 0.17307692307692307
227 0.078125 0.34375 0.11538461538461539 0.16105769230769232
49 0.49399038461538464 0.34134615384615385 0.1346153846153846 0.17548076923076922
157 0.7307692307692307 0.33774038461538464 0.17067307692307693 0.17067307692307693
227 0.328125 0.5685096153846154 0.1201923076923077 0.1658653846153846
157 0.109375 0.5757211538461539 0.16105769230769232 0.1658653846153846
41 0.234375 0.8377403846153846 0.11298076923076923 0.125
138 0.4074519230769231 0.8341346153846154 0.17307692307692307 0.13942307692307693
138 0.7355769230769231 0.8293269230769231 0.15865384615384615 0.15144230769230768
41 0.09014423076923077 0.8425480769230769 0.11298076923076923 0.12740384615384615
219 0.8882211538461539 0.8305288461538461 0.11057692307692307 0.13701923076923078
219 0.5685096153846154 0.8401442307692307 0.10576923076923077 0.12740384615384615
138 0.8653846153846154 0.10697115384615384 0.1658653846153846 0.13701923076923078
41 0.2536057692307692 0.1201923076923077 0.10576923076923077 0.11298076923076923
41 0.6911057692307693 0.11177884615384616 0.10096153846153846 0.125
219 0.4050480769230769 0.11899038461538461 0.12259615384615384 0.125
219 0.5444711538461539 0.11778846153846154 0.12259615384615384 0.10817307692307693