219 0.07451923076923077 0.4182692307692308 0.14182692307692307 0.13701923076923078
227 0.5600961538461539 0.5588942307692307 0.15144230769230768 0.19951923076923078
227 0.11057692307692307 0.640625 0.13942307692307693 0.17067307692307693
157 0.34375 0.609375 0.1971153846153846 0.19951923076923078
157 0.8004807692307693 0.5384615384615384 0.19471153846153846 0.2091346153846154
49 0.14783653846153846 0.8762019230769231 0.13942307692307693 0.1778846153846154
49 0.36658653846153844 0.8449519230769231 0.14423076923076922 0.1778846153846154
138 0.8149038461538461 0.06490384615384616 0.1875 0.12980769230769232
138 0.4375 0.11658653846153846 0.19230769230769232 0.15144230769230768
219 0.2283653846153846 0.1502403846153846 0.16105769230769232 0.1346153846153846
41 0.6430288461538461 0.08413461538461539 0.12740384615384615 0.14182692307692307
41 0.056490384615384616 0.18028846153846154 0.11298076923076923 0.14423076923076922