140 0.13701923076923078 0.32572115384615385 0.20192307692307693 0.19230769230769232
44 0.08774038461538461 0.5709134615384616 0.13942307692307693 0.1875
141 0.29086538461538464 0.5961538461538461 0.19471153846153846 0.20432692307692307
222 0.6502403846153846 0.6418269230769231 0.15144230769230768 0.1875
221 0.4855769230769231 0.6225961538461539 0.13942307692307693 0.1778846153846154
140 0.8449519230769231 0.6742788461538461 0.20192307692307693 0.2091346153846154
43 0.06610576923076923 0.8161057692307693 0.13221153846153846 0.19471153846153846
221 0.9026442307692307 0.16466346153846154 0.1466346153846154 0.18509615384615385
44 0.5420673076923077 0.12259615384615384 0.14903846153846154 0.18269230769230768
141 0.35336538461538464 0.10096153846153846 0.19471153846153846 0.19471153846153846
222 0.7235576923076923 0.1466346153846154 0.1466346153846154 0.18990384615384615
43 0.14543269230769232 0.08653846153846154 0.15625 0.17307692307692307