227 0.3329326923076923 0.30408653846153844 0.14423076923076922 0.18990384615384615
157 0.1201923076923077 0.28365384615384615 0.17548076923076922 0.18269230769230768
138 0.08533653846153846 0.5528846153846154 0.17067307692307693 0.15384615384615385
138 0.3016826923076923 0.5793269230769231 0.1875 0.16826923076923078
219 0.5012019230769231 0.6057692307692307 0.12740384615384615 0.13942307692307693
41 0.6838942307692307 0.6298076923076923 0.13221153846153846 0.14423076923076922
219 0.8689903846153846 0.6526442307692307 0.12980769230769232 0.12980769230769232
41 0.04807692307692308 0.7752403846153846 0.09615384615384616 0.14182692307692307
157 0.14903846153846154 0.07091346153846154 0.1778846153846154 0.14182692307692307
227 0.35697115384615385 0.08413461538461539 0.1466346153846154 0.16826923076923078
157 0.5877403846153846 0.10817307692307693 0.20432692307692307 0.18509615384615385
49 0.8040865384615384 0.13942307692307693 0.15144230769230768 0.18269230769230768