41 0.08774038461538461 0.33052884615384615 0.125 0.12259615384615384
138 0.2668269230769231 0.3473557692307692 0.1778846153846154 0.13701923076923078
138 0.46033653846153844 0.3641826923076923 0.1778846153846154 0.13701923076923078
219 0.6165865384615384 0.3798076923076923 0.1346153846153846 0.12980769230769232
219 0.9230769230769231 0.40625 0.1201923076923077 0.12259615384615384
41 0.7704326923076923 0.3942307692307692 0.125 0.125
138 0.9194711538461539 0.14302884615384615 0.16105769230769232 0.1466346153846154
219 0.7548076923076923 0.12980769230769232 0.12980769230769232 0.1346153846153846
138 0.13822115384615385 0.07692307692307693 0.17067307692307693 0.13701923076923078
41 0.4375 0.1045673076923077 0.12980769230769232 0.125
219 0.296875 0.09495192307692307 0.11538461538461539 0.11538461538461539
41 0.5997596153846154 0.12259615384615384 0.12740384615384615 0.11778846153846154