159 0.8353365384615384 0.1346153846153846 0.18028846153846154 0.17307692307692307
229 0.07091346153846154 0.1622596153846154 0.12259615384615384 0.16826923076923078
229 0.08173076923076923 0.39903846153846156 0.12259615384615384 0.16826923076923078
226 0.09014423076923077 0.6081730769230769 0.1201923076923077 0.1658653846153846
145 0.6358173076923077 0.59375 0.20432692307692307 0.1778846153846154
48 0.2536057692307692 0.6069711538461539 0.13221153846153846 0.1778846153846154
159 0.8617788461538461 0.625 0.1658653846153846 0.1658653846153846
48 0.43028846153846156 0.6454326923076923 0.12740384615384615 0.17548076923076922
229 0.09375 0.9038461538461539 0.1346153846153846 0.1778846153846154
226 0.24519230769230768 0.11538461538461539 0.11538461538461539 0.15384615384615385
145 0.4411057692307692 0.11057692307692307 0.16826923076923078 0.1658653846153846
48 0.6262019230769231 0.10336538461538461 0.1201923076923077 0.16346153846153846