159 0.828125 0.12860576923076922 0.18269230769230768 0.1778846153846154
229 0.06490384615384616 0.17067307692307693 0.125 0.16826923076923078
229 0.07932692307692307 0.40625 0.12740384615384615 0.17067307692307693
226 0.09254807692307693 0.6153846153846154 0.12259615384615384 0.16826923076923078
145 0.6370192307692307 0.5913461538461539 0.20673076923076922 0.18028846153846154
48 0.25600961538461536 0.6117788461538461 0.13701923076923078 0.18028846153846154
159 0.8641826923076923 0.6177884615384616 0.16826923076923078 0.16826923076923078
48 0.4326923076923077 0.6466346153846154 0.13221153846153846 0.1778846153846154
229 0.09975961538461539 0.9098557692307693 0.13701923076923078 0.18028846153846154
226 0.23798076923076922 0.1201923076923077 0.11778846153846154 0.15625
145 0.4338942307692308 0.11057692307692307 0.17067307692307693 0.16826923076923078
48 0.6189903846153846 0.10096153846153846 0.12259615384615384 0.1658653846153846