159 0.8473557692307693 0.1466346153846154 0.17427884615384615 0.16826923076923078
229 0.0829326923076923 0.14783653846153846 0.11778846153846154 0.16346153846153846
229 0.08533653846153846 0.38461538461538464 0.11778846153846154 0.16466346153846154
226 0.08653846153846154 0.59375 0.11538461538461539 0.1622596153846154
145 0.6322115384615384 0.5985576923076923 0.19831730769230768 0.17067307692307693
48 0.25 0.5985576923076923 0.12740384615384615 0.17307692307692307
159 0.8569711538461539 0.6370192307692307 0.15985576923076922 0.15985576923076922
48 0.4254807692307692 0.6430288461538461 0.12259615384615384 0.17067307692307693
229 0.07932692307692307 0.8894230769230769 0.12860576923076922 0.17307692307692307
226 0.25841346153846156 0.10697115384615384 0.11057692307692307 0.1502403846153846
145 0.4543269230769231 0.10817307692307693 0.16346153846153846 0.16105769230769232
48 0.6394230769230769 0.10817307692307693 0.1141826923076923 0.15985576923076922