51 0.5108173076923077 0.15865384615384615 0.1466346153846154 0.19230769230769232
226 0.08533653846153846 0.33052884615384615 0.1346153846153846 0.1778846153846154
159 0.47115384615384615 0.4110576923076923 0.1971153846153846 0.19230769230769232
229 0.2608173076923077 0.39302884615384615 0.14423076923076922 0.18028846153846154
48 0.06370192307692307 0.5997596153846154 0.12740384615384615 0.18028846153846154
226 0.4387019230769231 0.6382211538461539 0.1346153846153846 0.18269230769230768
159 0.6358173076923077 0.6887019230769231 0.20432692307692307 0.19471153846153846
229 0.8353365384615384 0.7103365384615384 0.1466346153846154 0.18990384615384615
51 0.24278846153846154 0.6610576923076923 0.14903846153846154 0.19230769230769232
145 0.08173076923076923 0.8449519230769231 0.16346153846153846 0.18990384615384615
48 0.11177884615384616 0.08413461538461539 0.13221153846153846 0.16826923076923078
145 0.32091346153846156 0.10576923076923077 0.20192307692307693 0.18509615384615385