51 0.4567307692307692 0.16105769230769232 0.14423076923076922 0.18990384615384615
226 0.06490384615384616 0.39783653846153844 0.12980769230769232 0.17548076923076922
159 0.4579326923076923 0.41586538461538464 0.19471153846153846 0.18990384615384615
229 0.24759615384615385 0.4326923076923077 0.14182692307692307 0.1778846153846154
48 0.08413461538461539 0.6670673076923077 0.12980769230769232 0.1778846153846154
226 0.46033653846153844 0.6466346153846154 0.13221153846153846 0.18028846153846154
159 0.6634615384615384 0.6658653846153846 0.20192307692307693 0.18990384615384615
229 0.8641826923076923 0.6550480769230769 0.14423076923076922 0.1875
51 0.2704326923076923 0.6995192307692307 0.1466346153846154 0.18990384615384615
145 0.12620192307692307 0.90625 0.18990384615384615 0.1875
48 0.05889423076923077 0.1466346153846154 0.11778846153846154 0.17307692307692307
145 0.2620192307692308 0.13822115384615385 0.19951923076923078 0.18028846153846154