145 0.2824519230769231 0.12740384615384615 0.18509615384615385 0.17427884615384615
159 0.5120192307692307 0.1502403846153846 0.16947115384615385 0.18629807692307693
51 0.8581730769230769 0.15865384615384615 0.12980769230769232 0.17427884615384615
229 0.078125 0.39903846153846156 0.1346153846153846 0.1658653846153846
48 0.26322115384615385 0.6153846153846154 0.12860576923076922 0.17307692307692307
226 0.44350961538461536 0.6177884615384616 0.11538461538461539 0.16346153846153846
145 0.640625 0.6189903846153846 0.16826923076923078 0.18389423076923078
159 0.8533653846153846 0.6478365384615384 0.17548076923076922 0.18389423076923078
51 0.08173076923076923 0.6526442307692307 0.11899038461538461 0.16466346153846154
229 0.08653846153846154 0.8930288461538461 0.1201923076923077 0.16466346153846154
48 0.08413461538461539 0.11899038461538461 0.12740384615384615 0.16466346153846154
226 0.6983173076923077 0.1201923076923077 0.11778846153846154 0.16105769230769232