159 0.44350961538461536 0.15144230769230768 0.1971153846153846 0.1971153846153846
51 0.22956730769230768 0.1778846153846154 0.13942307692307693 0.1778846153846154
229 0.6358173076923077 0.14423076923076922 0.1466346153846154 0.18028846153846154
48 0.07451923076923077 0.3954326923076923 0.14423076923076922 0.18990384615384615
226 0.32572115384615385 0.6358173076923077 0.14423076923076922 0.19230769230769232
145 0.13341346153846154 0.6670673076923077 0.1875 0.1971153846153846
159 0.5288461538461539 0.6586538461538461 0.19951923076923078 0.20673076923076922
51 0.9002403846153846 0.6298076923076923 0.13942307692307693 0.20673076923076922
229 0.7271634615384616 0.6490384615384616 0.13701923076923078 0.20192307692307693
48 0.140625 0.90625 0.15144230769230768 0.1875
226 0.057692307692307696 0.15144230769230768 0.11538461538461539 0.18269230769230768
145 0.8413461538461539 0.0829326923076923 0.18269230769230768 0.1658653846153846