159 0.6646634615384616 0.13221153846153846 0.18269230769230768 0.17307692307692307
51 0.8449519230769231 0.13701923076923078 0.13221153846153846 0.15625
229 0.09134615384615384 0.4098557692307692 0.14423076923076922 0.1778846153846154
145 0.4699519230769231 0.5949519230769231 0.17307692307692307 0.18269230769230768
226 0.10336538461538461 0.6153846153846154 0.12980769230769232 0.17067307692307693
48 0.859375 0.578125 0.13701923076923078 0.17307692307692307
229 0.27283653846153844 0.6418269230769231 0.12980769230769232 0.18028846153846154
159 0.6802884615384616 0.6201923076923077 0.17548076923076922 0.18269230769230768
51 0.11538461538461539 0.8942307692307693 0.12740384615384615 0.16826923076923078
226 0.4639423076923077 0.10336538461538461 0.1201923076923077 0.16826923076923078
48 0.07692307692307693 0.12379807692307693 0.1201923076923077 0.16346153846153846
145 0.2776442307692308 0.11899038461538461 0.18990384615384615 0.18028846153846154