159 0.7319711538461539 0.17067307692307693 0.19471153846153846 0.18509615384615385
51 0.9074519230769231 0.2091346153846154 0.14423076923076922 0.1658653846153846
229 0.11538461538461539 0.3329326923076923 0.15865384615384615 0.18990384615384615
145 0.4519230769230769 0.5877403846153846 0.18509615384615385 0.1971153846153846
226 0.08774038461538461 0.5384615384615384 0.14423076923076922 0.1778846153846154
48 0.8377403846153846 0.6454326923076923 0.14903846153846154 0.18269230769230768
229 0.25 0.5961538461538461 0.14423076923076922 0.18990384615384615
159 0.6550480769230769 0.6526442307692307 0.18990384615384615 0.19471153846153846
51 0.057692307692307696 0.8125 0.11538461538461539 0.1778846153846154
226 0.5396634615384616 0.10336538461538461 0.1346153846153846 0.1778846153846154
48 0.15625 0.0673076923076923 0.1346153846153846 0.1346153846153846
145 0.3545673076923077 0.09014423076923077 0.20432692307692307 0.18028846153846154