139 0.3629807692307692 0.13221153846153846 0.19951923076923078 0.17548076923076922
42 0.9350961538461539 0.21754807692307693 0.12980769230769232 0.17067307692307693
220 0.5588942307692307 0.16466346153846154 0.17067307692307693 0.16826923076923078
50 0.12379807692307693 0.30288461538461536 0.1466346153846154 0.21634615384615385
50 0.875 0.6730769230769231 0.14903846153846154 0.21634615384615385
228 0.4807692307692308 0.6189903846153846 0.1466346153846154 0.2091346153846154
158 0.6790865384615384 0.6478365384615384 0.20432692307692307 0.2283653846153846
220 0.09735576923076923 0.609375 0.17067307692307693 0.17307692307692307
139 0.29086538461538464 0.6382211538461539 0.19951923076923078 0.17548076923076922
42 0.078125 0.8533653846153846 0.15625 0.18269230769230768
228 0.14543269230769232 0.08173076923076923 0.16105769230769232 0.16346153846153846
158 0.7560096153846154 0.1466346153846154 0.19951923076923078 0.22596153846153846