158 0.2920673076923077 0.33774038461538464 0.18269230769230768 0.21875
228 0.09014423076923077 0.33533653846153844 0.12740384615384615 0.18990384615384615
139 0.5216346153846154 0.38100961538461536 0.19471153846153846 0.16826923076923078
42 0.8918269230769231 0.3942307692307692 0.17307692307692307 0.15144230769230768
220 0.7115384615384616 0.39663461538461536 0.14903846153846154 0.1466346153846154
50 0.7007211538461539 0.609375 0.11298076923076923 0.18990384615384615
228 0.8786057692307693 0.6177884615384616 0.12980769230769232 0.20192307692307693
158 0.1141826923076923 0.5913461538461539 0.18990384615384615 0.21394230769230768
139 0.5192307692307693 0.6442307692307693 0.18990384615384615 0.15625
42 0.3137019230769231 0.640625 0.17067307692307693 0.15144230769230768
220 0.0829326923076923 0.8798076923076923 0.16346153846153846 0.16346153846153846
50 0.09975961538461539 0.09134615384615384 0.13221153846153846 0.18269230769230768