50 0.6382211538461539 0.11658653846153846 0.1201923076923077 0.18028846153846154
158 0.25961538461538464 0.1310096153846154 0.17067307692307693 0.18509615384615385
220 0.8233173076923077 0.14783653846153846 0.15144230769230768 0.15865384615384615
139 0.4723557692307692 0.16826923076923078 0.18990384615384615 0.16346153846153846
42 0.10216346153846154 0.39903846153846156 0.16826923076923078 0.15865384615384615
158 0.45913461538461536 0.59375 0.17307692307692307 0.19230769230769232
50 0.08413461538461539 0.6129807692307693 0.11057692307692307 0.1971153846153846
220 0.6478365384615384 0.6322115384615384 0.14423076923076922 0.15865384615384615
139 0.8365384615384616 0.6262019230769231 0.18509615384615385 0.16105769230769232
42 0.27283653846153844 0.6490384615384616 0.16105769230769232 0.14903846153846154
228 0.09014423076923077 0.8389423076923077 0.12980769230769232 0.18028846153846154
228 0.06490384615384616 0.13221153846153846 0.125 0.1875