139 0.3125 0.1622596153846154 0.1971153846153846 0.16105769230769232
220 0.11177884615384616 0.16346153846153846 0.15625 0.18509615384615385
42 0.1141826923076923 0.41466346153846156 0.15144230769230768 0.16105769230769232
228 0.6875 0.6442307692307693 0.13942307692307693 0.19230769230769232
158 0.8894230769230769 0.6514423076923077 0.18028846153846154 0.20432692307692307
42 0.10697115384615384 0.6778846153846154 0.1658653846153846 0.16826923076923078
220 0.5228365384615384 0.6850961538461539 0.15144230769230768 0.14423076923076922
139 0.3161057692307692 0.6862980769230769 0.1875 0.16346153846153846
50 0.08653846153846154 0.8930288461538461 0.13221153846153846 0.19471153846153846
228 0.4987980769230769 0.11899038461538461 0.13701923076923078 0.1875
50 0.9038461538461539 0.12980769230769232 0.12980769230769232 0.20192307692307693
158 0.7103365384615384 0.1346153846153846 0.19230769230769232 0.21634615384615385