42 0.10336538461538461 0.16826923076923078 0.15985576923076922 0.1778846153846154
220 0.6346153846153846 0.17427884615384615 0.14543269230769232 0.14903846153846154
139 0.12740384615384615 0.4026442307692308 0.18870192307692307 0.1658653846153846
50 0.8713942307692307 0.6177884615384616 0.13341346153846154 0.1875
158 0.5096153846153846 0.6189903846153846 0.171875 0.17908653846153846
158 0.1201923076923077 0.6225961538461539 0.16826923076923078 0.19831730769230768
228 0.6971153846153846 0.6225961538461539 0.125 0.19951923076923078
42 0.3112980769230769 0.6694711538461539 0.16466346153846154 0.14783653846153846
139 0.11778846153846154 0.9026442307692307 0.19591346153846154 0.17307692307692307
50 0.27163461538461536 0.11778846153846154 0.12379807692307693 0.18509615384615385
158 0.8257211538461539 0.12259615384615384 0.1814903846153846 0.18269230769230768
228 0.4483173076923077 0.125 0.11778846153846154 0.19110576923076922