141 0.23677884615384615 0.16826923076923078 0.21394230769230768 0.2091346153846154
221 0.4182692307692308 0.13822115384615385 0.16105769230769232 0.19230769230769232
44 0.054086538461538464 0.20793269230769232 0.10817307692307693 0.19471153846153846
140 0.7872596153846154 0.09014423076923077 0.2091346153846154 0.18028846153846154
43 0.07692307692307693 0.44591346153846156 0.15384615384615385 0.21394230769230768
221 0.29447115384615385 0.6634615384615384 0.14903846153846154 0.19951923076923078
222 0.11538461538461539 0.6947115384615384 0.15625 0.19951923076923078
141 0.4855769230769231 0.6322115384615384 0.1971153846153846 0.22355769230769232
43 0.6730769230769231 0.5997596153846154 0.15625 0.20432692307692307
140 0.8762019230769231 0.5637019230769231 0.19230769230769232 0.2091346153846154
44 0.16706730769230768 0.9158653846153846 0.16105769230769232 0.16826923076923078
222 0.59375 0.10096153846153846 0.15625 0.19230769230769232