141 0.3173076923076923 0.11778846153846154 0.19471153846153846 0.18990384615384615
221 0.5012019230769231 0.12980769230769232 0.14182692307692307 0.1778846153846154
44 0.10817307692307693 0.11177884615384616 0.1346153846153846 0.18269230769230768
140 0.8737980769230769 0.15625 0.18990384615384615 0.18028846153846154
43 0.09615384615384616 0.35216346153846156 0.13942307692307693 0.19951923076923078
221 0.26322115384615385 0.6129807692307693 0.12980769230769232 0.1875
222 0.08173076923076923 0.6033653846153846 0.13701923076923078 0.18509615384615385
141 0.45552884615384615 0.625 0.17548076923076922 0.20673076923076922
43 0.6454326923076923 0.6370192307692307 0.1346153846153846 0.19230769230769232
140 0.8521634615384616 0.6478365384615384 0.17067307692307693 0.19230769230769232
44 0.078125 0.8461538461538461 0.13942307692307693 0.18509615384615385
222 0.6802884615384616 0.13221153846153846 0.13701923076923078 0.1778846153846154