222 0.09495192307692307 0.3449519230769231 0.12980769230769232 0.18028846153846154
44 0.6550480769230769 0.6153846153846154 0.12980769230769232 0.18028846153846154
221 0.09254807692307693 0.5973557692307693 0.1346153846153846 0.18509615384615385
43 0.47836538461538464 0.6129807692307693 0.14182692307692307 0.18990384615384615
140 0.2848557692307692 0.609375 0.1875 0.18028846153846154
222 0.8293269230769231 0.6358173076923077 0.13942307692307693 0.19951923076923078
141 0.10817307692307693 0.8425480769230769 0.18990384615384615 0.18990384615384615
43 0.46033653846153844 0.1141826923076923 0.13701923076923078 0.18509615384615385
140 0.6778846153846154 0.12139423076923077 0.18028846153846154 0.18269230769230768
221 0.10817307692307693 0.10336538461538461 0.13701923076923078 0.17548076923076922
141 0.9038461538461539 0.13701923076923078 0.18028846153846154 0.1875
44 0.2776442307692308 0.11658653846153846 0.1346153846153846 0.1875