43 0.07932692307692307 0.4098557692307692 0.15144230769230768 0.19230769230769232
44 0.6766826923076923 0.5901442307692307 0.1346153846153846 0.19471153846153846
43 0.8725961538461539 0.5625 0.15625 0.1971153846153846
221 0.2980769230769231 0.6454326923076923 0.15144230769230768 0.19951923076923078
222 0.11298076923076923 0.6706730769230769 0.13942307692307693 0.18509615384615385
140 0.49399038461538464 0.6225961538461539 0.1971153846153846 0.20432692307692307
141 0.18028846153846154 0.8990384615384616 0.1971153846153846 0.20192307692307693
44 0.2608173076923077 0.13701923076923078 0.16346153846153846 0.19230769230769232
140 0.08533653846153846 0.16466346153846154 0.17067307692307693 0.2091346153846154
141 0.6382211538461539 0.09254807692307693 0.2091346153846154 0.18509615384615385
221 0.8413461538461539 0.07572115384615384 0.14423076923076922 0.15144230769230768
222 0.4483173076923077 0.1141826923076923 0.15384615384615385 0.1971153846153846