43 0.11658653846153846 0.30408653846153844 0.14903846153846154 0.18990384615384615
44 0.6466346153846154 0.6334134615384616 0.13221153846153846 0.19471153846153846
43 0.84375 0.6574519230769231 0.15384615384615385 0.1971153846153846
221 0.26802884615384615 0.5877403846153846 0.1466346153846154 0.1971153846153846
222 0.08173076923076923 0.5649038461538461 0.13701923076923078 0.18269230769230768
140 0.46274038461538464 0.6165865384615384 0.19471153846153846 0.20192307692307693
141 0.09134615384615384 0.8088942307692307 0.18269230769230768 0.2091346153846154
44 0.3629807692307692 0.09134615384615384 0.15865384615384615 0.18269230769230768
140 0.16947115384615385 0.08413461538461539 0.20432692307692307 0.16826923076923078
141 0.7415865384615384 0.13581730769230768 0.20432692307692307 0.19951923076923078
221 0.9362980769230769 0.15985576923076922 0.12740384615384615 0.18990384615384615
222 0.5492788461538461 0.1141826923076923 0.15144230769230768 0.1971153846153846