43 0.09615384615384616 0.35216346153846156 0.12860576923076922 0.17548076923076922
44 0.6622596153846154 0.6141826923076923 0.11057692307692307 0.1814903846153846
43 0.8605769230769231 0.6141826923076923 0.13221153846153846 0.1814903846153846
221 0.2800480769230769 0.6153846153846154 0.12620192307692307 0.18389423076923078
222 0.09254807692307693 0.6153846153846154 0.11778846153846154 0.17067307692307693
140 0.47716346153846156 0.6201923076923077 0.17307692307692307 0.18269230769230768
141 0.12740384615384615 0.8569711538461539 0.17307692307692307 0.18870192307692307
44 0.3137019230769231 0.10697115384615384 0.13942307692307693 0.17548076923076922
140 0.11899038461538461 0.10817307692307693 0.18389423076923078 0.18509615384615385
141 0.6959134615384616 0.109375 0.18509615384615385 0.1778846153846154
221 0.8990384615384616 0.109375 0.1201923076923077 0.17548076923076922
222 0.5024038461538461 0.11057692307692307 0.1310096153846154 0.1814903846153846