141 0.12740384615384615 0.36899038461538464 0.1814903846153846 0.17548076923076922
44 0.5048076923076923 0.6286057692307693 0.11057692307692307 0.18389423076923078
141 0.8954326923076923 0.6286057692307693 0.17307692307692307 0.1935096153846154
140 0.13581730769230768 0.6334134615384616 0.17908653846153846 0.20552884615384615
221 0.3293269230769231 0.6358173076923077 0.11538461538461539 0.18028846153846154
222 0.6790865384615384 0.6370192307692307 0.14182692307692307 0.19230769230769232
43 0.1045673076923077 0.8846153846153846 0.15144230769230768 0.18509615384615385
43 0.28966346153846156 0.11778846153846154 0.14302884615384615 0.17908653846153846
222 0.8725961538461539 0.11778846153846154 0.14302884615384615 0.171875
221 0.109375 0.1201923076923077 0.13942307692307693 0.17427884615384615
44 0.6838942307692307 0.12139423076923077 0.12860576923076922 0.18509615384615385
140 0.49038461538461536 0.12379807692307693 0.18028846153846154 0.18389423076923078