222 0.6454326923076923 0.11177884615384616 0.14423076923076922 0.18269230769230768
221 0.09975961538461539 0.3954326923076923 0.1466346153846154 0.20432692307692307
222 0.6838942307692307 0.5949519230769231 0.14182692307692307 0.18269230769230768
44 0.859375 0.5841346153846154 0.13221153846153846 0.18990384615384615
43 0.12620192307692307 0.6490384615384616 0.15384615384615385 0.1971153846153846
221 0.5204326923076923 0.6141826923076923 0.12980769230769232 0.20192307692307693
141 0.33413461538461536 0.6310096153846154 0.20432692307692307 0.20432692307692307
140 0.16947115384615385 0.8870192307692307 0.18509615384615385 0.20192307692307693
44 0.0733173076923077 0.15144230769230768 0.1466346153846154 0.1971153846153846
140 0.8461538461538461 0.09254807692307693 0.18269230769230768 0.18509615384615385
141 0.46634615384615385 0.12259615384615384 0.18509615384615385 0.1971153846153846
43 0.265625 0.14182692307692307 0.13701923076923078 0.18269230769230768