221 0.09375 0.35096153846153844 0.12620192307692307 0.17668269230769232
221 0.4891826923076923 0.5985576923076923 0.11298076923076923 0.1814903846153846
43 0.09735576923076923 0.6057692307692307 0.1310096153846154 0.17067307692307693
222 0.6622596153846154 0.609375 0.12379807692307693 0.1814903846153846
44 0.8293269230769231 0.609375 0.1141826923076923 0.18870192307692307
141 0.30408653846153844 0.6129807692307693 0.16346153846153846 0.18509615384615385
140 0.12259615384615384 0.8353365384615384 0.16706730769230768 0.1971153846153846
222 0.6694711538461539 0.11538461538461539 0.11298076923076923 0.1658653846153846
140 0.8581730769230769 0.11538461538461539 0.171875 0.16826923076923078
44 0.09254807692307693 0.11658653846153846 0.12379807692307693 0.16947115384615385
43 0.2860576923076923 0.11899038461538461 0.1310096153846154 0.17067307692307693
141 0.484375 0.11899038461538461 0.16105769230769232 0.16706730769230768