221 0.09134615384615384 0.3581730769230769 0.12980769230769232 0.1778846153846154
221 0.49038461538461536 0.5985576923076923 0.11538461538461539 0.18269230769230768
43 0.09975961538461539 0.6129807692307693 0.1346153846153846 0.17307692307692307
222 0.6646634615384616 0.6069711538461539 0.12740384615384615 0.18269230769230768
44 0.8317307692307693 0.6033653846153846 0.11778846153846154 0.18990384615384615
141 0.30649038461538464 0.6165865384615384 0.1658653846153846 0.1875
140 0.12860576923076922 0.8413461538461539 0.17067307692307693 0.19951923076923078
222 0.6622596153846154 0.11298076923076923 0.11538461538461539 0.16826923076923078
140 0.8509615384615384 0.109375 0.17548076923076922 0.17067307692307693
44 0.08533653846153846 0.12379807692307693 0.12740384615384615 0.17067307692307693
43 0.27884615384615385 0.12259615384615384 0.1346153846153846 0.17307692307692307
141 0.47716346153846156 0.11899038461538461 0.16346153846153846 0.17067307692307693