44 0.07572115384615384 0.43509615384615385 0.15144230769230768 0.20673076923076922
141 0.14903846153846154 0.6682692307692307 0.1971153846153846 0.21634615384615385
221 0.5024038461538461 0.609375 0.14903846153846154 0.18990384615384615
43 0.3389423076923077 0.640625 0.14903846153846154 0.1875
222 0.8882211538461539 0.5432692307692307 0.15625 0.20673076923076922
140 0.7055288461538461 0.5829326923076923 0.18509615384615385 0.20432692307692307
44 0.16346153846153846 0.90625 0.14903846153846154 0.1875
221 0.41346153846153844 0.125 0.15144230769230768 0.1875
43 0.5721153846153846 0.09975961538461539 0.15625 0.18990384615384615
140 0.7824519230769231 0.08052884615384616 0.19471153846153846 0.16105769230769232
222 0.05048076923076923 0.19471153846153846 0.10096153846153846 0.19230769230769232
141 0.22956730769230768 0.1658653846153846 0.19471153846153846 0.21153846153846154