44 0.07572115384615384 0.4266826923076923 0.15144230769230768 0.20432692307692307
141 0.14543269230769232 0.6622596153846154 0.19471153846153846 0.21394230769230768
221 0.5 0.609375 0.1466346153846154 0.1875
43 0.33653846153846156 0.6382211538461539 0.1466346153846154 0.18509615384615385
222 0.8882211538461539 0.5504807692307693 0.15384615384615385 0.20432692307692307
140 0.703125 0.5865384615384616 0.18269230769230768 0.20192307692307693
44 0.15745192307692307 0.9038461538461539 0.1466346153846154 0.19230769230769232
221 0.41947115384615385 0.12379807692307693 0.14903846153846154 0.18509615384615385
43 0.5793269230769231 0.10096153846153846 0.15384615384615385 0.1875
140 0.7908653846153846 0.08173076923076923 0.19230769230769232 0.16346153846153846
222 0.052884615384615384 0.18629807692307693 0.10576923076923077 0.18990384615384615
141 0.23557692307692307 0.16105769230769232 0.19230769230769232 0.2091346153846154