143 0.578125 0.14302884615384615 0.18028846153846154 0.1658653846153846
46 0.12980769230769232 0.0889423076923077 0.15865384615384615 0.17307692307692307
224 0.33533653846153844 0.11778846153846154 0.16346153846153846 0.17307692307692307
45 0.3918269230769231 0.30408653846153844 0.15144230769230768 0.19230769230769232
142 0.1466346153846154 0.2776442307692308 0.1875 0.19471153846153846
45 0.26802884615384615 0.5336538461538461 0.15865384615384615 0.1971153846153846
223 0.09735576923076923 0.5144230769230769 0.14423076923076922 0.1971153846153846
138 0.8846153846153846 0.6442307692307693 0.1875 0.15865384615384615
224 0.42788461538461536 0.6009615384615384 0.1658653846153846 0.1778846153846154
46 0.6418269230769231 0.6274038461538461 0.18269230769230768 0.17548076923076922
143 0.11538461538461539 0.7956730769230769 0.1875 0.16346153846153846
223 0.7992788461538461 0.125 0.17067307692307693 0.1875