143 0.5336538461538461 0.13581730769230768 0.16466346153846154 0.14783653846153846
46 0.0829326923076923 0.13701923076923078 0.13942307692307693 0.15745192307692307
224 0.28966346153846156 0.140625 0.14543269230769232 0.15625
45 0.36899038461538464 0.31850961538461536 0.1310096153846154 0.17668269230769232
142 0.12259615384615384 0.32211538461538464 0.16706730769230768 0.17548076923076922
45 0.27403846153846156 0.5612980769230769 0.13822115384615385 0.18269230769230768
223 0.10216346153846154 0.5637019230769231 0.12259615384615384 0.18269230769230768
138 0.8990384615384616 0.5961538461538461 0.17067307692307693 0.13942307692307693
224 0.4411057692307692 0.609375 0.14783653846153846 0.16105769230769232
46 0.65625 0.609375 0.16466346153846154 0.15625
143 0.15384615384615385 0.8401442307692307 0.171875 0.14302884615384615
223 0.7512019230769231 0.09134615384615384 0.15144230769230768 0.16947115384615385