224 0.7091346153846154 0.14543269230769232 0.14302884615384615 0.14423076923076922
143 0.29086538461538464 0.15144230769230768 0.17307692307692307 0.13822115384615385
46 0.49278846153846156 0.15384615384615385 0.14903846153846154 0.15264423076923078
142 0.1201923076923077 0.3293269230769231 0.1658653846153846 0.18389423076923078
45 0.32211538461538464 0.33052884615384615 0.14302884615384615 0.1622596153846154
223 0.7055288461538461 0.5673076923076923 0.11658653846153846 0.1814903846153846
45 0.5204326923076923 0.5721153846153846 0.11177884615384616 0.17307692307692307
142 0.33052884615384615 0.5817307692307693 0.17307692307692307 0.17307692307692307
138 0.9038461538461539 0.6021634615384616 0.15985576923076922 0.13942307692307693
224 0.08173076923076923 0.6201923076923077 0.14783653846153846 0.13581730769230768
46 0.14543269230769232 0.8509615384615384 0.16706730769230768 0.16105769230769232
223 0.09375 0.0985576923076923 0.11538461538461539 0.1622596153846154