143 0.3269230769230769 0.17307692307692307 0.18509615384615385 0.14903846153846154
46 0.0733173076923077 0.17908653846153846 0.14182692307692307 0.17307692307692307
142 0.10817307692307693 0.38221153846153844 0.17548076923076922 0.19951923076923078
224 0.296875 0.4098557692307692 0.16346153846153846 0.1778846153846154
223 0.7752403846153846 0.6117788461538461 0.13942307692307693 0.19471153846153846
45 0.32091346153846156 0.6213942307692307 0.1466346153846154 0.18028846153846154
143 0.5408653846153846 0.6574519230769231 0.17307692307692307 0.19471153846153846
46 0.078125 0.6706730769230769 0.14182692307692307 0.1875
142 0.12259615384615384 0.8834134615384616 0.18028846153846154 0.20673076923076922
224 0.3161057692307692 0.9014423076923077 0.15865384615384615 0.19230769230769232
45 0.5637019230769231 0.11899038461538461 0.12259615384615384 0.1778846153846154
223 0.7596153846153846 0.11778846153846154 0.1346153846153846 0.1971153846153846