143 0.3329326923076923 0.17067307692307693 0.1814903846153846 0.1466346153846154
46 0.07932692307692307 0.171875 0.13942307692307693 0.17067307692307693
142 0.11057692307692307 0.375 0.17307692307692307 0.1971153846153846
224 0.2980769230769231 0.40625 0.15985576923076922 0.17427884615384615
223 0.7728365384615384 0.6165865384615384 0.13581730769230768 0.19230769230769232
45 0.31850961538461536 0.6177884615384616 0.14423076923076922 0.1778846153846154
143 0.5384615384615384 0.6586538461538461 0.16947115384615385 0.19230769230769232
46 0.07572115384615384 0.6634615384615384 0.13942307692307693 0.18389423076923078
142 0.11538461538461539 0.8762019230769231 0.1778846153846154 0.203125
224 0.3088942307692308 0.8978365384615384 0.15625 0.18870192307692307
45 0.5709134615384616 0.1201923076923077 0.1201923076923077 0.17668269230769232
223 0.7668269230769231 0.12259615384615384 0.13221153846153846 0.19591346153846154