142 0.36778846153846156 0.11658653846153846 0.17307692307692307 0.19230769230769232
46 0.10817307692307693 0.13221153846153846 0.15384615384615385 0.16826923076923078
143 0.7836538461538461 0.1971153846153846 0.18028846153846154 0.15865384615384615
224 0.5372596153846154 0.17908653846153846 0.14903846153846154 0.16826923076923078
45 0.296875 0.3329326923076923 0.14182692307692307 0.18509615384615385
223 0.12379807692307693 0.31971153846153844 0.14182692307692307 0.19471153846153846
223 0.4987980769230769 0.5877403846153846 0.13701923076923078 0.1971153846153846
45 0.09495192307692307 0.5528846153846154 0.14182692307692307 0.20192307692307693
142 0.296875 0.5817307692307693 0.18509615384615385 0.21394230769230768
41 0.9002403846153846 0.6598557692307693 0.12980769230769232 0.1466346153846154
143 0.6875 0.65625 0.17548076923076922 0.17307692307692307
224 0.1045673076923077 0.8353365384615384 0.18269230769230768 0.18028846153846154