144 0.1045673076923077 0.3762019230769231 0.2091346153846154 0.22355769230769232
47 0.9110576923076923 0.4795673076923077 0.1778846153846154 0.19951923076923078
144 0.7091346153846154 0.5120192307692307 0.21153846153846154 0.21153846153846154
225 0.5120192307692307 0.5408653846153846 0.18269230769230768 0.19471153846153846
144 0.12379807692307693 0.5949519230769231 0.21394230769230768 0.20192307692307693
225 0.328125 0.5673076923076923 0.17548076923076922 0.18028846153846154
47 0.140625 0.8004807692307693 0.1875 0.18990384615384615
144 0.44711538461538464 0.10576923076923077 0.2091346153846154 0.20432692307692307
47 0.23798076923076922 0.13581730769230768 0.20192307692307693 0.1971153846153846
47 0.06971153846153846 0.16346153846153846 0.13942307692307693 0.19230769230769232
225 0.6490384615384616 0.09375 0.1875 0.1875
225 0.8317307692307693 0.07932692307692307 0.1875 0.15865384615384615