144 0.11298076923076923 0.33413461538461536 0.20432692307692307 0.20432692307692307
47 0.9134615384615384 0.5240384615384616 0.1658653846153846 0.18509615384615385
144 0.7067307692307693 0.5336538461538461 0.19471153846153846 0.19230769230769232
225 0.5072115384615384 0.5420673076923077 0.1658653846153846 0.1778846153846154
144 0.11538461538461539 0.5552884615384616 0.1971153846153846 0.18509615384615385
225 0.32211538461538464 0.5492788461538461 0.15865384615384615 0.1658653846153846
47 0.11057692307692307 0.7608173076923077 0.17067307692307693 0.17548076923076922
144 0.4879807692307692 0.10216346153846154 0.19230769230769232 0.1875
47 0.2776442307692308 0.11057692307692307 0.18509615384615385 0.18028846153846154
47 0.08774038461538461 0.11899038461538461 0.1658653846153846 0.17548076923076922
225 0.6911057692307693 0.09975961538461539 0.17067307692307693 0.19471153846153846
225 0.8762019230769231 0.09615384615384616 0.17067307692307693 0.1875