47 0.09134615384615384 0.3125 0.16346153846153846 0.16826923076923078
47 0.4651442307692308 0.5252403846153846 0.15625 0.1658653846153846
225 0.0889423076923077 0.5264423076923077 0.1622596153846154 0.16947115384615385
47 0.27403846153846156 0.5300480769230769 0.16947115384615385 0.17307692307692307
144 0.671875 0.5372596153846154 0.19230769230769232 0.19110576923076922
144 0.890625 0.5432692307692307 0.19471153846153846 0.18870192307692307
225 0.09375 0.7475961538461539 0.15865384615384615 0.18269230769230768
225 0.7043269230769231 0.09615384615384616 0.16947115384615385 0.16826923076923078
225 0.9002403846153846 0.0985576923076923 0.16466346153846154 0.171875
47 0.09495192307692307 0.10096153846153846 0.16826923076923078 0.1622596153846154
144 0.2980769230769231 0.10216346153846154 0.18870192307692307 0.16466346153846154
144 0.5120192307692307 0.10576923076923077 0.1935096153846154 0.16947115384615385