47 0.09495192307692307 0.33413461538461536 0.17307692307692307 0.18509615384615385
47 0.3269230769230769 0.5324519230769231 0.17067307692307693 0.17548076923076922
47 0.8629807692307693 0.4879807692307692 0.17307692307692307 0.1658653846153846
225 0.6838942307692307 0.5036057692307693 0.16346153846153846 0.16826923076923078
225 0.5048076923076923 0.5192307692307693 0.15625 0.17307692307692307
144 0.12379807692307693 0.5540865384615384 0.18990384615384615 0.1875
144 0.14543269230769232 0.7536057692307693 0.19951923076923078 0.17548076923076922
225 0.8545673076923077 0.0733173076923077 0.1658653846153846 0.1466346153846154
225 0.46274038461538464 0.09735576923076923 0.17067307692307693 0.18028846153846154
144 0.6598557692307693 0.08774038461538461 0.19471153846153846 0.17548076923076922
47 0.08413461538461539 0.1346153846153846 0.16826923076923078 0.17307692307692307
144 0.27403846153846156 0.12259615384615384 0.19951923076923078 0.1778846153846154