186 0.18269230769230768 0.1622596153846154 0.13942307692307693 0.12740384615384615
186 0.046875 0.17427884615384615 0.09375 0.14182692307692307
119 0.7163461538461539 0.11899038461538461 0.17548076923076922 0.14903846153846154
29 0.5336538461538461 0.13581730769230768 0.14423076923076922 0.12259615384615384
29 0.8858173076923077 0.10697115384615384 0.125 0.13221153846153846
119 0.3641826923076923 0.15384615384615385 0.1778846153846154 0.15144230769230768
194 0.06009615384615385 0.40384615384615385 0.1201923076923077 0.17307692307692307
194 0.22716346153846154 0.3894230769230769 0.13942307692307693 0.16826923076923078
37 0.4110576923076923 0.3762019230769231 0.16346153846153846 0.18509615384615385
160 0.5060096153846154 0.609375 0.18509615384615385 0.1875
160 0.11057692307692307 0.6454326923076923 0.17307692307692307 0.1778846153846154
37 0.31009615384615385 0.6310096153846154 0.14423076923076922 0.16826923076923078
186 0.7728365384615384 0.8617788461538461 0.12980769230769232 0.13221153846153846
119 0.6105769230769231 0.8762019230769231 0.16346153846153846 0.14182692307692307
186 0.42788461538461536 0.8942307692307693 0.1346153846153846 0.15384615384615385
29 0.11658653846153846 0.9254807692307693 0.12740384615384615 0.14903846153846154
119 0.9302884615384616 0.8533653846153846 0.13942307692307693 0.13942307692307693
29 0.28125 0.9170673076923077 0.13701923076923078 0.13221153846153846