141 0.34134615384615385 0.1346153846153846 0.15985576923076922 0.19591346153846154
222 0.8725961538461539 0.13701923076923078 0.125 0.17307692307692307
140 0.125 0.13822115384615385 0.18629807692307693 0.17908653846153846
43 0.6983173076923077 0.140625 0.15264423076923078 0.17668269230769232
221 0.5348557692307693 0.14302884615384615 0.13221153846153846 0.18629807692307693
44 0.09975961538461539 0.37259615384615385 0.13341346153846154 0.17307692307692307
221 0.8798076923076923 0.6237980769230769 0.12259615384615384 0.17548076923076922
222 0.4987980769230769 0.6262019230769231 0.13581730769230768 0.17427884615384615
140 0.12860576923076922 0.6286057692307693 0.17668269230769232 0.1875
141 0.6971153846153846 0.6310096153846154 0.18870192307692307 0.18870192307692307
44 0.3161057692307692 0.6322115384615384 0.13822115384615385 0.17668269230769232
43 0.10096153846153846 0.8641826923076923 0.13221153846153846 0.18028846153846154