119 0.6418269230769231 0.12860576923076922 0.17307692307692307 0.13701923076923078
160 0.1346153846153846 0.31850961538461536 0.18269230769230768 0.16826923076923078
37 0.3317307692307692 0.3329326923076923 0.13942307692307693 0.1778846153846154
186 0.06850961538461539 0.5721153846153846 0.13221153846153846 0.12980769230769232
186 0.4014423076923077 0.59375 0.1201923076923077 0.12259615384615384
29 0.7367788461538461 0.6177884615384616 0.12740384615384615 0.12740384615384615
119 0.2439903846153846 0.59375 0.1658653846153846 0.13701923076923078
119 0.5709134615384616 0.6105769230769231 0.17067307692307693 0.12980769230769232
29 0.8882211538461539 0.6298076923076923 0.13221153846153846 0.13221153846153846
194 0.0985576923076923 0.078125 0.12980769230769232 0.15625
37 0.2776442307692308 0.0889423076923077 0.13942307692307693 0.15865384615384615
194 0.44471153846153844 0.0985576923076923 0.13701923076923078 0.16105769230769232