37 0.4579326923076923 0.3485576923076923 0.1346153846153846 0.16826923076923078
194 0.27163461538461536 0.3557692307692308 0.13942307692307693 0.15384615384615385
37 0.09134615384615384 0.3641826923076923 0.1346153846153846 0.1658653846153846
160 0.3389423076923077 0.609375 0.17548076923076922 0.17067307692307693
160 0.11899038461538461 0.6189903846153846 0.18028846153846154 0.17067307692307693
194 0.09975961538461539 0.8629807692307693 0.1346153846153846 0.17067307692307693
194 0.46033653846153844 0.8509615384615384 0.12259615384615384 0.16826923076923078
37 0.6454326923076923 0.8461538461538461 0.14903846153846154 0.1778846153846154
37 0.28365384615384615 0.8617788461538461 0.1466346153846154 0.18028846153846154
194 0.07692307692307693 0.11057692307692307 0.12980769230769232 0.16346153846153846
160 0.4951923076923077 0.10216346153846154 0.17548076923076922 0.16105769230769232