37 0.47115384615384615 0.34615384615384615 0.13701923076923078 0.17067307692307693
194 0.2848557692307692 0.33533653846153844 0.14182692307692307 0.15625
37 0.1045673076923077 0.3293269230769231 0.13701923076923078 0.16826923076923078
160 0.33052884615384615 0.5949519230769231 0.1778846153846154 0.17548076923076922
160 0.11057692307692307 0.5853365384615384 0.18269230769230768 0.17307692307692307
194 0.06971153846153846 0.8269230769230769 0.13701923076923078 0.17307692307692307
194 0.43028846153846156 0.8461538461538461 0.12740384615384615 0.17067307692307693
37 0.6153846153846154 0.8569711538461539 0.15144230769230768 0.18028846153846154
37 0.2536057692307692 0.8425480769230769 0.14903846153846154 0.18269230769230768
194 0.11177884615384616 0.07932692307692307 0.13221153846153846 0.15865384615384615
160 0.5300480769230769 0.10336538461538461 0.1778846153846154 0.1658653846153846