194 0.07091346153846154 0.3545673076923077 0.12740384615384615 0.1658653846153846
160 0.8161057692307693 0.3173076923076923 0.1658653846153846 0.17067307692307693
194 0.41466346153846156 0.3389423076923077 0.1346153846153846 0.15384615384615385
37 0.24759615384615385 0.34975961538461536 0.12980769230769232 0.16346153846153846
160 0.609375 0.3329326923076923 0.16346153846153846 0.1778846153846154
160 0.11899038461538461 0.5949519230769231 0.16346153846153846 0.16346153846153846
194 0.6550480769230769 0.5721153846153846 0.13942307692307693 0.17067307692307693
160 0.31971153846153844 0.5913461538461539 0.17548076923076922 0.17307692307692307
37 0.4951923076923077 0.5829326923076923 0.13701923076923078 0.16346153846153846
194 0.09134615384615384 0.8293269230769231 0.14182692307692307 0.15865384615384615
37 0.2800480769230769 0.8221153846153846 0.13221153846153846 0.16105769230769232
37 0.0733173076923077 0.1310096153846154 0.13701923076923078 0.1658653846153846