39 0.29927884615384615 0.12740384615384615 0.15384615384615385 0.1778846153846154
193 0.10216346153846154 0.2824519230769231 0.12740384615384615 0.16105769230769232
196 0.4543269230769231 0.36899038461538464 0.14182692307692307 0.1778846153846154
173 0.28365384615384615 0.35096153846153844 0.1658653846153846 0.17067307692307693
193 0.44591346153846156 0.5685096153846154 0.13701923076923078 0.16826923076923078
137 0.2704326923076923 0.5528846153846154 0.17548076923076922 0.16826923076923078
36 0.07451923076923077 0.5360576923076923 0.14423076923076922 0.1875
196 0.5949519230769231 0.6310096153846154 0.15865384615384615 0.1875
173 0.24278846153846154 0.8209134615384616 0.1875 0.1875
39 0.05889423076923077 0.8004807692307693 0.11778846153846154 0.1875
137 0.5012019230769231 0.10576923076923077 0.19471153846153846 0.1658653846153846
36 0.13221153846153846 0.0733173076923077 0.15384615384615385 0.1466346153846154