39 0.41586538461538464 0.15264423076923078 0.14423076923076922 0.17067307692307693
196 0.06490384615384616 0.4170673076923077 0.12980769230769232 0.19471153846153846
173 0.2548076923076923 0.4026442307692308 0.1778846153846154 0.18509615384615385
137 0.109375 0.6237980769230769 0.17548076923076922 0.17548076923076922
193 0.6742788461538461 0.8028846153846154 0.12980769230769232 0.18269230769230768
36 0.32211538461538464 0.8449519230769231 0.1346153846153846 0.17548076923076922
196 0.8377403846153846 0.8221153846153846 0.14903846153846154 0.19230769230769232
39 0.5060096153846154 0.8581730769230769 0.14423076923076922 0.18028846153846154
173 0.14302884615384615 0.9014423076923077 0.17548076923076922 0.17067307692307693
193 0.23197115384615385 0.12620192307692307 0.125 0.16346153846153846
137 0.07451923076923077 0.1466346153846154 0.14903846153846154 0.1778846153846154
36 0.6021634615384616 0.09375 0.14903846153846154 0.16826923076923078