39 0.453125 0.14543269230769232 0.12860576923076922 0.15745192307692307
196 0.07451923076923077 0.3713942307692308 0.11538461538461539 0.18269230769230768
173 0.2668269230769231 0.37740384615384615 0.15985576923076922 0.16947115384615385
137 0.0985576923076923 0.5817307692307693 0.15865384615384615 0.15985576923076922
193 0.6418269230769231 0.8197115384615384 0.11177884615384616 0.171875
36 0.28725961538461536 0.8245192307692307 0.11778846153846154 0.16346153846153846
196 0.8016826923076923 0.8557692307692307 0.13221153846153846 0.17908653846153846
39 0.46875 0.8569711538461539 0.12740384615384615 0.16706730769230768
173 0.10336538461538461 0.8617788461538461 0.16105769230769232 0.15384615384615385
193 0.27283653846153844 0.09975961538461539 0.109375 0.15384615384615385
137 0.09735576923076923 0.10216346153846154 0.1658653846153846 0.1622596153846154
36 0.6442307692307693 0.10697115384615384 0.13341346153846154 0.15625