39 0.4963942307692308 0.14182692307692307 0.1466346153846154 0.17307692307692307
196 0.09375 0.32091346153846156 0.13701923076923078 0.19471153846153846
173 0.28365384615384615 0.34975961538461536 0.18028846153846154 0.1875
137 0.09134615384615384 0.5324519230769231 0.1778846153846154 0.1778846153846154
193 0.6021634615384616 0.8341346153846154 0.13221153846153846 0.18509615384615385
36 0.24879807692307693 0.7956730769230769 0.13701923076923078 0.17548076923076922
196 0.7560096153846154 0.8894230769230769 0.15384615384615385 0.19471153846153846
39 0.4254807692307692 0.8509615384615384 0.1466346153846154 0.18028846153846154
173 0.07572115384615384 0.8100961538461539 0.15144230769230768 0.17307692307692307
193 0.3233173076923077 0.078125 0.12740384615384615 0.15625
137 0.14783653846153846 0.0733173076923077 0.18509615384615385 0.1466346153846154
36 0.6911057692307693 0.12740384615384615 0.15144230769230768 0.17067307692307693