173 0.07932692307692307 0.21514423076923078 0.15865384615384615 0.20432692307692307
193 0.09014423076923077 0.40865384615384615 0.16826923076923078 0.17307692307692307
36 0.6442307692307693 0.31850961538461536 0.18269230769230768 0.20192307692307693
39 0.2800480769230769 0.421875 0.17548076923076922 0.21634615384615385
196 0.4639423076923077 0.3954326923076923 0.16346153846153846 0.19471153846153846
193 0.8894230769230769 0.5384615384615384 0.15144230769230768 0.18269230769230768
36 0.7043269230769231 0.5745192307692307 0.15625 0.18269230769230768
196 0.5300480769230769 0.6442307692307693 0.16346153846153846 0.19471153846153846
173 0.3389423076923077 0.6826923076923077 0.1971153846153846 0.19471153846153846
39 0.12980769230769232 0.7199519230769231 0.16346153846153846 0.18269230769230768
137 0.18870192307692307 0.90625 0.19951923076923078 0.1875
119 0.2776442307692308 0.15625 0.18509615384615385 0.16346153846153846