173 0.140625 0.11658653846153846 0.18509615384615385 0.18990384615384615
193 0.12379807692307693 0.3125 0.15384615384615385 0.16105769230769232
36 0.6838942307692307 0.3581730769230769 0.16826923076923078 0.1875
39 0.30528846153846156 0.3701923076923077 0.15625 0.20192307692307693
196 0.49038461538461536 0.3894230769230769 0.1466346153846154 0.18269230769230768
193 0.8677884615384616 0.6322115384615384 0.13701923076923078 0.17067307692307693
36 0.6802884615384616 0.6225961538461539 0.14182692307692307 0.17307692307692307
196 0.49399038461538464 0.6478365384615384 0.1466346153846154 0.18269230769230768
173 0.3004807692307692 0.6382211538461539 0.18269230769230768 0.18028846153846154
39 0.08774038461538461 0.6237980769230769 0.14903846153846154 0.17067307692307693
137 0.0985576923076923 0.8269230769230769 0.18269230769230768 0.18509615384615385
119 0.36778846153846156 0.11298076923076923 0.17307692307692307 0.14903846153846154