39 0.23317307692307693 0.18870192307692307 0.15384615384615385 0.18269230769230768
29 0.2608173076923077 0.4074519230769231 0.14423076923076922 0.13221153846153846
196 0.08173076923076923 0.4483173076923077 0.14903846153846154 0.18509615384615385
173 0.44591346153846156 0.4050480769230769 0.1875 0.19230769230769232
193 0.10576923076923077 0.6598557692307693 0.14182692307692307 0.16826923076923078
36 0.5072115384615384 0.6129807692307693 0.14903846153846154 0.18269230769230768
137 0.30288461538461536 0.6490384615384616 0.18990384615384615 0.18990384615384615
173 0.8822115384615384 0.6081730769230769 0.18990384615384615 0.20673076923076922
196 0.6790865384615384 0.6370192307692307 0.1466346153846154 0.19951923076923078
39 0.15625 0.9242788461538461 0.1778846153846154 0.15144230769230768
193 0.055288461538461536 0.1622596153846154 0.11057692307692307 0.17548076923076922
137 0.43149038461538464 0.12259615384615384 0.19951923076923078 0.1875