196 0.12139423076923077 0.09735576923076923 0.14903846153846154 0.18990384615384615
39 0.3004807692307692 0.11778846153846154 0.14423076923076922 0.1778846153846154
193 0.5012019230769231 0.3269230769230769 0.1466346153846154 0.1778846153846154
36 0.32572115384615385 0.3137019230769231 0.13701923076923078 0.1778846153846154
173 0.125 0.33774038461538464 0.1971153846153846 0.1778846153846154
193 0.4375 0.5841346153846154 0.13221153846153846 0.17548076923076922
36 0.2536057692307692 0.5685096153846154 0.13942307692307693 0.18269230769230768
137 0.8161057692307693 0.6274038461538461 0.19471153846153846 0.19471153846153846
196 0.0673076923076923 0.5865384615384616 0.1346153846153846 0.19230769230769232
39 0.6129807692307693 0.6442307692307693 0.1778846153846154 0.18509615384615385
173 0.09375 0.8353365384615384 0.1875 0.20432692307692307
137 0.5144230769230769 0.09014423076923077 0.18028846153846154 0.18028846153846154