196 0.08173076923076923 0.13942307692307693 0.1310096153846154 0.17668269230769232
39 0.2620192307692308 0.140625 0.12860576923076922 0.1658653846153846
193 0.4831730769230769 0.328125 0.12980769230769232 0.16466346153846154
36 0.3076923076923077 0.3329326923076923 0.1201923076923077 0.16706730769230768
173 0.11057692307692307 0.37740384615384615 0.18028846153846154 0.16105769230769232
193 0.44711538461538464 0.5901442307692307 0.11538461538461539 0.16346153846153846
36 0.2620192307692308 0.59375 0.12139423076923077 0.171875
137 0.828125 0.59375 0.1778846153846154 0.17668269230769232
196 0.078125 0.6310096153846154 0.11778846153846154 0.1814903846153846
39 0.6274038461538461 0.6322115384615384 0.16105769230769232 0.16947115384615385
173 0.1201923076923077 0.8786057692307693 0.1935096153846154 0.18509615384615385
137 0.47115384615384615 0.09134615384615384 0.16466346153846154 0.16466346153846154