196 0.054086538461538464 0.20793269230769232 0.10817307692307693 0.19471153846153846
39 0.2091346153846154 0.18269230769230768 0.15384615384615385 0.18509615384615385
193 0.4567307692307692 0.3329326923076923 0.15384615384615385 0.18269230769230768
36 0.28365384615384615 0.36538461538461536 0.14423076923076922 0.18269230769230768
173 0.0985576923076923 0.43990384615384615 0.1971153846153846 0.1875
193 0.46153846153846156 0.5973557692307693 0.13942307692307693 0.18028846153846154
36 0.2800480769230769 0.6298076923076923 0.1466346153846154 0.18990384615384615
137 0.8389423076923077 0.5408653846153846 0.20432692307692307 0.20192307692307693
196 0.10336538461538461 0.6959134615384616 0.14423076923076922 0.1971153846153846
39 0.6466346153846154 0.6105769230769231 0.18509615384615385 0.19230769230769232
173 0.18269230769230768 0.9134615384615384 0.22115384615384615 0.17307692307692307
137 0.4074519230769231 0.10096153846153846 0.1875 0.1875