173 0.09615384615384616 0.12620192307692307 0.171875 0.17307692307692307
137 0.8112980769230769 0.31009615384615385 0.15985576923076922 0.16466346153846154
193 0.4170673076923077 0.3112980769230769 0.1466346153846154 0.15865384615384615
36 0.6081730769230769 0.3161057692307692 0.12740384615384615 0.17307692307692307
196 0.24879807692307693 0.35336538461538464 0.11778846153846154 0.17668269230769232
39 0.07932692307692307 0.3629807692307692 0.12139423076923077 0.1658653846153846
137 0.2824519230769231 0.5721153846153846 0.16947115384615385 0.1622596153846154
39 0.07572115384615384 0.609375 0.12379807692307693 0.17668269230769232
193 0.4639423076923077 0.8125 0.11177884615384616 0.16466346153846154
36 0.2932692307692308 0.8137019230769231 0.12740384615384615 0.15985576923076922
196 0.6310096153846154 0.8521634615384616 0.13701923076923078 0.17427884615384615
173 0.09975961538461539 0.8545673076923077 0.15865384615384615 0.17067307692307693