173 0.09014423076923077 0.13341346153846154 0.17548076923076922 0.17548076923076922
137 0.8076923076923077 0.30528846153846156 0.16346153846153846 0.16826923076923078
193 0.41346153846153844 0.3125 0.14903846153846154 0.16105769230769232
36 0.6045673076923077 0.3137019230769231 0.12980769230769232 0.17548076923076922
196 0.24639423076923078 0.3581730769230769 0.1201923076923077 0.1778846153846154
39 0.07692307692307693 0.3701923076923077 0.125 0.16826923076923078
137 0.28365384615384615 0.5757211538461539 0.17307692307692307 0.1658653846153846
39 0.078125 0.6165865384615384 0.12740384615384615 0.1778846153846154
193 0.4699519230769231 0.8125 0.11538461538461539 0.1658653846153846
36 0.29927884615384615 0.8173076923076923 0.12980769230769232 0.16105769230769232
196 0.6370192307692307 0.8497596153846154 0.13942307692307693 0.17548076923076922
173 0.10576923076923077 0.8617788461538461 0.16105769230769232 0.17307692307692307