173 0.14423076923076922 0.08774038461538461 0.19230769230769232 0.17548076923076922
137 0.8317307692307693 0.34975961538461536 0.1778846153846154 0.18269230769230768
193 0.4411057692307692 0.30288461538461536 0.1658653846153846 0.17548076923076922
36 0.6298076923076923 0.33052884615384615 0.1466346153846154 0.1875
196 0.26802884615384615 0.3233173076923077 0.13942307692307693 0.18990384615384615
39 0.09975961538461539 0.3125 0.14182692307692307 0.18028846153846154
137 0.27524038461538464 0.5444711538461539 0.1875 0.18269230769230768
39 0.06850961538461539 0.5564903846153846 0.13701923076923078 0.18990384615384615
193 0.4266826923076923 0.8052884615384616 0.13221153846153846 0.1778846153846154
36 0.25600961538461536 0.7860576923076923 0.1466346153846154 0.17307692307692307
196 0.5865384615384616 0.8653846153846154 0.15625 0.18990384615384615
173 0.07451923076923077 0.8016826923076923 0.14903846153846154 0.18990384615384615