173 0.6177884615384616 0.1346153846153846 0.16947115384615385 0.1622596153846154
196 0.23798076923076922 0.13942307692307693 0.11658653846153846 0.15865384615384615
137 0.28365384615384615 0.3233173076923077 0.15985576923076922 0.14903846153846154
39 0.09134615384615384 0.3713942307692308 0.13822115384615385 0.1658653846153846
137 0.27283653846153844 0.5673076923076923 0.16105769230769232 0.16346153846153846
193 0.078125 0.5685096153846154 0.12740384615384615 0.1466346153846154
119 0.6526442307692307 0.5841346153846154 0.15985576923076922 0.1346153846153846
39 0.4483173076923077 0.6105769230769231 0.14182692307692307 0.16105769230769232
36 0.2776442307692308 0.8040865384615384 0.11538461538461539 0.15625
196 0.09735576923076923 0.8377403846153846 0.12980769230769232 0.16346153846153846
36 0.4206730769230769 0.09975961538461539 0.14543269230769232 0.16346153846153846
193 0.08173076923076923 0.10096153846153846 0.11057692307692307 0.15625