173 0.6045673076923077 0.1310096153846154 0.17548076923076922 0.16826923076923078
196 0.22596153846153846 0.14903846153846154 0.12259615384615384 0.16346153846153846
137 0.2776442307692308 0.33052884615384615 0.1658653846153846 0.15384615384615385
39 0.08653846153846154 0.3858173076923077 0.14423076923076922 0.17067307692307693
137 0.27524038461538464 0.5757211538461539 0.1658653846153846 0.16826923076923078
193 0.08052884615384616 0.5829326923076923 0.13221153846153846 0.15144230769230768
119 0.6550480769230769 0.5793269230769231 0.16346153846153846 0.13942307692307693
39 0.4519230769230769 0.6117788461538461 0.1466346153846154 0.1658653846153846
36 0.28846153846153844 0.8112980769230769 0.1201923076923077 0.16105769230769232
196 0.109375 0.8521634615384616 0.1346153846153846 0.16826923076923078
36 0.40625 0.10336538461538461 0.15144230769230768 0.16826923076923078
193 0.06850961538461539 0.11538461538461539 0.11538461538461539 0.16105769230769232