173 0.5721153846153846 0.12259615384615384 0.1875 0.18269230769230768
196 0.19591346153846154 0.17427884615384615 0.1346153846153846 0.17067307692307693
137 0.26322115384615385 0.35096153846153844 0.1778846153846154 0.16826923076923078
39 0.078125 0.421875 0.15625 0.18028846153846154
137 0.2824519230769231 0.5949519230769231 0.18028846153846154 0.18269230769230768
193 0.09014423076923077 0.6189903846153846 0.14423076923076922 0.16105769230769232
119 0.6622596153846154 0.5649038461538461 0.17548076923076922 0.15384615384615385
39 0.46274038461538464 0.6165865384615384 0.16105769230769232 0.1778846153846154
36 0.3161057692307692 0.8293269230769231 0.1346153846153846 0.16826923076923078
196 0.14182692307692307 0.8846153846153846 0.14903846153846154 0.1778846153846154
36 0.37259615384615385 0.11298076923076923 0.16346153846153846 0.18028846153846154
193 0.05048076923076923 0.15384615384615385 0.10096153846153846 0.16826923076923078