187 0.08533653846153846 0.16346153846153846 0.15504807692307693 0.15625
120 0.29447115384615385 0.16466346153846154 0.18990384615384615 0.16826923076923078
30 0.10576923076923077 0.40024038461538464 0.16947115384615385 0.14302884615384615
189 0.8509615384615384 0.6153846153846154 0.15144230769230768 0.18990384615384615
32 0.6742788461538461 0.6322115384615384 0.11899038461538461 0.20552884615384615
120 0.31009615384615385 0.6550480769230769 0.18509615384615385 0.16466346153846154
30 0.1045673076923077 0.6598557692307693 0.15384615384615385 0.15384615384615385
187 0.5024038461538461 0.6622596153846154 0.15865384615384615 0.14903846153846154
122 0.109375 0.8665865384615384 0.17307692307692307 0.18990384615384615
122 0.6923076923076923 0.10697115384615384 0.16466346153846154 0.1814903846153846
189 0.8774038461538461 0.109375 0.12740384615384615 0.17427884615384615
32 0.47716346153846156 0.11899038461538461 0.1502403846153846 0.16947115384615385