187 0.1502403846153846 0.09615384615384616 0.18028846153846154 0.18028846153846154
120 0.3557692307692308 0.1346153846153846 0.21634615384615385 0.19951923076923078
30 0.12860576923076922 0.3329326923076923 0.19230769230769232 0.17067307692307693
189 0.8257211538461539 0.6742788461538461 0.18269230769230768 0.21394230769230768
32 0.6490384615384616 0.6610576923076923 0.15384615384615385 0.22355769230769232
120 0.2860576923076923 0.6201923076923077 0.21153846153846154 0.19471153846153846
30 0.08533653846153846 0.5889423076923077 0.17067307692307693 0.1778846153846154
187 0.47475961538461536 0.6598557692307693 0.18269230769230768 0.17548076923076922
122 0.07692307692307693 0.7932692307692307 0.15384615384615385 0.21634615384615385
122 0.7572115384615384 0.1466346153846154 0.19471153846153846 0.20673076923076922
189 0.9302884615384616 0.17908653846153846 0.13942307692307693 0.19471153846153846
32 0.5432692307692307 0.12139423076923077 0.1778846153846154 0.19230769230769232