187 0.07692307692307693 0.17668269230769232 0.15384615384615385 0.16105769230769232
120 0.2824519230769231 0.171875 0.19471153846153846 0.17548076923076922
30 0.10216346153846154 0.41346153846153844 0.17548076923076922 0.14903846153846154
189 0.8545673076923077 0.6033653846153846 0.15865384615384615 0.19471153846153846
32 0.6790865384615384 0.6262019230769231 0.125 0.2091346153846154
120 0.3161057692307692 0.6610576923076923 0.18990384615384615 0.17067307692307693
30 0.11057692307692307 0.6730769230769231 0.15865384615384615 0.15865384615384615
187 0.5084134615384616 0.6622596153846154 0.16346153846153846 0.15384615384615385
122 0.12259615384615384 0.8798076923076923 0.18028846153846154 0.19471153846153846
122 0.6778846153846154 0.10096153846153846 0.17067307692307693 0.1875
189 0.8629807692307693 0.09615384615384616 0.13221153846153846 0.1778846153846154
32 0.4639423076923077 0.1201923076923077 0.15625 0.17548076923076922