221 0.32572115384615385 0.12139423076923077 0.125 0.17067307692307693
44 0.4879807692307692 0.125 0.12980769230769232 0.1658653846153846
140 0.14302884615384615 0.12139423076923077 0.17307692307692307 0.17548076923076922
222 0.6766826923076923 0.1310096153846154 0.12740384615384615 0.16826923076923078
141 0.8653846153846154 0.13942307692307693 0.17307692307692307 0.18509615384615385
43 0.1201923076923077 0.3485576923076923 0.1346153846153846 0.16105769230769232
43 0.3173076923076923 0.5997596153846154 0.12980769230769232 0.18269230769230768
221 0.49038461538461536 0.6069711538461539 0.125 0.17307692307692307
222 0.8677884615384616 0.6141826923076923 0.11778846153846154 0.16826923076923078
140 0.6862980769230769 0.6117788461538461 0.1658653846153846 0.1778846153846154
141 0.13341346153846154 0.6045673076923077 0.17307692307692307 0.19951923076923078
44 0.1045673076923077 0.8305288461538461 0.125 0.18509615384615385