221 0.30649038461538464 0.1310096153846154 0.12740384615384615 0.17307692307692307
44 0.46875 0.12620192307692307 0.13221153846153846 0.16826923076923078
140 0.12379807692307693 0.140625 0.17548076923076922 0.1778846153846154
222 0.6574519230769231 0.12139423076923077 0.12980769230769232 0.17067307692307693
141 0.8461538461538461 0.12139423076923077 0.1778846153846154 0.1875
43 0.11298076923076923 0.36899038461538464 0.13701923076923078 0.16346153846153846
43 0.32211538461538464 0.609375 0.13221153846153846 0.18509615384615385
221 0.4963942307692308 0.6069711538461539 0.12740384615384615 0.17548076923076922
222 0.8737980769230769 0.5949519230769231 0.1201923076923077 0.17067307692307693
140 0.6923076923076923 0.6009615384615384 0.16826923076923078 0.18028846153846154
141 0.13942307692307693 0.6237980769230769 0.1778846153846154 0.20192307692307693
44 0.12259615384615384 0.8509615384615384 0.12740384615384615 0.1875