187 0.8509615384615384 0.1346153846153846 0.14783653846153846 0.14543269230769232
30 0.6646634615384616 0.13942307692307693 0.16105769230769232 0.1658653846153846
120 0.10576923076923077 0.3858173076923077 0.19110576923076922 0.14543269230769232
189 0.25841346153846156 0.5889423076923077 0.11298076923076923 0.1622596153846154
32 0.45072115384615385 0.5949519230769231 0.13341346153846154 0.18028846153846154
187 0.8461538461538461 0.6286057692307693 0.15625 0.14302884615384615
30 0.0985576923076923 0.6286057692307693 0.15985576923076922 0.14903846153846154
120 0.6526442307692307 0.6358173076923077 0.18389423076923078 0.14903846153846154
122 0.10096153846153846 0.8401442307692307 0.16105769230769232 0.1875
122 0.28725961538461536 0.10336538461538461 0.16947115384615385 0.16466346153846154
32 0.08774038461538461 0.1045673076923077 0.11899038461538461 0.171875
189 0.4651442307692308 0.10697115384615384 0.12379807692307693 0.16706730769230768