32 0.08052884615384616 0.125 0.125 0.16947115384615385
189 0.640625 0.12620192307692307 0.12620192307692307 0.16466346153846154
120 0.29086538461538464 0.16346153846153846 0.18629807692307693 0.1310096153846154
187 0.4855769230769231 0.16466346153846154 0.14543269230769232 0.140625
30 0.09254807692307693 0.4026442307692308 0.16466346153846154 0.13942307692307693
32 0.8317307692307693 0.6129807692307693 0.14423076923076922 0.17908653846153846
32 0.08653846153846154 0.6213942307692307 0.1346153846153846 0.17067307692307693
187 0.4567307692307692 0.6526442307692307 0.14903846153846154 0.13942307692307693
30 0.28125 0.6538461538461539 0.16706730769230768 0.15384615384615385
120 0.6550480769230769 0.65625 0.18028846153846154 0.15384615384615385
122 0.09735576923076923 0.8557692307692307 0.15625 0.17668269230769232
122 0.8377403846153846 0.12139423076923077 0.16706730769230768 0.18028846153846154