32 0.14423076923076922 0.078125 0.14903846153846154 0.15625
189 0.6971153846153846 0.15264423076923078 0.15144230769230768 0.18269230769230768
120 0.34615384615384615 0.1346153846153846 0.20432692307692307 0.15865384615384615
187 0.5384615384615384 0.16706730769230768 0.1658653846153846 0.16105769230769232
30 0.11298076923076923 0.3401442307692308 0.18509615384615385 0.16346153846153846
32 0.8100961538461539 0.6634615384615384 0.17067307692307693 0.19951923076923078
32 0.07572115384615384 0.5540865384615384 0.15144230769230768 0.18990384615384615
187 0.4338942307692308 0.6442307692307693 0.16826923076923078 0.16105769230769232
30 0.25961538461538464 0.6177884615384616 0.18990384615384615 0.1778846153846154
120 0.6286057692307693 0.6790865384615384 0.20192307692307693 0.18028846153846154
122 0.06850961538461539 0.7872596153846154 0.13701923076923078 0.19951923076923078
122 0.8930288461538461 0.17908653846153846 0.19230769230769232 0.20432692307692307