189 0.8677884615384616 0.12620192307692307 0.1141826923076923 0.16947115384615385
32 0.09975961538461539 0.12860576923076922 0.13701923076923078 0.17307692307692307
122 0.5072115384615384 0.1310096153846154 0.15865384615384615 0.16826923076923078
30 0.7103365384615384 0.16346153846153846 0.16346153846153846 0.140625
120 0.3088942307692308 0.16826923076923078 0.18870192307692307 0.13701923076923078
187 0.10216346153846154 0.390625 0.15144230769230768 0.14903846153846154
32 0.0985576923076923 0.6081730769230769 0.12740384615384615 0.18509615384615385
189 0.27283653846153844 0.609375 0.11899038461538461 0.16947115384615385
122 0.6706730769230769 0.6141826923076923 0.15264423076923078 0.17307692307692307
120 0.4735576923076923 0.6418269230769231 0.18870192307692307 0.15384615384615385
30 0.8786057692307693 0.6538461538461539 0.15504807692307693 0.14302884615384615
187 0.10096153846153846 0.875 0.16346153846153846 0.14783653846153846