30 0.7860576923076923 0.09735576923076923 0.17067307692307693 0.15384615384615385
120 0.59375 0.12620192307692307 0.19230769230769232 0.16105769230769232
122 0.08533653846153846 0.37259615384615385 0.17067307692307693 0.19230769230769232
122 0.10216346153846154 0.6274038461538461 0.17067307692307693 0.1971153846153846
189 0.8497596153846154 0.5528846153846154 0.12980769230769232 0.1778846153846154
32 0.5 0.5913461538461539 0.1466346153846154 0.19230769230769232
187 0.6971153846153846 0.6057692307692307 0.17548076923076922 0.16826923076923078
120 0.3317307692307692 0.6466346153846154 0.20432692307692307 0.18028846153846154
30 0.12980769230769232 0.9026442307692307 0.17067307692307693 0.16105769230769232
32 0.36778846153846156 0.10697115384615384 0.14903846153846154 0.1875
188 0.046875 0.14182692307692307 0.09375 0.17307692307692307
189 0.18990384615384615 0.12740384615384615 0.14182692307692307 0.17548076923076922