31 0.47716346153846156 0.3401442307692308 0.14423076923076922 0.18269230769230768
38 0.10216346153846154 0.35697115384615385 0.1346153846153846 0.19471153846153846
172 0.8521634615384616 0.3329326923076923 0.18028846153846154 0.18990384615384615
188 0.6526442307692307 0.3389423076923077 0.13221153846153846 0.16105769230769232
121 0.30408653846153844 0.3545673076923077 0.15625 0.17067307692307693
195 0.09495192307692307 0.5973557692307693 0.13701923076923078 0.18028846153846154
38 0.6237980769230769 0.578125 0.125 0.18028846153846154
188 0.26802884615384615 0.5973557692307693 0.12980769230769232 0.17548076923076922
31 0.4375 0.5949519230769231 0.13221153846153846 0.17548076923076922
172 0.13221153846153846 0.828125 0.16826923076923078 0.1778846153846154
121 0.34134615384615385 0.8257211538461539 0.17307692307692307 0.17548076923076922
195 0.08173076923076923 0.12379807692307693 0.12740384615384615 0.1778846153846154