172 0.10576923076923077 0.12740384615384615 0.15985576923076922 0.1814903846153846
121 0.8064903846153846 0.35336538461538464 0.18028846153846154 0.1875
38 0.44350961538461536 0.3545673076923077 0.13822115384615385 0.1778846153846154
195 0.07572115384615384 0.3557692307692308 0.12259615384615384 0.1814903846153846
188 0.6141826923076923 0.35697115384615385 0.13221153846153846 0.18990384615384615
31 0.2608173076923077 0.3641826923076923 0.12860576923076922 0.1814903846153846
38 0.08653846153846154 0.6009615384615384 0.1346153846153846 0.18269230769230768
195 0.28725961538461536 0.8329326923076923 0.1310096153846154 0.18269230769230768
188 0.4675480769230769 0.8377403846153846 0.13822115384615385 0.16105769230769232
121 0.6478365384615384 0.8401442307692307 0.17067307692307693 0.16706730769230768
172 0.109375 0.8425480769230769 0.15384615384615385 0.19110576923076922
31 0.8497596153846154 0.8449519230769231 0.1310096153846154 0.17067307692307693