195 0.08533653846153846 0.3581730769230769 0.125 0.1778846153846154
38 0.2848557692307692 0.6129807692307693 0.12980769230769232 0.18269230769230768
31 0.10697115384615384 0.6225961538461539 0.12980769230769232 0.18028846153846154
195 0.5120192307692307 0.8473557692307693 0.12980769230769232 0.18269230769230768
172 0.11778846153846154 0.8581730769230769 0.17067307692307693 0.1875
188 0.6899038461538461 0.8497596153846154 0.13942307692307693 0.17548076923076922
121 0.33052884615384615 0.8569711538461539 0.17548076923076922 0.17548076923076922
38 0.09375 0.1201923076923077 0.15144230769230768 0.1875
172 0.6862980769230769 0.11057692307692307 0.16826923076923078 0.1875
121 0.46875 0.1141826923076923 0.17548076923076922 0.17548076923076922
188 0.27524038461538464 0.12139423076923077 0.12980769230769232 0.16346153846153846
31 0.8822115384615384 0.11298076923076923 0.14423076923076922 0.1778846153846154