195 0.07211538461538461 0.4026442307692308 0.14423076923076922 0.18990384615384615
38 0.296875 0.6346153846153846 0.14903846153846154 0.19471153846153846
31 0.12139423076923077 0.6622596153846154 0.14903846153846154 0.19230769230769232
195 0.5480769230769231 0.84375 0.14903846153846154 0.19471153846153846
172 0.15745192307692307 0.8954326923076923 0.18990384615384615 0.20432692307692307
188 0.7259615384615384 0.828125 0.15625 0.18990384615384615
121 0.36899038461538464 0.8725961538461539 0.19230769230769232 0.19230769230769232
38 0.06971153846153846 0.16346153846153846 0.13942307692307693 0.20192307692307693
172 0.6454326923076923 0.09735576923076923 0.18509615384615385 0.19471153846153846
121 0.42908653846153844 0.1201923076923077 0.19230769230769232 0.19230769230769232
188 0.23798076923076922 0.1466346153846154 0.1466346153846154 0.17548076923076922
31 0.8401442307692307 0.08533653846153846 0.16105769230769232 0.17067307692307693