38 0.09375 0.3713942307692308 0.15865384615384615 0.20552884615384615
121 0.10336538461538461 0.6358173076923077 0.16826923076923078 0.17307692307692307
172 0.3233173076923077 0.6358173076923077 0.17427884615384615 0.19471153846153846
195 0.4579326923076923 0.8762019230769231 0.13221153846153846 0.1875
38 0.08413461538461539 0.8822115384615384 0.13942307692307693 0.18870192307692307
188 0.6502403846153846 0.8834134615384616 0.1622596153846154 0.18389423076923078
31 0.2860576923076923 0.8858173076923077 0.15384615384615385 0.18028846153846154
172 0.10096153846153846 0.11899038461538461 0.171875 0.18629807692307693
195 0.47596153846153844 0.1201923076923077 0.1466346153846154 0.18269230769230768
188 0.28966346153846156 0.12259615384615384 0.12980769230769232 0.17908653846153846
121 0.8689903846153846 0.12259615384615384 0.17668269230769232 0.18028846153846154
31 0.6550480769230769 0.12379807692307693 0.14302884615384615 0.18028846153846154