38 0.10697115384615384 0.33653846153846156 0.17548076923076922 0.21875
121 0.09254807692307693 0.6009615384615384 0.18269230769230768 0.1875
172 0.3125 0.6201923076923077 0.18990384615384615 0.2091346153846154
195 0.4254807692307692 0.8713942307692307 0.14903846153846154 0.1971153846153846
38 0.06490384615384616 0.8449519230769231 0.12980769230769232 0.19951923076923078
188 0.6165865384615384 0.8954326923076923 0.1778846153846154 0.1971153846153846
31 0.2536057692307692 0.8653846153846154 0.16826923076923078 0.19230769230769232
172 0.1346153846153846 0.09254807692307693 0.1875 0.18509615384615385
195 0.5096153846153846 0.11899038461538461 0.16105769230769232 0.19471153846153846
188 0.3233173076923077 0.10576923076923077 0.14423076923076922 0.18990384615384615
121 0.9002403846153846 0.15625 0.19230769230769232 0.19471153846153846
31 0.6875 0.13822115384615385 0.15865384615384615 0.19230769230769232