38 0.0889423076923077 0.35096153846153844 0.13341346153846154 0.18389423076923078
31 0.28125 0.3557692307692308 0.1658653846153846 0.171875
121 0.4951923076923077 0.3605769230769231 0.171875 0.18870192307692307
38 0.48677884615384615 0.6069711538461539 0.14783653846153846 0.17908653846153846
188 0.29086538461538464 0.6081730769230769 0.11778846153846154 0.17067307692307693
121 0.109375 0.6141826923076923 0.1875 0.16466346153846154
172 0.515625 0.8485576923076923 0.17307692307692307 0.17668269230769232
172 0.109375 0.8497596153846154 0.1622596153846154 0.1875
31 0.3125 0.8509615384615384 0.13942307692307693 0.17067307692307693
172 0.11177884615384616 0.109375 0.15384615384615385 0.18269230769230768
50 0.4567307692307692 0.11057692307692307 0.11899038461538461 0.1778846153846154
188 0.2980769230769231 0.11177884615384616 0.1310096153846154 0.16706730769230768