38 0.1141826923076923 0.2956730769230769 0.15865384615384615 0.19951923076923078
31 0.30288461538461536 0.3269230769230769 0.1875 0.19230769230769232
121 0.5144230769230769 0.36177884615384615 0.1971153846153846 0.21153846153846154
38 0.4723557692307692 0.6045673076923077 0.17067307692307693 0.1971153846153846
188 0.2776442307692308 0.578125 0.13942307692307693 0.18509615384615385
121 0.10096153846153846 0.5588942307692307 0.20192307692307693 0.18990384615384615
172 0.4675480769230769 0.8473557692307693 0.1971153846153846 0.19951923076923078
172 0.07932692307692307 0.7920673076923077 0.15865384615384615 0.2091346153846154
31 0.265625 0.8209134615384616 0.16105769230769232 0.1875
172 0.16826923076923078 0.07932692307692307 0.1778846153846154 0.15865384615384615
50 0.5108173076923077 0.10817307692307693 0.14182692307692307 0.19230769230769232
188 0.35336538461538464 0.0889423076923077 0.15384615384615385 0.1778846153846154