31 0.09615384615384616 0.3762019230769231 0.15144230769230768 0.1814903846153846
38 0.09014423076923077 0.6213942307692307 0.140625 0.19831730769230768
188 0.2644230769230769 0.625 0.12860576923076922 0.171875
121 0.4675480769230769 0.6262019230769231 0.17307692307692307 0.1814903846153846
172 0.8834134615384616 0.6298076923076923 0.16947115384615385 0.21394230769230768
31 0.6730769230769231 0.6322115384615384 0.14903846153846154 0.1778846153846154
195 0.06850961538461539 0.8701923076923077 0.11298076923076923 0.18509615384615385
195 0.5060096153846154 0.11298076923076923 0.14423076923076922 0.1778846153846154
38 0.8725961538461539 0.11538461538461539 0.13701923076923078 0.18629807692307693
121 0.31971153846153844 0.11538461538461539 0.17908653846153846 0.18269230769230768
188 0.6778846153846154 0.1201923076923077 0.14302884615384615 0.18389423076923078
172 0.10096153846153846 0.1201923076923077 0.16466346153846154 0.19110576923076922