124 0.8725961538461539 0.15264423076923078 0.16826923076923078 0.14903846153846154
34 0.2764423076923077 0.16346153846153846 0.1466346153846154 0.15144230769230768
191 0.640625 0.15865384615384615 0.15144230769230768 0.16105769230769232
33 0.09254807692307693 0.3401442307692308 0.13942307692307693 0.17067307692307693
190 0.6838942307692307 0.5576923076923077 0.1201923076923077 0.17548076923076922
123 0.8894230769230769 0.5625 0.16826923076923078 0.1778846153846154
33 0.31490384615384615 0.5733173076923077 0.12980769230769232 0.1778846153846154
124 0.10336538461538461 0.6153846153846154 0.1658653846153846 0.15865384615384615
191 0.4735576923076923 0.6117788461538461 0.15144230769230768 0.15384615384615385
34 0.08173076923076923 0.8377403846153846 0.14423076923076922 0.15865384615384615
190 0.484375 0.11538461538461539 0.11778846153846154 0.16105769230769232
123 0.09735576923076923 0.12259615384615384 0.15865384615384615 0.16105769230769232