45 0.6971153846153846 0.1141826923076923 0.12259615384615384 0.1778846153846154
223 0.2860576923076923 0.1310096153846154 0.1201923076923077 0.17067307692307693
138 0.9014423076923077 0.14423076923076922 0.16826923076923078 0.13701923076923078
143 0.4807692307692308 0.1658653846153846 0.1658653846153846 0.15384615384615385
224 0.07692307692307693 0.18509615384615385 0.14903846153846154 0.16346153846153846
46 0.1201923076923077 0.40625 0.14182692307692307 0.14423076923076922
142 0.3641826923076923 0.5889423076923077 0.16826923076923078 0.18269230769230768
143 0.12860576923076922 0.6358173076923077 0.17067307692307693 0.15144230769230768
46 0.5408653846153846 0.6262019230769231 0.13942307692307693 0.15144230769230768
224 0.7391826923076923 0.6213942307692307 0.17067307692307693 0.13942307692307693
45 0.11177884615384616 0.8173076923076923 0.14182692307692307 0.16826923076923078
223 0.3173076923076923 0.8112980769230769 0.13701923076923078 0.18269230769230768