191 0.23918269230769232 0.15745192307692307 0.16105769230769232 0.17067307692307693
124 0.8930288461538461 0.14783653846153846 0.15865384615384615 0.14903846153846154
34 0.09375 0.39302884615384615 0.16346153846153846 0.15625
190 0.9074519230769231 0.5673076923076923 0.13221153846153846 0.1778846153846154
33 0.7367788461538461 0.578125 0.1346153846153846 0.19230769230769232
123 0.5336538461538461 0.5853365384615384 0.16346153846153846 0.1778846153846154
191 0.078125 0.625 0.14182692307692307 0.15384615384615385
34 0.29447115384615385 0.6298076923076923 0.15384615384615385 0.18269230769230768
124 0.12980769230769232 0.8533653846153846 0.16826923076923078 0.15625
190 0.07692307692307693 0.11538461538461539 0.12740384615384615 0.16826923076923078
33 0.4879807692307692 0.11177884615384616 0.14182692307692307 0.17067307692307693
123 0.6790865384615384 0.11177884615384616 0.15865384615384615 0.18509615384615385