124 0.2932692307692308 0.13341346153846154 0.16346153846153846 0.15144230769230768
190 0.140625 0.31971153846153844 0.14423076923076922 0.16105769230769232
33 0.6947115384615384 0.5324519230769231 0.14903846153846154 0.19230769230769232
190 0.29447115384615385 0.5492788461538461 0.12259615384615384 0.1875
123 0.11298076923076923 0.5576923076923077 0.1778846153846154 0.18269230769230768
124 0.8930288461538461 0.5709134615384616 0.15865384615384615 0.15865384615384615
34 0.4723557692307692 0.5865384615384616 0.16346153846153846 0.1875
191 0.08774038461538461 0.8245192307692307 0.15144230769230768 0.14423076923076922
123 0.5288461538461539 0.08533653846153846 0.15865384615384615 0.17067307692307693
33 0.7283653846153846 0.0829326923076923 0.1346153846153846 0.1658653846153846
29 0.9122596153846154 0.10576923076923077 0.12980769230769232 0.12740384615384615
191 0.0673076923076923 0.13822115384615385 0.1346153846153846 0.17067307692307693