124 0.3605769230769231 0.10336538461538461 0.1778846153846154 0.1658653846153846
190 0.17668269230769232 0.2608173076923077 0.15865384615384615 0.17307692307692307
33 0.6862980769230769 0.5661057692307693 0.16826923076923078 0.20432692307692307
190 0.28966346153846156 0.5132211538461539 0.14182692307692307 0.1971153846153846
123 0.109375 0.49038461538461536 0.19471153846153846 0.19951923076923078
124 0.875 0.6382211538461539 0.17307692307692307 0.17307692307692307
34 0.4579326923076923 0.5805288461538461 0.18028846153846154 0.20192307692307693
191 0.06009615384615385 0.7475961538461539 0.1201923076923077 0.15865384615384615
123 0.6009615384615384 0.09615384615384616 0.17548076923076922 0.1875
33 0.7980769230769231 0.12860576923076922 0.15144230769230768 0.18269230769230768
29 0.9519230769230769 0.18269230769230768 0.09615384615384616 0.13942307692307693
191 0.1310096153846154 0.07932692307692307 0.16105769230769232 0.15865384615384615