191 0.484375 0.15865384615384615 0.1466346153846154 0.17548076923076922
34 0.6971153846153846 0.16105769230769232 0.17067307692307693 0.16826923076923078
124 0.11177884615384616 0.16466346153846154 0.17548076923076922 0.16105769230769232
123 0.109375 0.3449519230769231 0.17427884615384615 0.16346153846153846
33 0.2956730769230769 0.5793269230769231 0.1201923076923077 0.16466346153846154
190 0.6850961538461539 0.5805288461538461 0.12139423076923077 0.18629807692307693
191 0.07932692307692307 0.6225961538461539 0.13822115384615385 0.15144230769230768
124 0.8882211538461539 0.6237980769230769 0.15144230769230768 0.16105769230769232
34 0.47596153846153844 0.625 0.1466346153846154 0.1658653846153846
123 0.11538461538461539 0.8064903846153846 0.15384615384615385 0.17067307692307693
33 0.9170673076923077 0.1201923076923077 0.140625 0.171875
190 0.31971153846153844 0.12379807692307693 0.13581730769230768 0.171875