191 0.4963942307692308 0.15865384615384615 0.15384615384615385 0.18028846153846154
34 0.7091346153846154 0.16826923076923078 0.17548076923076922 0.17307692307692307
124 0.12379807692307693 0.15144230769230768 0.18028846153846154 0.16826923076923078
123 0.11538461538461539 0.3317307692307692 0.18028846153846154 0.16826923076923078
33 0.2932692307692308 0.5721153846153846 0.125 0.16826923076923078
190 0.6826923076923077 0.5865384615384616 0.12740384615384615 0.18990384615384615
191 0.07572115384615384 0.6081730769230769 0.14423076923076922 0.15625
124 0.8834134615384616 0.6370192307692307 0.15625 0.1658653846153846
34 0.47115384615384615 0.6237980769230769 0.15144230769230768 0.17067307692307693
123 0.1045673076923077 0.7932692307692307 0.15865384615384615 0.17548076923076922
33 0.9278846153846154 0.13341346153846154 0.14423076923076922 0.17548076923076922
190 0.3329326923076923 0.11778846153846154 0.14182692307692307 0.17548076923076922