191 0.24278846153846154 0.1502403846153846 0.12980769230769232 0.15985576923076922
124 0.8786057692307693 0.15745192307692307 0.15865384615384615 0.16706730769230768
34 0.46153846153846156 0.15985576923076922 0.1502403846153846 0.13221153846153846
123 0.12139423076923077 0.33413461538461536 0.16105769230769232 0.171875
190 0.4891826923076923 0.5649038461538461 0.13701923076923078 0.1658653846153846
123 0.8882211538461539 0.5661057692307693 0.1622596153846154 0.18629807692307693
33 0.6814903846153846 0.5697115384615384 0.1310096153846154 0.16346153846153846
34 0.08653846153846154 0.6069711538461539 0.140625 0.15865384615384615
191 0.2920673076923077 0.6081730769230769 0.14903846153846154 0.15985576923076922
124 0.12139423076923077 0.8377403846153846 0.16346153846153846 0.1658653846153846
190 0.08533653846153846 0.10817307692307693 0.11899038461538461 0.1622596153846154
33 0.6862980769230769 0.10817307692307693 0.13822115384615385 0.17067307692307693