191 0.6442307692307693 0.15264423076923078 0.15384615384615385 0.16947115384615385
124 0.8894230769230769 0.15745192307692307 0.17548076923076922 0.19110576923076922
34 0.09254807692307693 0.15745192307692307 0.15144230769230768 0.14302884615384615
123 0.12620192307692307 0.33774038461538464 0.15504807692307693 0.16346153846153846
123 0.7151442307692307 0.5709134615384616 0.15745192307692307 0.18629807692307693
33 0.10336538461538461 0.5745192307692307 0.12620192307692307 0.16826923076923078
190 0.9026442307692307 0.5745192307692307 0.13942307692307693 0.16947115384615385
34 0.27403846153846156 0.6165865384615384 0.14302884615384615 0.15264423076923078
191 0.4831730769230769 0.6177884615384616 0.14543269230769232 0.14423076923076922
124 0.12379807692307693 0.8413461538461539 0.17548076923076922 0.13942307692307693
190 0.49278846153846156 0.10697115384615384 0.11298076923076923 0.17668269230769232
33 0.3016826923076923 0.11057692307692307 0.15144230769230768 0.17067307692307693