191 0.06370192307692307 0.18629807692307693 0.12740384615384615 0.15144230769230768
124 0.8401442307692307 0.13221153846153846 0.18509615384615385 0.16826923076923078
34 0.6141826923076923 0.15384615384615385 0.14903846153846154 0.17067307692307693
123 0.10576923076923077 0.36899038461538464 0.15865384615384615 0.1778846153846154
190 0.09134615384615384 0.5913461538461539 0.1346153846153846 0.16826923076923078
123 0.9146634615384616 0.5384615384615384 0.16826923076923078 0.19230769230769232
191 0.24879807692307693 0.6262019230769231 0.15625 0.15865384615384615
124 0.48197115384615385 0.6105769230769231 0.19230769230769232 0.14903846153846154
34 0.6887019230769231 0.6069711538461539 0.16346153846153846 0.16346153846153846
33 0.12139423076923077 0.8100961538461539 0.1346153846153846 0.18028846153846154
33 0.43990384615384615 0.1201923076923077 0.15625 0.17307692307692307
190 0.25 0.13581730769230768 0.15865384615384615 0.17307692307692307