191 0.09254807692307693 0.14182692307692307 0.13701923076923078 0.1466346153846154
124 0.8774038461538461 0.17067307692307693 0.18028846153846154 0.16346153846153846
34 0.6502403846153846 0.16706730769230768 0.14423076923076922 0.1658653846153846
123 0.12139423076923077 0.328125 0.15384615384615385 0.17307692307692307
190 0.08413461538461539 0.5480769230769231 0.12740384615384615 0.1658653846153846
123 0.9086538461538461 0.5817307692307693 0.16105769230769232 0.1875
191 0.23677884615384615 0.5985576923076923 0.15144230769230768 0.15384615384615385
124 0.47115384615384615 0.6081730769230769 0.1875 0.14423076923076922
34 0.6754807692307693 0.6262019230769231 0.15865384615384615 0.15865384615384615
33 0.09134615384615384 0.7680288461538461 0.12980769230769232 0.17548076923076922
33 0.4795673076923077 0.11538461538461539 0.14903846153846154 0.16826923076923078
190 0.28966346153846156 0.11177884615384616 0.15144230769230768 0.16826923076923078