35 0.12980769230769232 0.2932692307692308 0.1875 0.18990384615384615
192 0.10336538461538461 0.4951923076923077 0.18028846153846154 0.17307692307692307
35 0.6875 0.5420673076923077 0.18509615384615385 0.18028846153846154
192 0.2932692307692308 0.515625 0.15865384615384615 0.1875
35 0.8858173076923077 0.5637019230769231 0.18269230769230768 0.18509615384615385
125 0.48197115384615385 0.5372596153846154 0.2091346153846154 0.17307692307692307
125 0.1141826923076923 0.6995192307692307 0.2091346153846154 0.2091346153846154
125 0.5324519230769231 0.11057692307692307 0.20192307692307693 0.17548076923076922
192 0.7199519230769231 0.12379807692307693 0.1658653846153846 0.1875
192 0.1310096153846154 0.08413461538461539 0.18028846153846154 0.16826923076923078
125 0.9074519230769231 0.140625 0.18509615384615385 0.19471153846153846
35 0.3233173076923077 0.10817307692307693 0.18509615384615385 0.19471153846153846