192 0.11177884615384616 0.2860576923076923 0.1658653846153846 0.18028846153846154
35 0.6754807692307693 0.5096153846153846 0.17067307692307693 0.17307692307692307
192 0.3161057692307692 0.5036057692307693 0.16105769230769232 0.17307692307692307
125 0.8786057692307693 0.5228365384615384 0.21153846153846154 0.16826923076923078
125 0.12860576923076922 0.5024038461538461 0.18509615384615385 0.1778846153846154
192 0.49158653846153844 0.5180288461538461 0.16826923076923078 0.16105769230769232
35 0.11177884615384616 0.7151442307692307 0.18509615384615385 0.18509615384615385
125 0.35216346153846156 0.09014423076923077 0.1875 0.1778846153846154
192 0.9134615384615384 0.11057692307692307 0.16826923076923078 0.16346153846153846
125 0.13701923076923078 0.08774038461538461 0.19230769230769232 0.14903846153846154
35 0.7415865384615384 0.11177884615384616 0.16346153846153846 0.17548076923076922
35 0.546875 0.10576923076923077 0.18509615384615385 0.17548076923076922