223 0.3425480769230769 0.109375 0.11538461538461539 0.1658653846153846
45 0.703125 0.12980769230769232 0.13942307692307693 0.18028846153846154
138 0.9038461538461539 0.16466346153846154 0.17067307692307693 0.13942307692307693
143 0.13581730769230768 0.13701923076923078 0.16346153846153846 0.17067307692307693
224 0.4951923076923077 0.15865384615384615 0.14423076923076922 0.14903846153846154
46 0.1201923076923077 0.3629807692307692 0.15625 0.15144230769230768
45 0.5024038461538461 0.5649038461538461 0.13221153846153846 0.18269230769230768
142 0.3125 0.5600961538461539 0.15144230769230768 0.1875
219 0.8677884615384616 0.6213942307692307 0.11538461538461539 0.14903846153846154
46 0.078125 0.5949519230769231 0.15625 0.1466346153846154
224 0.6658653846153846 0.6274038461538461 0.14903846153846154 0.15865384615384615
143 0.13221153846153846 0.8100961538461539 0.16346153846153846 0.16826923076923078