223 0.32211538461538464 0.11778846153846154 0.10817307692307693 0.16105769230769232
45 0.6838942307692307 0.1201923076923077 0.1310096153846154 0.17427884615384615
138 0.8858173076923077 0.14423076923076922 0.16466346153846154 0.12980769230769232
143 0.11778846153846154 0.15625 0.15625 0.16346153846153846
224 0.47716346153846156 0.15985576923076922 0.13701923076923078 0.14302884615384615
46 0.11298076923076923 0.38341346153846156 0.14783653846153846 0.14423076923076922
45 0.5060096153846154 0.5649038461538461 0.12259615384615384 0.17668269230769232
142 0.3161057692307692 0.5697115384615384 0.14302884615384615 0.17908653846153846
219 0.8737980769230769 0.6021634615384616 0.10697115384615384 0.14302884615384615
46 0.0829326923076923 0.6177884615384616 0.15384615384615385 0.13942307692307693
224 0.671875 0.6189903846153846 0.140625 0.15144230769230768
143 0.14903846153846154 0.8293269230769231 0.15504807692307693 0.15985576923076922