125 0.12259615384615384 0.3329326923076923 0.19471153846153846 0.16105769230769232
192 0.44350961538461536 0.5456730769230769 0.1778846153846154 0.17307692307692307
125 0.8329326923076923 0.5360576923076923 0.19951923076923078 0.18028846153846154
35 0.25600961538461536 0.5612980769230769 0.18028846153846154 0.17307692307692307
192 0.6298076923076923 0.5492788461538461 0.17067307692307693 0.18269230769230768
29 0.09134615384615384 0.5961538461538461 0.12740384615384615 0.11298076923076923
125 0.13701923076923078 0.7764423076923077 0.20432692307692307 0.19230769230769232
192 0.6911057692307693 0.10336538461538461 0.17307692307692307 0.18028846153846154
125 0.11538461538461539 0.12740384615384615 0.20192307692307693 0.18509615384615385
35 0.3173076923076923 0.1201923076923077 0.17067307692307693 0.18269230769230768
192 0.5024038461538461 0.11778846153846154 0.1875 0.18028846153846154
35 0.8894230769230769 0.10576923076923077 0.17307692307692307 0.18028846153846154