26 0.0829326923076923 0.12259615384615384 0.125 0.15985576923076922
116 0.7067307692307693 0.12620192307692307 0.13701923076923078 0.15384615384615385
26 0.38822115384615385 0.12620192307692307 0.11057692307692307 0.14543269230769232
15 0.5516826923076923 0.12860576923076922 0.11057692307692307 0.17307692307692307
15 0.23557692307692307 0.13822115384615385 0.09975961538461539 0.15745192307692307
97 0.8185096153846154 0.3870192307692308 0.14423076923076922 0.13581730769230768
7 0.22956730769230768 0.3942307692307692 0.11298076923076923 0.12620192307692307
18 0.0829326923076923 0.3942307692307692 0.11778846153846154 0.15144230769230768
97 0.5264423076923077 0.3954326923076923 0.14543269230769232 0.11538461538461539
18 0.6670673076923077 0.3954326923076923 0.1141826923076923 0.13341346153846154
7 0.3798076923076923 0.39903846153846156 0.11658653846153846 0.12740384615384615
97 0.3870192307692308 0.6442307692307693 0.14543269230769232 0.12259615384615384
7 0.6730769230769231 0.6454326923076923 0.11778846153846154 0.12139423076923077
18 0.0829326923076923 0.6466346153846154 0.12379807692307693 0.12379807692307693
97 0.2283653846153846 0.6478365384615384 0.13221153846153846 0.12139423076923077
7 0.5336538461538461 0.6478365384615384 0.11538461538461539 0.11658653846153846
18 0.8269230769230769 0.6586538461538461 0.11778846153846154 0.11778846153846154
116 0.23557692307692307 0.8617788461538461 0.14182692307692307 0.15625
15 0.7223557692307693 0.8617788461538461 0.11778846153846154 0.16466346153846154
116 0.5564903846153846 0.8653846153846154 0.13581730769230768 0.16947115384615385
15 0.39302884615384615 0.8665865384615384 0.1201923076923077 0.16706730769230768
26 0.8786057692307693 0.8677884615384616 0.11057692307692307 0.1622596153846154
26 0.08774038461538461 0.8737980769230769 0.11658653846153846 0.15504807692307693
116 0.8701923076923077 0.11899038461538461 0.14423076923076922 0.15504807692307693