15 0.2800480769230769 0.296875 0.16346153846153846 0.18990384615384615
116 0.6177884615384616 0.3581730769230769 0.18028846153846154 0.18509615384615385
15 0.1201923076923077 0.27403846153846156 0.1658653846153846 0.18990384615384615
116 0.44471153846153844 0.3329326923076923 0.16346153846153846 0.18990384615384615
26 0.7764423076923077 0.3918269230769231 0.15384615384615385 0.18990384615384615
26 0.9254807692307693 0.41947115384615385 0.14903846153846154 0.18028846153846154
26 0.40024038461538464 0.5637019230769231 0.15144230769230768 0.18990384615384615
116 0.7211538461538461 0.6237980769230769 0.15865384615384615 0.1778846153846154
116 0.8858173076923077 0.6526442307692307 0.16346153846153846 0.18269230769230768
26 0.2403846153846154 0.5396634615384616 0.14423076923076922 0.18269230769230768
15 0.07572115384615384 0.5096153846153846 0.15144230769230768 0.1875
15 0.5564903846153846 0.5961538461538461 0.15384615384615385 0.19951923076923078
26 0.057692307692307696 0.7536057692307693 0.11538461538461539 0.20432692307692307
116 0.1971153846153846 0.7872596153846154 0.16105769230769232 0.1778846153846154
26 0.3581730769230769 0.8173076923076923 0.1466346153846154 0.1778846153846154
116 0.5168269230769231 0.8461538461538461 0.17548076923076922 0.18269230769230768
15 0.84375 0.9026442307692307 0.15384615384615385 0.19471153846153846
15 0.6826923076923077 0.8774038461538461 0.15144230769230768 0.1875
15 0.16105769230769232 0.06129807692307692 0.16346153846153846 0.12259615384615384
116 0.49038461538461536 0.08774038461538461 0.1658653846153846 0.17548076923076922
116 0.3245192307692308 0.07211538461538461 0.16346153846153846 0.14423076923076922
26 0.6574519230769231 0.11899038461538461 0.15625 0.18269230769230768
15 0.9543269230769231 0.17668269230769232 0.09134615384615384 0.18990384615384615
26 0.8149038461538461 0.14783653846153846 0.1466346153846154 0.1778846153846154