15 0.24519230769230768 0.3425480769230769 0.13942307692307693 0.17067307692307693
116 0.5889423076923077 0.3389423076923077 0.15865384615384615 0.16346153846153846
15 0.08413461538461539 0.35096153846153844 0.14182692307692307 0.17067307692307693
116 0.41466346153846156 0.34615384615384615 0.13942307692307693 0.17067307692307693
26 0.7512019230769231 0.3401442307692308 0.12740384615384615 0.17307692307692307
26 0.90625 0.3401442307692308 0.1346153846153846 0.16346153846153846
26 0.41466346153846156 0.5817307692307693 0.12740384615384615 0.17307692307692307
116 0.7403846153846154 0.5793269230769231 0.13701923076923078 0.15865384615384615
116 0.9074519230769231 0.5757211538461539 0.13942307692307693 0.16346153846153846
26 0.25240384615384615 0.5889423076923077 0.1201923076923077 0.1658653846153846
15 0.08533653846153846 0.5913461538461539 0.12980769230769232 0.17067307692307693
15 0.5733173076923077 0.5841346153846154 0.12740384615384615 0.18269230769230768
26 0.09254807692307693 0.8389423076923077 0.13701923076923078 0.18509615384615385
116 0.25721153846153844 0.8401442307692307 0.13942307692307693 0.15865384615384615
26 0.421875 0.8377403846153846 0.125 0.16105769230769232
116 0.5829326923076923 0.8365384615384616 0.15144230769230768 0.16105769230769232
15 0.9146634615384616 0.8329326923076923 0.12740384615384615 0.18509615384615385
15 0.7512019230769231 0.8353365384615384 0.12740384615384615 0.17067307692307693
15 0.078125 0.10096153846153846 0.13942307692307693 0.17067307692307693
116 0.41225961538461536 0.09735576923076923 0.14423076923076922 0.15625
116 0.24519230769230768 0.10096153846153846 0.14182692307692307 0.15384615384615385
26 0.5817307692307693 0.09615384615384616 0.1346153846153846 0.1658653846153846
15 0.9098557692307693 0.09134615384615384 0.11778846153846154 0.17307692307692307
26 0.7415865384615384 0.09375 0.12259615384615384 0.16105769230769232