45 0.09615384615384616 0.11899038461538461 0.125 0.17908653846153846
223 0.4891826923076923 0.12379807692307693 0.13221153846153846 0.16706730769230768
142 0.6802884615384616 0.12740384615384615 0.17548076923076922 0.17307692307692307
138 0.8918269230769231 0.15264423076923078 0.16346153846153846 0.14903846153846154
46 0.25841346153846156 0.16105769230769232 0.13942307692307693 0.15504807692307693
224 0.13341346153846154 0.3918269230769231 0.17427884615384615 0.15865384615384615
223 0.296875 0.5817307692307693 0.1141826923076923 0.18629807692307693
142 0.4891826923076923 0.5913461538461539 0.16466346153846154 0.1935096153846154
41 0.9134615384615384 0.6237980769230769 0.12740384615384615 0.11899038461538461
143 0.7079326923076923 0.625 0.16947115384615385 0.15985576923076922
224 0.07572115384615384 0.6262019230769231 0.15144230769230768 0.14302884615384615
46 0.12259615384615384 0.8545673076923077 0.1658653846153846 0.14182692307692307