28 0.2548076923076923 0.14182692307692307 0.12259615384615384 0.17427884615384615
17 0.078125 0.14903846153846154 0.1346153846153846 0.18389423076923078
115 0.25841346153846156 0.34375 0.15504807692307693 0.15985576923076922
25 0.0829326923076923 0.35216346153846156 0.12620192307692307 0.1658653846153846
118 0.4411057692307692 0.3870192307692308 0.15865384615384615 0.18509615384615385
115 0.43509615384615385 0.5985576923076923 0.13341346153846154 0.1658653846153846
14 0.2512019230769231 0.6105769230769231 0.13221153846153846 0.171875
17 0.078125 0.6466346153846154 0.13942307692307693 0.18028846153846154
25 0.2668269230769231 0.8497596153846154 0.12860576923076922 0.15865384615384615
118 0.09134615384615384 0.890625 0.14903846153846154 0.171875
28 0.44471153846153844 0.8942307692307693 0.12860576923076922 0.15865384615384615
14 0.42788461538461536 0.10817307692307693 0.12860576923076922 0.15985576923076922