28 0.25 0.13221153846153846 0.1201923076923077 0.1658653846153846
118 0.4182692307692308 0.13341346153846154 0.15865384615384615 0.17548076923076922
14 0.08533653846153846 0.3245192307692308 0.11538461538461539 0.17067307692307693
17 0.2548076923076923 0.3737980769230769 0.12980769230769232 0.16826923076923078
25 0.07692307692307693 0.5757211538461539 0.12980769230769232 0.17067307692307693
115 0.2608173076923077 0.578125 0.1346153846153846 0.16826923076923078
14 0.42908653846153844 0.5829326923076923 0.1201923076923077 0.16346153846153846
17 0.25721153846153844 0.8557692307692307 0.12980769230769232 0.1778846153846154
28 0.43028846153846156 0.8605769230769231 0.12259615384615384 0.1778846153846154
118 0.08774038461538461 0.8677884615384616 0.1466346153846154 0.16346153846153846
25 0.08533653846153846 0.09134615384615384 0.12980769230769232 0.15865384615384615
115 0.6057692307692307 0.09375 0.1346153846153846 0.15384615384615385