28 0.2824519230769231 0.11177884615384616 0.13221153846153846 0.17548076923076922
118 0.45072115384615385 0.12740384615384615 0.17307692307692307 0.1875
14 0.10216346153846154 0.28846153846153844 0.13221153846153846 0.18028846153846154
17 0.2668269230769231 0.35336538461538464 0.14182692307692307 0.1778846153846154
25 0.07211538461538461 0.5384615384615384 0.14423076923076922 0.18028846153846154
115 0.2548076923076923 0.5564903846153846 0.14903846153846154 0.18028846153846154
14 0.421875 0.5769230769230769 0.1346153846153846 0.17548076923076922
17 0.22716346153846154 0.8329326923076923 0.14423076923076922 0.18990384615384615
28 0.39903846153846156 0.8533653846153846 0.13701923076923078 0.1875
118 0.06850961538461539 0.8305288461538461 0.13701923076923078 0.17548076923076922
25 0.12259615384615384 0.06971153846153846 0.14423076923076922 0.13942307692307693
115 0.640625 0.1045673076923077 0.1466346153846154 0.1658653846153846