28 0.5540865384615384 0.13221153846153846 0.14182692307692307 0.1658653846153846
17 0.71875 0.11778846153846154 0.13701923076923078 0.18028846153846154
14 0.0889423076923077 0.6081730769230769 0.13942307692307693 0.18509615384615385
25 0.25600961538461536 0.5973557692307693 0.13221153846153846 0.17307692307692307
17 0.4206730769230769 0.6201923076923077 0.14423076923076922 0.17067307692307693
28 0.5877403846153846 0.6081730769230769 0.14903846153846154 0.17548076923076922
115 0.28966346153846156 0.8209134615384616 0.15865384615384615 0.17067307692307693
118 0.11658653846153846 0.8786057692307693 0.15865384615384615 0.17548076923076922
115 0.21514423076923078 0.11177884615384616 0.16346153846153846 0.16826923076923078
14 0.055288461538461536 0.1310096153846154 0.11057692307692307 0.16105769230769232
25 0.3894230769230769 0.1045673076923077 0.12740384615384615 0.16826923076923078
97 0.8930288461538461 0.06850961538461539 0.13221153846153846 0.13701923076923078