118 0.09014423076923077 0.38221153846153844 0.14182692307692307 0.19230769230769232
28 0.25961538461538464 0.3942307692307692 0.14182692307692307 0.1658653846153846
17 0.42908653846153844 0.39663461538461536 0.12740384615384615 0.15625
14 0.25961538461538464 0.6069711538461539 0.12259615384615384 0.1778846153846154
25 0.09014423076923077 0.6081730769230769 0.10336538461538461 0.17908653846153846
118 0.4338942307692308 0.6514423076923077 0.15264423076923078 0.1814903846153846
17 0.6069711538461539 0.6538461538461539 0.12259615384615384 0.17427884615384615
25 0.2692307692307692 0.8497596153846154 0.12259615384615384 0.1622596153846154
118 0.08653846153846154 0.8822115384615384 0.1502403846153846 0.17668269230769232
115 0.27524038461538464 0.10817307692307693 0.1466346153846154 0.1658653846153846
25 0.43990384615384615 0.11658653846153846 0.11899038461538461 0.15985576923076922
14 0.08653846153846154 0.11778846153846154 0.125 0.17427884615384615