118 0.1141826923076923 0.31971153846153844 0.17067307692307693 0.21153846153846154
28 0.27884615384615385 0.3581730769230769 0.1658653846153846 0.18509615384615385
17 0.44591346153846156 0.3870192307692308 0.15144230769230768 0.17307692307692307
14 0.24639423076923078 0.5685096153846154 0.14903846153846154 0.19471153846153846
25 0.078125 0.5432692307692307 0.12980769230769232 0.19230769230769232
118 0.4110576923076923 0.6394230769230769 0.18028846153846154 0.20432692307692307
17 0.5817307692307693 0.6682692307692307 0.14903846153846154 0.19230769230769232
25 0.21754807692307693 0.8088942307692307 0.1466346153846154 0.18028846153846154
118 0.05889423076923077 0.8125 0.11778846153846154 0.1971153846153846
115 0.33774038461538464 0.08533653846153846 0.17067307692307693 0.17067307692307693
25 0.5012019230769231 0.11177884615384616 0.14182692307692307 0.17548076923076922
14 0.1502403846153846 0.07692307692307693 0.15144230769230768 0.15384615384615385