118 0.2764423076923077 0.1466346153846154 0.16826923076923078 0.18509615384615385
28 0.46634615384615385 0.14302884615384615 0.13221153846153846 0.18990384615384615
115 0.1045673076923077 0.3485576923076923 0.14182692307692307 0.17067307692307693
25 0.27884615384615385 0.36177884615384615 0.14182692307692307 0.1778846153846154
17 0.4567307692307692 0.3870192307692308 0.13221153846153846 0.1875
14 0.28125 0.6177884615384616 0.13221153846153846 0.18269230769230768
115 0.4675480769230769 0.6177884615384616 0.15384615384615385 0.17548076923076922
17 0.0985576923076923 0.6646634615384616 0.1466346153846154 0.18509615384615385
25 0.2932692307692308 0.8581730769230769 0.13701923076923078 0.18509615384615385
118 0.109375 0.90625 0.15625 0.1875
28 0.4699519230769231 0.9086538461538461 0.14182692307692307 0.17067307692307693
25 0.09134615384615384 0.10096153846153846 0.125 0.17548076923076922