118 0.2824519230769231 0.14302884615384615 0.16466346153846154 0.1814903846153846
28 0.4723557692307692 0.14302884615384615 0.12980769230769232 0.18870192307692307
115 0.10697115384615384 0.34134615384615385 0.13822115384615385 0.16826923076923078
25 0.28125 0.3581730769230769 0.13942307692307693 0.17548076923076922
17 0.45913461538461536 0.3858173076923077 0.12980769230769232 0.18509615384615385
14 0.27884615384615385 0.6141826923076923 0.12860576923076922 0.1814903846153846
115 0.4651442307692308 0.6177884615384616 0.15144230769230768 0.17307692307692307
17 0.09615384615384616 0.6574519230769231 0.14302884615384615 0.1814903846153846
25 0.28725961538461536 0.8545673076923077 0.1346153846153846 0.18269230769230768
118 0.10216346153846154 0.9014423076923077 0.15384615384615385 0.18870192307692307
28 0.46274038461538464 0.9086538461538461 0.13942307692307693 0.16826923076923078
25 0.0985576923076923 0.09375 0.12259615384615384 0.17427884615384615