118 0.27403846153846156 0.15625 0.13942307692307693 0.1875
17 0.09375 0.15865384615384615 0.1310096153846154 0.16706730769230768
115 0.0985576923076923 0.3605769230769231 0.14302884615384615 0.16826923076923078
14 0.6370192307692307 0.3629807692307692 0.12620192307692307 0.16466346153846154
25 0.45552884615384615 0.3641826923076923 0.12139423076923077 0.16346153846153846
28 0.27403846153846156 0.4074519230769231 0.14543269230769232 0.17427884615384615
25 0.2692307692307692 0.6274038461538461 0.12620192307692307 0.1814903846153846
28 0.09615384615384616 0.6538461538461539 0.12980769230769232 0.20552884615384615
118 0.44711538461538464 0.6706730769230769 0.1658653846153846 0.18509615384615385
17 0.6322115384615384 0.6730769230769231 0.13221153846153846 0.18509615384615385
14 0.27884615384615385 0.8713942307692307 0.15384615384615385 0.16346153846153846
115 0.09735576923076923 0.8737980769230769 0.140625 0.15504807692307693