117 0.7548076923076923 0.21754807692307693 0.15625 0.18269230769230768
27 0.2776442307692308 0.1502403846153846 0.13701923076923078 0.18269230769230768
16 0.5973557692307693 0.20072115384615385 0.1346153846153846 0.18990384615384615
98 0.9254807692307693 0.27884615384615385 0.14903846153846154 0.16826923076923078
19 0.4411057692307692 0.21394230769230768 0.17307692307692307 0.16346153846153846
8 0.13221153846153846 0.17307692307692307 0.15865384615384615 0.17548076923076922
117 0.4014423076923077 0.4098557692307692 0.1658653846153846 0.1875
27 0.5649038461538461 0.4375 0.16105769230769232 0.20192307692307693
16 0.24278846153846154 0.39302884615384615 0.14182692307692307 0.18990384615384615
19 0.7439903846153846 0.4987980769230769 0.16826923076923078 0.16105769230769232
8 0.09254807692307693 0.40865384615384615 0.15625 0.1658653846153846
98 0.9038461538461539 0.5264423076923077 0.1658653846153846 0.15384615384615385
117 0.5336538461538461 0.6694711538461539 0.1658653846153846 0.22355769230769232
27 0.06009615384615385 0.6105769230769231 0.1201923076923077 0.1875
16 0.36658653846153844 0.6586538461538461 0.12980769230769232 0.19471153846153846
8 0.21754807692307693 0.6670673076923077 0.16346153846153846 0.16105769230769232
98 0.7103365384615384 0.7355769230769231 0.18509615384615385 0.20673076923076922
19 0.8737980769230769 0.7692307692307693 0.1658653846153846 0.16826923076923078