117 0.71875 0.18870192307692307 0.13701923076923078 0.16826923076923078
27 0.23677884615384615 0.18028846153846154 0.11778846153846154 0.17067307692307693
16 0.5600961538461539 0.19110576923076922 0.11538461538461539 0.1778846153846154
98 0.9086538461538461 0.22716346153846154 0.16105769230769232 0.14903846153846154
19 0.40625 0.22355769230769232 0.15865384615384615 0.1466346153846154
8 0.09495192307692307 0.21995192307692307 0.13942307692307693 0.15865384615384615
117 0.390625 0.421875 0.1466346153846154 0.17067307692307693
27 0.5564903846153846 0.43028846153846156 0.13942307692307693 0.18509615384615385
16 0.23197115384615385 0.4254807692307692 0.12259615384615384 0.17548076923076922
19 0.7415865384615384 0.4699519230769231 0.15384615384615385 0.14423076923076922
8 0.08533653846153846 0.45913461538461536 0.13942307692307693 0.15144230769230768
98 0.9038461538461539 0.47716346153846156 0.14903846153846154 0.13701923076923078
117 0.5540865384615384 0.6646634615384616 0.14182692307692307 0.20673076923076922
27 0.06490384615384616 0.6670673076923077 0.12740384615384615 0.17307692307692307
16 0.3858173076923077 0.6730769230769231 0.10817307692307693 0.18269230769230768
8 0.2403846153846154 0.6995192307692307 0.14903846153846154 0.14423076923076922
98 0.7379807692307693 0.7079326923076923 0.16346153846153846 0.18990384615384615
19 0.9038461538461539 0.7223557692307693 0.14903846153846154 0.15384615384615385