98 0.7319711538461539 0.140625 0.15384615384615385 0.1466346153846154
8 0.9014423076923077 0.14783653846153846 0.13942307692307693 0.13341346153846154
19 0.4074519230769231 0.15264423076923078 0.13581730769230768 0.1310096153846154
117 0.24278846153846154 0.34375 0.12620192307692307 0.17548076923076922
27 0.078125 0.3473557692307692 0.12620192307692307 0.17427884615384615
16 0.8846153846153846 0.3473557692307692 0.11298076923076923 0.171875
98 0.5745192307692307 0.38100961538461536 0.14783653846153846 0.140625
8 0.41586538461538464 0.38221153846153844 0.14302884615384615 0.13701923076923078
19 0.7475961538461539 0.3894230769230769 0.13341346153846154 0.12980769230769232
117 0.39783653846153844 0.5817307692307693 0.13341346153846154 0.1778846153846154
27 0.23677884615384615 0.5841346153846154 0.1141826923076923 0.1778846153846154
16 0.07211538461538461 0.5877403846153846 0.12740384615384615 0.18629807692307693
19 0.5721153846153846 0.6213942307692307 0.14903846153846154 0.14423076923076922
98 0.7403846153846154 0.6237980769230769 0.14182692307692307 0.15745192307692307
8 0.8978365384615384 0.6262019230769231 0.14423076923076922 0.13341346153846154
117 0.4098557692307692 0.8233173076923077 0.12980769230769232 0.17548076923076922
16 0.07572115384615384 0.8257211538461539 0.12139423076923077 0.18028846153846154
27 0.7295673076923077 0.8269230769230769 0.1141826923076923 0.1778846153846154
98 0.2512019230769231 0.8581730769230769 0.14783653846153846 0.15264423076923078
8 0.5865384615384616 0.8641826923076923 0.1346153846153846 0.13221153846153846
19 0.8990384615384616 0.8701923076923077 0.13701923076923078 0.13942307692307693
117 0.5612980769230769 0.1045673076923077 0.12740384615384615 0.1622596153846154
27 0.07451923076923077 0.10697115384615384 0.10817307692307693 0.17067307692307693
16 0.23798076923076922 0.11298076923076923 0.11057692307692307 0.1658653846153846