98 0.75 0.15384615384615385 0.16105769230769232 0.15384615384615385
8 0.9194711538461539 0.16947115384615385 0.1466346153846154 0.13942307692307693
19 0.4254807692307692 0.14783653846153846 0.14182692307692307 0.13701923076923078
117 0.2512019230769231 0.33052884615384615 0.1346153846153846 0.18269230769230768
27 0.08653846153846154 0.32572115384615385 0.1346153846153846 0.18028846153846154
16 0.8918269230769231 0.36778846153846156 0.12259615384615384 0.1778846153846154
98 0.5805288461538461 0.38461538461538464 0.15384615384615385 0.14903846153846154
8 0.421875 0.37740384615384615 0.14903846153846154 0.14423076923076922
19 0.7536057692307693 0.4026442307692308 0.13942307692307693 0.13701923076923078
117 0.3942307692307692 0.5757211538461539 0.14182692307692307 0.18509615384615385
27 0.23317307692307693 0.5697115384615384 0.12259615384615384 0.18269230769230768
16 0.06850961538461539 0.5649038461538461 0.13701923076923078 0.19230769230769232
19 0.5661057692307693 0.625 0.15625 0.15144230769230768
98 0.7331730769230769 0.6358173076923077 0.14903846153846154 0.16346153846153846
8 0.890625 0.6466346153846154 0.15144230769230768 0.14182692307692307
117 0.39302884615384615 0.8185096153846154 0.13942307692307693 0.18269230769230768
16 0.06129807692307692 0.8028846153846154 0.12259615384615384 0.1875
27 0.7127403846153846 0.8389423076923077 0.12259615384615384 0.18269230769230768
98 0.23317307692307693 0.8449519230769231 0.15625 0.16105769230769232
8 0.5673076923076923 0.8677884615384616 0.14182692307692307 0.13942307692307693
19 0.8786057692307693 0.890625 0.14423076923076922 0.1466346153846154
117 0.5817307692307693 0.10817307692307693 0.1346153846153846 0.16826923076923078
27 0.09495192307692307 0.08653846153846154 0.11778846153846154 0.17307692307692307
16 0.25841346153846156 0.09975961538461539 0.1201923076923077 0.17067307692307693