98 0.7259615384615384 0.13701923076923078 0.15625 0.14903846153846154
8 0.8954326923076923 0.140625 0.14182692307692307 0.13701923076923078
19 0.4014423076923077 0.15384615384615385 0.13701923076923078 0.13221153846153846
117 0.2403846153846154 0.3485576923076923 0.12980769230769232 0.1778846153846154
27 0.07572115384615384 0.3545673076923077 0.12980769230769232 0.17548076923076922
16 0.8822115384615384 0.3401442307692308 0.11538461538461539 0.17307692307692307
98 0.5721153846153846 0.3798076923076923 0.15144230769230768 0.14423076923076922
8 0.41346153846153844 0.38341346153846156 0.14423076923076922 0.13942307692307693
19 0.7451923076923077 0.38461538461538464 0.1346153846153846 0.13221153846153846
117 0.39903846153846156 0.5829326923076923 0.13701923076923078 0.18028846153846154
27 0.23798076923076922 0.5889423076923077 0.11778846153846154 0.18028846153846154
16 0.0733173076923077 0.5949519230769231 0.12980769230769232 0.1875
19 0.5745192307692307 0.6201923076923077 0.15144230769230768 0.1466346153846154
98 0.7427884615384616 0.6189903846153846 0.14423076923076922 0.16105769230769232
8 0.9002403846153846 0.6189903846153846 0.1466346153846154 0.13701923076923078
117 0.41586538461538464 0.8245192307692307 0.13221153846153846 0.1778846153846154
16 0.08173076923076923 0.8329326923076923 0.125 0.18269230769230768
27 0.7355769230769231 0.8233173076923077 0.11778846153846154 0.18028846153846154
98 0.25721153846153844 0.8629807692307693 0.15144230769230768 0.15625
8 0.5925480769230769 0.8629807692307693 0.13701923076923078 0.1346153846153846
19 0.9050480769230769 0.8629807692307693 0.13942307692307693 0.14182692307692307
117 0.5540865384615384 0.10336538461538461 0.12980769230769232 0.16346153846153846
27 0.0673076923076923 0.1141826923076923 0.11057692307692307 0.17307692307692307
16 0.23076923076923078 0.11778846153846154 0.11298076923076923 0.16826923076923078