99 0.234375 0.3798076923076923 0.15144230769230768 0.1875
10 0.5733173076923077 0.38100961538461536 0.1201923076923077 0.18269230769230768
20 0.4014423076923077 0.3858173076923077 0.13221153846153846 0.17548076923076922
100 0.9134615384615384 0.3858173076923077 0.1466346153846154 0.18269230769230768
21 0.06610576923076923 0.3870192307692308 0.11538461538461539 0.18269230769230768
9 0.7403846153846154 0.390625 0.11538461538461539 0.17548076923076922
100 0.2283653846153846 0.6382211538461539 0.14423076923076922 0.1778846153846154
99 0.7512019230769231 0.6418269230769231 0.1346153846153846 0.17307692307692307
20 0.06490384615384616 0.6442307692307693 0.11057692307692307 0.18269230769230768
21 0.9230769230769231 0.6442307692307693 0.125 0.18509615384615385
9 0.4110576923076923 0.6442307692307693 0.11298076923076923 0.16346153846153846
10 0.578125 0.6466346153846154 0.11057692307692307 0.18269230769230768