99 0.2536057692307692 0.34375 0.17548076923076922 0.20673076923076922
10 0.5889423076923077 0.3918269230769231 0.14423076923076922 0.19951923076923078
20 0.4182692307692308 0.3737980769230769 0.15625 0.19230769230769232
100 0.9194711538461539 0.44350961538461536 0.16105769230769232 0.19951923076923078
21 0.08653846153846154 0.328125 0.13942307692307693 0.1971153846153846
9 0.7536057692307693 0.4254807692307692 0.13942307692307693 0.18990384615384615
100 0.21153846153846154 0.5985576923076923 0.16826923076923078 0.1971153846153846
99 0.7295673076923077 0.6754807692307693 0.15625 0.18990384615384615
20 0.05889423076923077 0.5817307692307693 0.11778846153846154 0.1971153846153846
21 0.8990384615384616 0.7019230769230769 0.15144230769230768 0.20192307692307693
9 0.3918269230769231 0.6310096153846154 0.1346153846153846 0.1778846153846154
10 0.5564903846153846 0.65625 0.13701923076923078 0.1971153846153846