10 0.7536057692307693 0.37259615384615385 0.11778846153846154 0.18509615384615385
99 0.9182692307692307 0.38341346153846156 0.15144230769230768 0.17067307692307693
21 0.5889423076923077 0.36778846153846156 0.12740384615384615 0.18509615384615385
100 0.08774038461538461 0.34134615384615385 0.13701923076923078 0.1875
9 0.4266826923076923 0.36658653846153844 0.12980769230769232 0.1778846153846154
20 0.25721153846153844 0.3581730769230769 0.1201923076923077 0.1778846153846154
99 0.07572115384615384 0.5889423076923077 0.1346153846153846 0.17548076923076922
10 0.41947115384615385 0.609375 0.1201923076923077 0.18509615384615385
9 0.5877403846153846 0.6177884615384616 0.125 0.18990384615384615
21 0.7548076923076923 0.6262019230769231 0.125 0.19230769230769232
100 0.2439903846153846 0.6021634615384616 0.15625 0.18028846153846154
20 0.9074519230769231 0.6394230769230769 0.125 0.18269230769230768
100 0.5709134615384616 0.8617788461538461 0.14182692307692307 0.17548076923076922
20 0.06009615384615385 0.8353365384615384 0.1201923076923077 0.18990384615384615
9 0.22355769230769232 0.8473557692307693 0.125 0.18028846153846154
99 0.39302884615384615 0.8569711538461539 0.1466346153846154 0.18269230769230768
21 0.7367788461538461 0.8774038461538461 0.125 0.17548076923076922
10 0.8918269230769231 0.8870192307692307 0.13942307692307693 0.1778846153846154
100 0.10096153846153846 0.09254807692307693 0.1466346153846154 0.17307692307692307
99 0.5973557692307693 0.12139423076923077 0.16346153846153846 0.17067307692307693
21 0.7764423076923077 0.13221153846153846 0.13701923076923078 0.17548076923076922
20 0.9326923076923077 0.140625 0.12980769230769232 0.18028846153846154
10 0.265625 0.11057692307692307 0.125 0.18269230769230768
9 0.4387019230769231 0.1201923076923077 0.12740384615384615 0.18990384615384615