9 0.41947115384615385 0.3449519230769231 0.10336538461538461 0.17307692307692307
21 0.08173076923076923 0.3389423076923077 0.10817307692307693 0.17307692307692307
100 0.24759615384615385 0.34375 0.13942307692307693 0.16105769230769232
20 0.5793269230769231 0.34975961538461536 0.12259615384615384 0.1778846153846154
10 0.9122596153846154 0.35697115384615385 0.1346153846153846 0.1875
99 0.7463942307692307 0.3605769230769231 0.14423076923076922 0.17548076923076922
21 0.24639423076923078 0.5853365384615384 0.1201923076923077 0.17548076923076922
20 0.07932692307692307 0.5841346153846154 0.12259615384615384 0.1875
10 0.39783653846153844 0.5949519230769231 0.13221153846153846 0.1875
100 0.7403846153846154 0.5997596153846154 0.1346153846153846 0.17548076923076922
99 0.90625 0.6045673076923077 0.14423076923076922 0.18028846153846154
9 0.5745192307692307 0.5997596153846154 0.13221153846153846 0.18269230769230768
99 0.7427884615384616 0.8353365384615384 0.14182692307692307 0.18028846153846154
10 0.22956730769230768 0.8329326923076923 0.12740384615384615 0.17548076923076922
100 0.5709134615384616 0.8389423076923077 0.13221153846153846 0.17067307692307693
21 0.0673076923076923 0.8341346153846154 0.12980769230769232 0.17548076923076922
9 0.4026442307692308 0.84375 0.1201923076923077 0.17307692307692307
20 0.9086538461538461 0.8545673076923077 0.125 0.18990384615384615
99 0.9170673076923077 0.10576923076923077 0.12980769230769232 0.16105769230769232
100 0.25600961538461536 0.09615384615384616 0.1466346153846154 0.1658653846153846
20 0.09375 0.09375 0.11298076923076923 0.16105769230769232
10 0.41947115384615385 0.10216346153846154 0.125 0.17307692307692307
21 0.5901442307692307 0.1045673076923077 0.10817307692307693 0.17067307692307693
9 0.7536057692307693 0.10817307692307693 0.125 0.15865384615384615