223 0.7872596153846154 0.14423076923076922 0.12980769230769232 0.17548076923076922
45 0.5865384615384616 0.12860576923076922 0.15865384615384615 0.19471153846153846
46 0.14302884615384615 0.11177884615384616 0.14903846153846154 0.17548076923076922
143 0.38221153846153844 0.14302884615384615 0.1778846153846154 0.1658653846153846
142 0.15865384615384615 0.29927884615384615 0.17307692307692307 0.18509615384615385
224 0.32091346153846156 0.3629807692307692 0.15625 0.16826923076923078
45 0.11057692307692307 0.5288461538461539 0.1346153846153846 0.18509615384615385
223 0.5072115384615384 0.5709134615384616 0.12980769230769232 0.19230769230769232
142 0.3161057692307692 0.5649038461538461 0.16826923076923078 0.18509615384615385
41 0.8978365384615384 0.6454326923076923 0.13221153846153846 0.13221153846153846
143 0.6923076923076923 0.6394230769230769 0.17307692307692307 0.16826923076923078
224 0.11658653846153846 0.7956730769230769 0.19230769230769232 0.20192307692307693