223 0.7620192307692307 0.125 0.1201923076923077 0.16826923076923078
45 0.5600961538461539 0.12379807692307693 0.1466346153846154 0.18509615384615385
46 0.11658653846153846 0.13822115384615385 0.13942307692307693 0.1658653846153846
143 0.3581730769230769 0.15264423076923078 0.16826923076923078 0.15625
142 0.14543269230769232 0.3245192307692308 0.16105769230769232 0.17548076923076922
224 0.3125 0.375 0.1466346153846154 0.15865384615384615
45 0.11298076923076923 0.5564903846153846 0.12259615384615384 0.1778846153846154
223 0.5120192307692307 0.5697115384615384 0.11778846153846154 0.1875
142 0.32211538461538464 0.578125 0.15625 0.17548076923076922
41 0.9074519230769231 0.6177884615384616 0.125 0.125
143 0.7007211538461539 0.6262019230769231 0.16346153846153846 0.15865384615384615
224 0.13701923076923078 0.8221153846153846 0.18028846153846154 0.18990384615384615