99 0.9170673076923077 0.40384615384615385 0.16105769230769232 0.18269230769230768
9 0.24278846153846154 0.3473557692307692 0.13221153846153846 0.18990384615384615
10 0.078125 0.3329326923076923 0.12259615384615384 0.18990384615384615
21 0.41586538461538464 0.3641826923076923 0.14423076923076922 0.18269230769230768
100 0.5769230769230769 0.3786057692307692 0.16105769230769232 0.1778846153846154
20 0.7524038461538461 0.39903846153846156 0.13221153846153846 0.19951923076923078
100 0.6117788461538461 0.12259615384615384 0.1466346153846154 0.1875
21 0.2776442307692308 0.0985576923076923 0.125 0.17548076923076922
10 0.43990384615384615 0.11177884615384616 0.13701923076923078 0.17548076923076922
99 0.11177884615384616 0.08774038461538461 0.16105769230769232 0.17548076923076922
9 0.9411057692307693 0.15745192307692307 0.11778846153846154 0.18028846153846154
20 0.7800480769230769 0.1466346153846154 0.13942307692307693 0.18990384615384615