99 0.9098557692307693 0.375 0.15144230769230768 0.17307692307692307
9 0.23317307692307693 0.36538461538461536 0.1201923076923077 0.18269230769230768
10 0.0673076923076923 0.3629807692307692 0.11057692307692307 0.18269230769230768
21 0.40625 0.3713942307692308 0.13221153846153846 0.17548076923076922
100 0.5685096153846154 0.3737980769230769 0.14903846153846154 0.16826923076923078
20 0.7451923076923077 0.38221153846153844 0.1201923076923077 0.19230769230769232
100 0.5853365384615384 0.11538461538461539 0.1346153846153846 0.1778846153846154
21 0.2512019230769231 0.1141826923076923 0.11538461538461539 0.16826923076923078
10 0.41346153846153844 0.11778846153846154 0.12740384615384615 0.16826923076923078
99 0.08533653846153846 0.11177884615384616 0.14903846153846154 0.17548076923076922
9 0.9242788461538461 0.12740384615384615 0.1201923076923077 0.17307692307692307
20 0.7548076923076923 0.12860576923076922 0.12740384615384615 0.18269230769230768