12 0.4182692307692308 0.14423076923076922 0.17548076923076922 0.18509615384615385
102 0.8125 0.09134615384615384 0.1778846153846154 0.18269230769230768
23 0.055288461538461536 0.22115384615384615 0.11057692307692307 0.1875
22 0.07932692307692307 0.40384615384615385 0.15865384615384615 0.20432692307692307
101 0.5012019230769231 0.5793269230769231 0.18028846153846154 0.2091346153846154
11 0.3161057692307692 0.6177884615384616 0.15625 0.20432692307692307
12 0.6826923076923077 0.5901442307692307 0.17067307692307693 0.1971153846153846
102 0.8990384615384616 0.5540865384615384 0.18269230769230768 0.20192307692307693
23 0.11298076923076923 0.6959134615384616 0.17067307692307693 0.17307692307692307
22 0.15625 0.8774038461538461 0.1466346153846154 0.19951923076923078
101 0.23197115384615385 0.12980769230769232 0.1778846153846154 0.20192307692307693
11 0.6262019230769231 0.08173076923076923 0.16105769230769232 0.16346153846153846