12 0.4423076923076923 0.13942307692307693 0.1658653846153846 0.17548076923076922
102 0.8413461538461539 0.10336538461538461 0.1658653846153846 0.1971153846153846
23 0.06370192307692307 0.18870192307692307 0.12740384615384615 0.18028846153846154
22 0.08653846153846154 0.3737980769230769 0.1466346153846154 0.1971153846153846
101 0.4963942307692308 0.5793269230769231 0.16826923076923078 0.20192307692307693
11 0.3076923076923077 0.6045673076923077 0.14423076923076922 0.1971153846153846
12 0.6766826923076923 0.6021634615384616 0.15865384615384615 0.1875
102 0.8942307692307693 0.5817307692307693 0.17307692307692307 0.19230769230769232
23 0.10096153846153846 0.6682692307692307 0.16346153846153846 0.1658653846153846
22 0.1310096153846154 0.8533653846153846 0.1346153846153846 0.19471153846153846
101 0.25841346153846156 0.11177884615384616 0.1658653846153846 0.19230769230769232
11 0.6574519230769231 0.08413461538461539 0.15144230769230768 0.16826923076923078