12 0.28846153846153844 0.14543269230769232 0.16826923076923078 0.19230769230769232
102 0.7043269230769231 0.15985576923076922 0.17307692307692307 0.15384615384615385
23 0.07932692307692307 0.16947115384615385 0.14903846153846154 0.15384615384615385
101 0.10576923076923077 0.35096153846153844 0.1346153846153846 0.1778846153846154
101 0.53125 0.5973557692307693 0.14423076923076922 0.19230769230769232
22 0.7151442307692307 0.6117788461538461 0.1346153846153846 0.1971153846153846
102 0.9002403846153846 0.6478365384615384 0.15865384615384615 0.17307692307692307
12 0.0889423076923077 0.6502403846153846 0.15384615384615385 0.1658653846153846
23 0.29086538461538464 0.65625 0.15865384615384615 0.17307692307692307
11 0.1045673076923077 0.8545673076923077 0.10576923076923077 0.1875
22 0.5264423076923077 0.10817307692307693 0.11057692307692307 0.18269230769230768
11 0.9375 0.11298076923076923 0.10336538461538461 0.1778846153846154