12 0.28846153846153844 0.14543269230769232 0.16947115384615385 0.19110576923076922
102 0.7043269230769231 0.15985576923076922 0.17307692307692307 0.15504807692307693
23 0.07932692307692307 0.16947115384615385 0.14783653846153846 0.15264423076923078
101 0.10576923076923077 0.35096153846153844 0.13341346153846154 0.17668269230769232
101 0.53125 0.5973557692307693 0.14302884615384615 0.19230769230769232
22 0.7151442307692307 0.6117788461538461 0.13581730769230768 0.19831730769230768
102 0.9002403846153846 0.6478365384615384 0.15985576923076922 0.17307692307692307
12 0.0889423076923077 0.6502403846153846 0.15384615384615385 0.1658653846153846
23 0.29086538461538464 0.65625 0.15865384615384615 0.17307692307692307
11 0.1045673076923077 0.8545673076923077 0.10697115384615384 0.1875
22 0.5264423076923077 0.10817307692307693 0.109375 0.1814903846153846
11 0.9375 0.11298076923076923 0.10336538461538461 0.17908653846153846