12 0.2704326923076923 0.15745192307692307 0.18028846153846154 0.19951923076923078
102 0.6862980769230769 0.14903846153846154 0.18028846153846154 0.16346153846153846
23 0.06971153846153846 0.19110576923076922 0.13942307692307693 0.16105769230769232
101 0.0985576923076923 0.3713942307692308 0.14182692307692307 0.18269230769230768
101 0.5360576923076923 0.5961538461538461 0.15384615384615385 0.19951923076923078
22 0.7211538461538461 0.6009615384615384 0.1466346153846154 0.20432692307692307
102 0.9074519230769231 0.6262019230769231 0.16826923076923078 0.18028846153846154
12 0.09735576923076923 0.671875 0.16346153846153846 0.17307692307692307
23 0.29927884615384615 0.6670673076923077 0.16826923076923078 0.18028846153846154
11 0.12379807692307693 0.875 0.11778846153846154 0.19230769230769232
22 0.5060096153846154 0.10697115384615384 0.11778846153846154 0.1875
11 0.9170673076923077 0.09134615384615384 0.11298076923076923 0.18269230769230768