12 0.8221153846153846 0.15144230769230768 0.14182692307692307 0.17307692307692307
23 0.2439903846153846 0.16105769230769232 0.15144230769230768 0.19110576923076922
102 0.08052884615384616 0.39663461538461536 0.1466346153846154 0.16826923076923078
22 0.46875 0.5865384615384616 0.125 0.19110576923076922
101 0.6574519230769231 0.5901442307692307 0.13581730769230768 0.17908653846153846
11 0.08533653846153846 0.5913461538461539 0.11177884615384616 0.17307692307692307
23 0.2403846153846154 0.6262019230769231 0.16105769230769232 0.17067307692307693
102 0.8389423076923077 0.6334134615384616 0.15985576923076922 0.18509615384615385
12 0.07451923076923077 0.8737980769230769 0.14903846153846154 0.1622596153846154
101 0.4795673076923077 0.109375 0.14182692307692307 0.17067307692307693
11 0.6610576923076923 0.11538461538461539 0.11899038461538461 0.19591346153846154
22 0.0889423076923077 0.11658653846153846 0.13221153846153846 0.19230769230769232