22 0.33774038461538464 0.10817307692307693 0.14182692307692307 0.21634615384615385
102 0.7019230769230769 0.1778846153846154 0.18509615384615385 0.1778846153846154
23 0.49759615384615385 0.15985576923076922 0.17307692307692307 0.16346153846153846
12 0.1045673076923077 0.33533653846153844 0.16826923076923078 0.1875
22 0.5012019230769231 0.5889423076923077 0.12980769230769232 0.19230769230769232
101 0.09495192307692307 0.5420673076923077 0.15625 0.18028846153846154
11 0.6730769230769231 0.6165865384615384 0.125 0.18990384615384615
102 0.27524038461538464 0.5985576923076923 0.19230769230769232 0.20432692307692307
23 0.8317307692307693 0.6742788461538461 0.17548076923076922 0.20192307692307693
12 0.06490384615384616 0.8016826923076923 0.12980769230769232 0.21394230769230768
11 0.9350961538461539 0.16466346153846154 0.12980769230769232 0.19951923076923078
101 0.15144230769230768 0.08533653846153846 0.16346153846153846 0.17067307692307693