22 0.6598557692307693 0.11778846153846154 0.1201923076923077 0.18870192307692307
101 0.09975961538461539 0.11778846153846154 0.1346153846153846 0.18870192307692307
11 0.28365384615384615 0.12139423076923077 0.12379807692307693 0.171875
102 0.8245192307692307 0.15625 0.15745192307692307 0.17427884615384615
12 0.43990384615384615 0.16346153846153846 0.14302884615384615 0.14543269230769232
23 0.07932692307692307 0.390625 0.14423076923076922 0.14903846153846154
22 0.30528846153846156 0.5901442307692307 0.1201923076923077 0.1814903846153846
101 0.47716346153846156 0.5949519230769231 0.14182692307692307 0.18509615384615385
12 0.8473557692307693 0.6225961538461539 0.14903846153846154 0.1778846153846154
102 0.0829326923076923 0.625 0.15625 0.17067307692307693
23 0.6478365384615384 0.6358173076923077 0.14543269230769232 0.16105769230769232
11 0.09375 0.8149038461538461 0.10697115384615384 0.171875