22 0.7235576923076923 0.15144230769230768 0.15144230769230768 0.20673076923076922
101 0.171875 0.07932692307692307 0.1658653846153846 0.15865384615384615
11 0.35216346153846156 0.09254807692307693 0.15144230769230768 0.18509615384615385
102 0.8798076923076923 0.21754807692307693 0.18509615384615385 0.19951923076923078
12 0.4987980769230769 0.15865384615384615 0.1658653846153846 0.16826923076923078
23 0.1045673076923077 0.31971153846153844 0.16826923076923078 0.17067307692307693
22 0.2920673076923077 0.5552884615384616 0.14903846153846154 0.19951923076923078
101 0.46153846153846156 0.5901442307692307 0.17067307692307693 0.20673076923076922
12 0.8209134615384616 0.6814903846153846 0.1778846153846154 0.20192307692307693
102 0.07932692307692307 0.5492788461538461 0.15865384615384615 0.19471153846153846
23 0.6225961538461539 0.6598557692307693 0.17067307692307693 0.18269230769230768
11 0.056490384615384616 0.7379807692307693 0.11298076923076923 0.1875