22 0.9314903846153846 0.18269230769230768 0.13701923076923078 0.1971153846153846
11 0.5492788461538461 0.12740384615384615 0.1466346153846154 0.20192307692307693
12 0.14302884615384615 0.10336538461538461 0.17067307692307693 0.18028846153846154
23 0.7043269230769231 0.18509615384615385 0.16826923076923078 0.18990384615384615
102 0.12620192307692307 0.328125 0.19230769230769232 0.18990384615384615
101 0.5024038461538461 0.5973557692307693 0.17548076923076922 0.19951923076923078
22 0.9014423076923077 0.6538461538461539 0.13942307692307693 0.20673076923076922
23 0.27403846153846156 0.5997596153846154 0.1778846153846154 0.18509615384615385
12 0.0829326923076923 0.5769230769230769 0.1658653846153846 0.1778846153846154
102 0.6778846153846154 0.6622596153846154 0.17548076923076922 0.18028846153846154
11 0.06971153846153846 0.765625 0.13221153846153846 0.1875
101 0.3713942307692308 0.09735576923076923 0.1658653846153846 0.19471153846153846