138 0.9134615384615384 0.17908653846153846 0.17307692307692307 0.1658653846153846
46 0.5108173076923077 0.1466346153846154 0.15865384615384615 0.17307692307692307
224 0.15625 0.33533653846153844 0.19951923076923078 0.17548076923076922
223 0.0889423076923077 0.5300480769230769 0.14182692307692307 0.20432692307692307
143 0.2848557692307692 0.5877403846153846 0.1875 0.17307692307692307
46 0.47716346153846156 0.6069711538461539 0.16826923076923078 0.17548076923076922
224 0.6862980769230769 0.6370192307692307 0.17067307692307693 0.18028846153846154
142 0.09254807692307693 0.7596153846153846 0.1778846153846154 0.22355769230769232
45 0.28846153846153844 0.7836538461538461 0.12980769230769232 0.1971153846153846
45 0.7463942307692307 0.12860576923076922 0.1346153846153846 0.17548076923076922
142 0.33052884615384615 0.09134615384615384 0.18509615384615385 0.18269230769230768
223 0.12860576923076922 0.08413461538461539 0.13701923076923078 0.16826923076923078