138 0.890625 0.13701923076923078 0.1814903846153846 0.14783653846153846
46 0.4735576923076923 0.14783653846153846 0.14302884615384615 0.15865384615384615
224 0.140625 0.37259615384615385 0.18509615384615385 0.15625
223 0.09495192307692307 0.5733173076923077 0.12139423076923077 0.1935096153846154
143 0.2956730769230769 0.609375 0.171875 0.15625
46 0.4879807692307692 0.609375 0.15264423076923078 0.16105769230769232
224 0.6995192307692307 0.6165865384615384 0.15384615384615385 0.1658653846153846
142 0.12139423076923077 0.8004807692307693 0.15625 0.20793269230769232
45 0.31971153846153844 0.8040865384615384 0.11177884615384616 0.18629807692307693
45 0.7067307692307693 0.1045673076923077 0.11778846153846154 0.16346153846153846
142 0.28966346153846156 0.10697115384615384 0.16706730769230768 0.17668269230769232
223 0.08653846153846154 0.11057692307692307 0.11778846153846154 0.1875