22 0.9110576923076923 0.12379807692307693 0.1201923076923077 0.16826923076923078
12 0.47836538461538464 0.1622596153846154 0.1466346153846154 0.1778846153846154
23 0.6862980769230769 0.1658653846153846 0.1658653846153846 0.15384615384615385
102 0.08774038461538461 0.16826923076923078 0.16105769230769232 0.15384615384615385
11 0.0889423076923077 0.359375 0.125 0.18028846153846154
11 0.4831730769230769 0.6033653846153846 0.125 0.18028846153846154
101 0.6730769230769231 0.6057692307692307 0.12740384615384615 0.18269230769230768
22 0.31009615384615385 0.6129807692307693 0.11538461538461539 0.18269230769230768
12 0.8461538461538461 0.6382211538461539 0.15384615384615385 0.1875
102 0.08653846153846154 0.6466346153846154 0.14903846153846154 0.1778846153846154
23 0.0733173076923077 0.8882211538461539 0.14423076923076922 0.15865384615384615
101 0.3016826923076923 0.1201923076923077 0.15865384615384615 0.17548076923076922