12 0.8966346153846154 0.18509615384615385 0.16826923076923078 0.18269230769230768
102 0.484375 0.1502403846153846 0.17307692307692307 0.17307692307692307
23 0.6850961538461539 0.17067307692307693 0.17307692307692307 0.18028846153846154
101 0.11538461538461539 0.30408653846153844 0.16105769230769232 0.18028846153846154
101 0.8858173076923077 0.6153846153846154 0.15625 0.19230769230769232
11 0.08653846153846154 0.5480769230769231 0.14903846153846154 0.18990384615384615
22 0.49278846153846156 0.5949519230769231 0.1201923076923077 0.19230769230769232
102 0.2644230769230769 0.6081730769230769 0.18028846153846154 0.17067307692307693
23 0.6514423076923077 0.6430288461538461 0.1658653846153846 0.1875
12 0.06850961538461539 0.8233173076923077 0.13701923076923078 0.17067307692307693
22 0.31850961538461536 0.09014423076923077 0.13701923076923078 0.18028846153846154
11 0.13221153846153846 0.08173076923076923 0.125 0.16346153846153846