12 0.8677884615384616 0.15144230769230768 0.15504807692307693 0.17067307692307693
102 0.4543269230769231 0.15264423076923078 0.15865384615384615 0.15865384615384615
23 0.65625 0.15625 0.15985576923076922 0.16706730769230768
101 0.09975961538461539 0.3389423076923077 0.14783653846153846 0.16706730769230768
101 0.8942307692307693 0.5817307692307693 0.14182692307692307 0.18028846153846154
11 0.09254807692307693 0.5841346153846154 0.1346153846153846 0.17908653846153846
22 0.5012019230769231 0.5949519230769231 0.10576923076923077 0.18269230769230768
102 0.27524038461538464 0.6286057692307693 0.16706730769230768 0.15745192307692307
23 0.6634615384615384 0.6298076923076923 0.1502403846153846 0.17548076923076922
12 0.08653846153846154 0.8605769230769231 0.1502403846153846 0.15865384615384615
22 0.28365384615384615 0.10576923076923077 0.12259615384615384 0.17427884615384615
11 0.09735576923076923 0.10697115384615384 0.11057692307692307 0.171875