103 0.9002403846153846 0.5012019230769231 0.1971153846153846 0.2091346153846154
13 0.7007211538461539 0.5276442307692307 0.20192307692307693 0.20432692307692307
103 0.1201923076923077 0.5985576923076923 0.1971153846153846 0.21153846153846154
24 0.32211538461538464 0.5733173076923077 0.18028846153846154 0.20673076923076922
13 0.5108173076923077 0.5516826923076923 0.19471153846153846 0.19951923076923078
24 0.15144230769230768 0.8185096153846154 0.1875 0.19471153846153846
13 0.8461538461538461 0.0733173076923077 0.1778846153846154 0.1466346153846154
24 0.078125 0.14783653846153846 0.15625 0.18509615384615385
103 0.6466346153846154 0.0889423076923077 0.20192307692307693 0.1778846153846154
13 0.45072115384615385 0.10576923076923077 0.18509615384615385 0.1971153846153846
24 0.25961538461538464 0.13822115384615385 0.19230769230769232 0.20192307692307693