24 0.11778846153846154 0.3245192307692308 0.16105769230769232 0.16346153846153846
103 0.12259615384615384 0.5480769230769231 0.18509615384615385 0.1778846153846154
103 0.5024038461538461 0.5492788461538461 0.17548076923076922 0.16826923076923078
24 0.6959134615384616 0.5456730769230769 0.17067307692307693 0.18028846153846154
13 0.31850961538461536 0.5540865384615384 0.15865384615384615 0.18028846153846154
24 0.8846153846153846 0.5456730769230769 0.16826923076923078 0.18509615384615385
13 0.125 0.7620192307692307 0.17067307692307693 0.16826923076923078
13 0.8737980769230769 0.09975961538461539 0.15865384615384615 0.1778846153846154
24 0.30528846153846156 0.11658653846153846 0.16105769230769232 0.16826923076923078
103 0.6826923076923077 0.109375 0.17067307692307693 0.17548076923076922
103 0.10817307692307693 0.1201923076923077 0.18509615384615385 0.1658653846153846
13 0.49278846153846156 0.11658653846153846 0.15625 0.1658653846153846