24 0.1502403846153846 0.2668269230769231 0.1778846153846154 0.18028846153846154
103 0.11899038461538461 0.4891826923076923 0.20432692307692307 0.19951923076923078
103 0.49399038461538464 0.5492788461538461 0.19230769230769232 0.1875
24 0.6862980769230769 0.5757211538461539 0.18990384615384615 0.19951923076923078
13 0.3125 0.5240384615384616 0.18028846153846154 0.1971153846153846
24 0.8725961538461539 0.6057692307692307 0.1875 0.20432692307692307
13 0.09134615384615384 0.6995192307692307 0.18269230769230768 0.1875
13 0.921875 0.1622596153846154 0.15625 0.19471153846153846
24 0.36658653846153844 0.09134615384615384 0.18028846153846154 0.18269230769230768
103 0.7415865384615384 0.14302884615384615 0.18990384615384615 0.19471153846153846
103 0.171875 0.078125 0.20432692307692307 0.15625
13 0.5528846153846154 0.1201923076923077 0.17548076923076922 0.18269230769230768