13 0.14302884615384615 0.28125 0.19230769230769232 0.18509615384615385
103 0.6947115384615384 0.5817307692307693 0.20192307692307693 0.21875
24 0.8954326923076923 0.6081730769230769 0.18509615384615385 0.20432692307692307
24 0.11177884615384616 0.515625 0.1971153846153846 0.20192307692307693
13 0.31490384615384615 0.5396634615384616 0.19471153846153846 0.21394230769230768
13 0.5024038461538461 0.5661057692307693 0.1875 0.21634615384615385
103 0.09735576923076923 0.7223557692307693 0.19471153846153846 0.20432692307692307
13 0.171875 0.07932692307692307 0.19471153846153846 0.15865384615384615
24 0.9326923076923077 0.1622596153846154 0.1346153846153846 0.18028846153846154
103 0.5661057692307693 0.11538461538461539 0.19951923076923078 0.19471153846153846
103 0.36538461538461536 0.09615384615384616 0.1971153846153846 0.19230769230769232
24 0.7692307692307693 0.14423076923076922 0.17307692307692307 0.18269230769230768