13 0.11899038461538461 0.3269230769230769 0.17307692307692307 0.16466346153846154
103 0.703125 0.5576923076923077 0.1778846153846154 0.19831730769230768
24 0.9050480769230769 0.5588942307692307 0.16466346153846154 0.18629807692307693
24 0.11658653846153846 0.5625 0.17548076923076922 0.1814903846153846
13 0.32091346153846156 0.5625 0.171875 0.1935096153846154
13 0.5108173076923077 0.5649038461538461 0.16466346153846154 0.1971153846153846
103 0.12139423076923077 0.7716346153846154 0.18629807692307693 0.18269230769230768
13 0.12139423076923077 0.10216346153846154 0.17427884615384615 0.1814903846153846
24 0.9110576923076923 0.109375 0.15865384615384615 0.1622596153846154
103 0.5192307692307693 0.11057692307692307 0.17908653846153846 0.17427884615384615
103 0.31850961538461536 0.11298076923076923 0.1778846153846154 0.17668269230769232
24 0.7235576923076923 0.1141826923076923 0.15504807692307693 0.1658653846153846