64 0.7163461538461539 0.12620192307692307 0.15865384615384615 0.13221153846153846
216 0.3269230769230769 0.3293269230769231 0.15745192307692307 0.17067307692307693
72 0.11538461538461539 0.3317307692307692 0.1658653846153846 0.16105769230769232
174 0.28125 0.5949519230769231 0.1658653846153846 0.1346153846153846
64 0.09495192307692307 0.5961538461538461 0.15144230769230768 0.13341346153846154
208 0.6478365384615384 0.8233173076923077 0.16466346153846154 0.12740384615384615
174 0.29447115384615385 0.8245192307692307 0.16466346153846154 0.13942307692307693
64 0.46634615384615385 0.8245192307692307 0.13942307692307693 0.12980769230769232
208 0.10576923076923077 0.828125 0.14903846153846154 0.14543269230769232
216 0.10576923076923077 0.10096153846153846 0.15504807692307693 0.15384615384615385
182 0.5168269230769231 0.10216346153846154 0.18028846153846154 0.15264423076923078
216 0.3016826923076923 0.10336538461538461 0.15625 0.16706730769230768