64 0.6826923076923077 0.10817307692307693 0.17067307692307693 0.1466346153846154
216 0.3125 0.3449519230769231 0.17067307692307693 0.18269230769230768
72 0.10216346153846154 0.36538461538461536 0.18028846153846154 0.17548076923076922
174 0.29086538461538464 0.6141826923076923 0.1778846153846154 0.14903846153846154
64 0.1045673076923077 0.6310096153846154 0.16346153846153846 0.1466346153846154
208 0.6754807692307693 0.8088942307692307 0.17548076923076922 0.14182692307692307
174 0.3233173076923077 0.8413461538461539 0.17548076923076922 0.15384615384615385
64 0.4951923076923077 0.8257211538461539 0.14903846153846154 0.14182692307692307
208 0.13581730769230768 0.8617788461538461 0.16105769230769232 0.15865384615384615
216 0.078125 0.13581730769230768 0.15625 0.1658653846153846
182 0.48197115384615385 0.10216346153846154 0.19230769230769232 0.16826923076923078
216 0.26802884615384615 0.12259615384615384 0.17067307692307693 0.18028846153846154