64 0.7103365384615384 0.12259615384615384 0.16105769230769232 0.1346153846153846
216 0.3245192307692308 0.3329326923076923 0.16105769230769232 0.17307692307692307
72 0.11298076923076923 0.3389423076923077 0.16826923076923078 0.16346153846153846
174 0.2824519230769231 0.5985576923076923 0.16826923076923078 0.13701923076923078
64 0.09615384615384616 0.6033653846153846 0.15384615384615385 0.13701923076923078
208 0.6538461538461539 0.8209134615384616 0.1658653846153846 0.12980769230769232
174 0.3004807692307692 0.828125 0.16826923076923078 0.14182692307692307
64 0.4723557692307692 0.8245192307692307 0.14182692307692307 0.13221153846153846
208 0.11177884615384616 0.8353365384615384 0.15144230769230768 0.14903846153846154
216 0.0985576923076923 0.10817307692307693 0.15865384615384615 0.15625
182 0.5096153846153846 0.10216346153846154 0.18269230769230768 0.15625
216 0.29447115384615385 0.10697115384615384 0.15865384615384615 0.17067307692307693