64 0.10697115384615384 0.3641826923076923 0.17307692307692307 0.12620192307692307
208 0.5012019230769231 0.6237980769230769 0.16706730769230768 0.12740384615384615
64 0.0985576923076923 0.6262019230769231 0.15144230769230768 0.13942307692307693
174 0.3004807692307692 0.6262019230769231 0.1875 0.140625
208 0.6875 0.6262019230769231 0.15625 0.12379807692307693
64 0.875 0.6298076923076923 0.16947115384615385 0.14903846153846154
174 0.11538461538461539 0.8737980769230769 0.20192307692307693 0.12379807692307693
208 0.5120192307692307 0.1141826923076923 0.16105769230769232 0.12620192307692307
174 0.11538461538461539 0.11658653846153846 0.17067307692307693 0.13822115384615385
174 0.3125 0.11778846153846154 0.18269230769230768 0.12740384615384615
64 0.6911057692307693 0.11778846153846154 0.15264423076923078 0.1201923076923077
208 0.8858173076923077 0.1201923076923077 0.17668269230769232 0.13341346153846154