223 0.7379807692307693 0.13822115384615385 0.1201923076923077 0.17548076923076922
142 0.36538461538461536 0.11057692307692307 0.1875 0.21153846153846154
138 0.9206730769230769 0.18028846153846154 0.15865384615384615 0.15384615384615385
224 0.13942307692307693 0.12620192307692307 0.16346153846153846 0.18509615384615385
46 0.17427884615384615 0.3485576923076923 0.16105769230769232 0.15625
223 0.7271634615384616 0.5913461538461539 0.12740384615384615 0.1778846153846154
142 0.359375 0.5600961538461539 0.18509615384615385 0.20192307692307693
45 0.5456730769230769 0.5817307692307693 0.13221153846153846 0.18509615384615385
41 0.8882211538461539 0.6334134615384616 0.1201923076923077 0.13701923076923078
143 0.12860576923076922 0.5661057692307693 0.1778846153846154 0.16346153846153846
224 0.11538461538461539 0.7872596153846154 0.16346153846153846 0.16346153846153846
45 0.5528846153846154 0.11538461538461539 0.14423076923076922 0.19230769230769232