216 0.11057692307692307 0.12860576923076922 0.16466346153846154 0.17548076923076922
64 0.32091346153846156 0.13701923076923078 0.15865384615384615 0.14783653846153846
182 0.8052884615384616 0.36658653846153844 0.19230769230769232 0.18389423076923078
72 0.12259615384615384 0.36899038461538464 0.17908653846153846 0.17548076923076922
216 0.3485576923076923 0.36899038461538464 0.15625 0.17908653846153846
182 0.5745192307692307 0.3713942307692308 0.18028846153846154 0.16466346153846154
182 0.1201923076923077 0.6262019230769231 0.19230769230769232 0.17307692307692307
174 0.34134615384615385 0.6466346153846154 0.1814903846153846 0.14423076923076922
216 0.12740384615384615 0.875 0.19110576923076922 0.16706730769230768
72 0.7776442307692307 0.8762019230769231 0.15144230769230768 0.17548076923076922
72 0.3473557692307692 0.8810096153846154 0.1622596153846154 0.1875
216 0.5673076923076923 0.8810096153846154 0.16826923076923078 0.17067307692307693