64 0.35336538461538464 0.13341346153846154 0.15625 0.11538461538461539
216 0.546875 0.35336538461538464 0.19230769230769232 0.1875
72 0.13942307692307693 0.3173076923076923 0.16346153846153846 0.18028846153846154
182 0.7596153846153846 0.37259615384615385 0.19951923076923078 0.19471153846153846
216 0.3449519230769231 0.34375 0.1658653846153846 0.16826923076923078
208 0.09735576923076923 0.5829326923076923 0.17067307692307693 0.14903846153846154
174 0.2860576923076923 0.6009615384615384 0.1875 0.14903846153846154
208 0.4723557692307692 0.6201923076923077 0.17548076923076922 0.14182692307692307
64 0.8425480769230769 0.6586538461538461 0.15865384615384615 0.15384615384615385
174 0.65625 0.6442307692307693 0.17548076923076922 0.15625
64 0.08052884615384616 0.8149038461538461 0.16105769230769232 0.14903846153846154
182 0.14543269230769232 0.08533653846153846 0.19471153846153846 0.17067307692307693