174 0.1346153846153846 0.3016826923076923 0.1875 0.15384615384615385
174 0.8605769230769231 0.6418269230769231 0.18509615384615385 0.18028846153846154
64 0.6622596153846154 0.6225961538461539 0.16105769230769232 0.15144230769230768
208 0.09735576923076923 0.5661057692307693 0.19471153846153846 0.15144230769230768
64 0.4891826923076923 0.609375 0.19471153846153846 0.17067307692307693
208 0.296875 0.5913461538461539 0.1875 0.15865384615384615
174 0.09615384615384616 0.8028846153846154 0.19230769230769232 0.18269230769230768
208 0.1502403846153846 0.0673076923076923 0.17548076923076922 0.1346153846153846
174 0.7199519230769231 0.12379807692307693 0.18509615384615385 0.14903846153846154
208 0.9146634615384616 0.14423076923076922 0.16826923076923078 0.12980769230769232
64 0.5204326923076923 0.1045673076923077 0.17067307692307693 0.13221153846153846
64 0.3401442307692308 0.08774038461538461 0.1778846153846154 0.14903846153846154