64 0.08413461538461539 0.3401442307692308 0.15384615384615385 0.12980769230769232
208 0.6538461538461539 0.5997596153846154 0.15625 0.13581730769230768
64 0.2848557692307692 0.6021634615384616 0.15745192307692307 0.13341346153846154
174 0.8509615384615384 0.6021634615384616 0.17548076923076922 0.14423076923076922
174 0.09375 0.6021634615384616 0.17307692307692307 0.12740384615384615
64 0.4699519230769231 0.6081730769230769 0.15865384615384615 0.1310096153846154
208 0.09254807692307693 0.8449519230769231 0.17067307692307693 0.125
174 0.8617788461538461 0.09495192307692307 0.17067307692307693 0.125
174 0.09014423076923077 0.09735576923076923 0.18028846153846154 0.12740384615384615
64 0.47475961538461536 0.10096153846153846 0.15625 0.11899038461538461
208 0.6634615384615384 0.10336538461538461 0.16105769230769232 0.11298076923076923
208 0.28846153846153844 0.11057692307692307 0.1658653846153846 0.1310096153846154