64 0.10336538461538461 0.2980769230769231 0.1658653846153846 0.14423076923076922
208 0.6430288461538461 0.6153846153846154 0.17067307692307693 0.15144230769230768
64 0.27524038461538464 0.5793269230769231 0.17067307692307693 0.14903846153846154
174 0.8389423076923077 0.6382211538461539 0.18990384615384615 0.16105769230769232
174 0.0889423076923077 0.5576923076923077 0.1778846153846154 0.14423076923076922
64 0.45913461538461536 0.6045673076923077 0.17067307692307693 0.1466346153846154
208 0.07451923076923077 0.7992788461538461 0.14903846153846154 0.14182692307692307
174 0.9026442307692307 0.1346153846153846 0.18269230769230768 0.14182692307692307
174 0.1346153846153846 0.06490384615384616 0.19230769230769232 0.12980769230769232
64 0.5168269230769231 0.10096153846153846 0.16826923076923078 0.1346153846153846
208 0.7043269230769231 0.12259615384615384 0.17307692307692307 0.12980769230769232
208 0.33052884615384615 0.09014423076923077 0.1778846153846154 0.1466346153846154