64 0.08173076923076923 0.4170673076923077 0.16346153846153846 0.15144230769230768
182 0.12379807692307693 0.6502403846153846 0.20432692307692307 0.18990384615384615
174 0.35096153846153844 0.6358173076923077 0.1875 0.15865384615384615
72 0.1658653846153846 0.8834134615384616 0.20673076923076922 0.21394230769230768
72 0.59375 0.8233173076923077 0.18509615384615385 0.1875
216 0.7980769230769231 0.7908653846153846 0.19951923076923078 0.19230769230769232
216 0.38822115384615385 0.8581730769230769 0.18269230769230768 0.2091346153846154
208 0.7980769230769231 0.06490384615384616 0.18269230769230768 0.12980769230769232
174 0.6129807692307693 0.0889423076923077 0.1875 0.15625
64 0.4230769230769231 0.1201923076923077 0.16346153846153846 0.13942307692307693
174 0.2403846153846154 0.15384615384615385 0.1875 0.15384615384615385
208 0.06971153846153846 0.18629807692307693 0.13942307692307693 0.15625