218 0.328125 0.36177884615384615 0.1875 0.19471153846153846
74 0.11778846153846154 0.34375 0.17307692307692307 0.1875
184 0.5432692307692307 0.38221153846153844 0.18990384615384615 0.19230769230769232
71 0.10216346153846154 0.5540865384615384 0.1658653846153846 0.17548076923076922
215 0.5276442307692307 0.5961538461538461 0.18990384615384615 0.1971153846153846
181 0.3088942307692308 0.5805288461538461 0.19471153846153846 0.18990384615384615
218 0.7367788461538461 0.6538461538461539 0.18269230769230768 0.18509615384615385
184 0.09014423076923077 0.8389423076923077 0.18028846153846154 0.20673076923076922
74 0.296875 0.8665865384615384 0.18028846153846154 0.18990384615384615
215 0.35096153846153844 0.0829326923076923 0.18269230769230768 0.1658653846153846
181 0.5625 0.10216346153846154 0.2091346153846154 0.18028846153846154
71 0.13822115384615385 0.08173076923076923 0.17548076923076922 0.16346153846153846