64 0.5625 0.14302884615384615 0.16346153846153846 0.13221153846153846
184 0.3473557692307692 0.13341346153846154 0.20432692307692307 0.19230769230769232
74 0.1346153846153846 0.11538461538461539 0.17067307692307693 0.1875
215 0.13581730769230768 0.3161057692307692 0.18990384615384615 0.18509615384615385
181 0.5685096153846154 0.36899038461538464 0.20192307692307693 0.18509615384615385
218 0.35336538461538464 0.38100961538461536 0.17548076923076922 0.18028846153846154
215 0.09375 0.5685096153846154 0.17548076923076922 0.18269230769230768
181 0.30528846153846156 0.5913461538461539 0.18990384615384615 0.18028846153846154
71 0.26322115384615385 0.8317307692307693 0.17307692307692307 0.18028846153846154
218 0.6911057692307693 0.90625 0.17067307692307693 0.1875
74 0.06850961538461539 0.8473557692307693 0.13701923076923078 0.18990384615384615
184 0.47596153846153844 0.8942307692307693 0.19951923076923078 0.1875