64 0.49399038461538464 0.13701923076923078 0.16105769230769232 0.12980769230769232
184 0.2800480769230769 0.16947115384615385 0.20192307692307693 0.18990384615384615
74 0.07572115384615384 0.19110576923076922 0.15144230769230768 0.18509615384615385
215 0.10817307692307693 0.38822115384615385 0.1875 0.18269230769230768
181 0.5420673076923077 0.359375 0.19951923076923078 0.18269230769230768
218 0.3329326923076923 0.4110576923076923 0.17307692307692307 0.1778846153846154
215 0.1141826923076923 0.6442307692307693 0.17307692307692307 0.18028846153846154
181 0.3269230769230769 0.6274038461538461 0.1875 0.1778846153846154
71 0.33052884615384615 0.8701923076923077 0.17067307692307693 0.1778846153846154
218 0.765625 0.8653846153846154 0.16826923076923078 0.18990384615384615
74 0.13221153846153846 0.9158653846153846 0.15865384615384615 0.16826923076923078
184 0.5516826923076923 0.8918269230769231 0.1971153846153846 0.18269230769230768