218 0.109375 0.38341346153846156 0.15865384615384615 0.1658653846153846
184 0.5216346153846154 0.3713942307692308 0.17548076923076922 0.18269230769230768
74 0.3076923076923077 0.38221153846153844 0.15384615384615385 0.18269230769230768
181 0.10576923076923077 0.59375 0.18269230769230768 0.1778846153846154
64 0.7079326923076923 0.5961538461538461 0.16346153846153846 0.14182692307692307
218 0.3088942307692308 0.6262019230769231 0.16346153846153846 0.16346153846153846
74 0.5096153846153846 0.6225961538461539 0.14182692307692307 0.16826923076923078
215 0.125 0.8269230769230769 0.16826923076923078 0.17067307692307693
184 0.33774038461538464 0.8581730769230769 0.17548076923076922 0.17548076923076922
71 0.2848557692307692 0.10817307692307693 0.16105769230769232 0.15865384615384615
181 0.08533653846153846 0.11778846153846154 0.17067307692307693 0.17307692307692307
208 0.49158653846153844 0.11899038461538461 0.1658653846153846 0.13701923076923078