218 0.1141826923076923 0.3701923076923077 0.15384615384615385 0.15985576923076922
184 0.5264423076923077 0.37259615384615385 0.16826923076923078 0.17668269230769232
74 0.3125 0.375 0.14783653846153846 0.17668269230769232
181 0.10216346153846154 0.5793269230769231 0.1778846153846154 0.17067307692307693
64 0.7043269230769231 0.6033653846153846 0.15865384615384615 0.13701923076923078
218 0.30408653846153844 0.6189903846153846 0.15745192307692307 0.15745192307692307
74 0.5048076923076923 0.6225961538461539 0.13701923076923078 0.16466346153846154
215 0.1141826923076923 0.8137019230769231 0.16346153846153846 0.1658653846153846
184 0.32572115384615385 0.8521634615384616 0.16947115384615385 0.17067307692307693
71 0.2980769230769231 0.10096153846153846 0.15625 0.15264423076923078
181 0.09735576923076923 0.1045673076923077 0.16826923076923078 0.16706730769230768
208 0.5048076923076923 0.11899038461538461 0.16105769230769232 0.13221153846153846