184 0.31490384615384615 0.15865384615384615 0.18269230769230768 0.17548076923076922
215 0.5108173076923077 0.3401442307692308 0.17548076923076922 0.18028846153846154
218 0.3004807692307692 0.3918269230769231 0.1778846153846154 0.18509615384615385
74 0.0985576923076923 0.4110576923076923 0.1658653846153846 0.17548076923076922
215 0.3389423076923077 0.6057692307692307 0.17067307692307693 0.16826923076923078
71 0.5384615384615384 0.5913461538461539 0.16346153846153846 0.1778846153846154
184 0.12740384615384615 0.6598557692307693 0.18269230769230768 0.18028846153846154
181 0.3449519230769231 0.8353365384615384 0.18269230769230768 0.18028846153846154
74 0.13581730769230768 0.8918269230769231 0.17548076923076922 0.18269230769230768
218 0.5600961538461539 0.8641826923076923 0.18269230769230768 0.17548076923076922
71 0.515625 0.10336538461538461 0.15865384615384615 0.16826923076923078
181 0.09254807692307693 0.13581730769230768 0.18509615384615385 0.17548076923076922