181 0.5901442307692307 0.1310096153846154 0.19471153846153846 0.1875
71 0.7896634615384616 0.16947115384615385 0.16826923076923078 0.18509615384615385
64 0.9459134615384616 0.20793269230769232 0.10817307692307693 0.14182692307692307
218 0.1778846153846154 0.10576923076923077 0.1778846153846154 0.18509615384615385
184 0.37259615384615385 0.14182692307692307 0.20432692307692307 0.18028846153846154
215 0.15865384615384615 0.2980769230769231 0.1875 0.1875
71 0.5024038461538461 0.5949519230769231 0.1778846153846154 0.1971153846153846
181 0.30649038461538464 0.5649038461538461 0.20673076923076922 0.19951923076923078
218 0.09615384615384616 0.5721153846153846 0.18990384615384615 0.18269230769230768
215 0.4723557692307692 0.8221153846153846 0.18509615384615385 0.1875
184 0.26322115384615385 0.8305288461538461 0.18509615384615385 0.18990384615384615
74 0.07572115384615384 0.8040865384615384 0.15144230769230768 0.18028846153846154