181 0.5961538461538461 0.13221153846153846 0.1971153846153846 0.18990384615384615
71 0.7956730769230769 0.17548076923076922 0.17067307692307693 0.18509615384615385
64 0.9483173076923077 0.21754807692307693 0.10336538461538461 0.14182692307692307
218 0.18509615384615385 0.09975961538461539 0.18028846153846154 0.1875
184 0.3798076923076923 0.13942307692307693 0.20673076923076922 0.18269230769230768
215 0.1622596153846154 0.2932692307692308 0.18990384615384615 0.18990384615384615
71 0.5 0.5949519230769231 0.18028846153846154 0.19951923076923078
181 0.30528846153846156 0.5625 0.2091346153846154 0.20192307692307693
218 0.09495192307692307 0.5637019230769231 0.18990384615384615 0.18509615384615385
215 0.46634615384615385 0.8209134615384616 0.1875 0.18990384615384615
184 0.25721153846153844 0.8257211538461539 0.1875 0.19230769230769232
74 0.0733173076923077 0.7980769230769231 0.1466346153846154 0.18269230769230768