143 0.6225961538461539 0.17668269230769232 0.20673076923076922 0.19471153846153846
46 0.17548076923076922 0.10576923076923077 0.18028846153846154 0.18269230769230768
142 0.18389423076923078 0.30528846153846156 0.1971153846153846 0.20673076923076922
224 0.3581730769230769 0.36658653846153844 0.17548076923076922 0.18509615384615385
142 0.3605769230769231 0.5877403846153846 0.1971153846153846 0.2283653846153846
224 0.5348557692307693 0.6538461538461539 0.18028846153846154 0.20432692307692307
143 0.7848557692307693 0.6935096153846154 0.20432692307692307 0.19471153846153846
46 0.10697115384615384 0.5865384615384616 0.1875 0.20192307692307693
45 0.2800480769230769 0.8112980769230769 0.18269230769230768 0.19951923076923078
223 0.09375 0.7824519230769231 0.14182692307692307 0.1971153846153846
223 0.8557692307692307 0.16346153846153846 0.16105769230769232 0.20673076923076922
45 0.41947115384615385 0.0985576923076923 0.1466346153846154 0.1971153846153846