65 0.7199519230769231 0.15745192307692307 0.1778846153846154 0.15625
175 0.9098557692307693 0.18269230769230768 0.18028846153846154 0.14423076923076922
209 0.14302884615384615 0.3233173076923077 0.18028846153846154 0.14903846153846154
183 0.3112980769230769 0.5288461538461539 0.17067307692307693 0.1778846153846154
217 0.11298076923076923 0.5132211538461539 0.16346153846153846 0.18028846153846154
73 0.49399038461538464 0.5552884615384616 0.15865384615384615 0.1875
209 0.6875 0.5949519230769231 0.18509615384615385 0.14903846153846154
65 0.8725961538461539 0.6189903846153846 0.17067307692307693 0.13942307692307693
175 0.11057692307692307 0.765625 0.18509615384615385 0.15144230769230768
73 0.33774038461538464 0.0889423076923077 0.15144230769230768 0.1778846153846154
183 0.5288461538461539 0.10697115384615384 0.1778846153846154 0.18028846153846154
217 0.14783653846153846 0.07932692307692307 0.17548076923076922 0.15865384615384615