209 0.30288461538461536 0.15264423076923078 0.18028846153846154 0.14423076923076922
175 0.5 0.14543269230769232 0.1875 0.15144230769230768
65 0.8786057692307693 0.13822115384615385 0.1658653846153846 0.13942307692307693
183 0.11298076923076923 0.3401442307692308 0.18269230769230768 0.1778846153846154
217 0.11538461538461539 0.5709134615384616 0.15384615384615385 0.1778846153846154
73 0.6971153846153846 0.5552884615384616 0.14903846153846154 0.1778846153846154
65 0.8954326923076923 0.5757211538461539 0.17307692307692307 0.1658653846153846
175 0.3137019230769231 0.6009615384615384 0.19471153846153846 0.14423076923076922
209 0.5216346153846154 0.6009615384615384 0.16826923076923078 0.14903846153846154
183 0.12860576923076922 0.7800480769230769 0.1875 0.1875
73 0.6838942307692307 0.09735576923076923 0.14903846153846154 0.1778846153846154
217 0.09615384615384616 0.11899038461538461 0.16826923076923078 0.17307692307692307