217 0.3269230769230769 0.1141826923076923 0.17548076923076922 0.20432692307692307
183 0.9158653846153846 0.16706730769230768 0.16826923076923078 0.19471153846153846
73 0.5264423076923077 0.13822115384615385 0.17307692307692307 0.19230769230769232
175 0.1346153846153846 0.125 0.20432692307692307 0.1875
209 0.7307692307692307 0.1814903846153846 0.19471153846153846 0.17067307692307693
65 0.10576923076923077 0.3629807692307692 0.1778846153846154 0.15865384615384615
183 0.8882211538461539 0.6274038461538461 0.18990384615384615 0.1971153846153846
217 0.6850961538461539 0.6153846153846154 0.16346153846153846 0.19471153846153846
65 0.2956730769230769 0.6225961538461539 0.18509615384615385 0.16105769230769232
175 0.09615384615384616 0.6045673076923077 0.19230769230769232 0.15625
209 0.49158653846153844 0.6442307692307693 0.19230769230769232 0.14903846153846154
73 0.078125 0.7920673076923077 0.15625 0.18990384615384615