217 0.33413461538461536 0.11177884615384616 0.1778846153846154 0.20673076923076922
183 0.9182692307692307 0.17548076923076922 0.16346153846153846 0.1971153846153846
73 0.5336538461538461 0.13822115384615385 0.17548076923076922 0.19471153846153846
175 0.140625 0.11899038461538461 0.2091346153846154 0.18990384615384615
209 0.7355769230769231 0.18509615384615385 0.1971153846153846 0.17548076923076922
65 0.10817307692307693 0.3557692307692308 0.18028846153846154 0.16105769230769232
183 0.8858173076923077 0.6334134615384616 0.19230769230769232 0.19951923076923078
217 0.6838942307692307 0.6177884615384616 0.1658653846153846 0.1971153846153846
65 0.29447115384615385 0.6189903846153846 0.1875 0.1658653846153846
175 0.09615384615384616 0.5973557692307693 0.19230769230769232 0.16105769230769232
209 0.4879807692307692 0.6442307692307693 0.19471153846153846 0.15384615384615385
73 0.07572115384615384 0.7836538461538461 0.15144230769230768 0.19230769230769232