144 0.7175480769230769 0.13581730769230768 0.1875 0.21153846153846154
219 0.8894230769230769 0.15745192307692307 0.09375 0.1346153846153846
47 0.18509615384615385 0.3629807692307692 0.16346153846153846 0.19471153846153846
47 0.3401442307692308 0.6177884615384616 0.16346153846153846 0.19230769230769232
47 0.8870192307692307 0.6225961538461539 0.15865384615384615 0.20192307692307693
144 0.14182692307692307 0.6237980769230769 0.18269230769230768 0.21634615384615385
225 0.5228365384615384 0.625 0.15384615384615385 0.21634615384615385
225 0.7007211538461539 0.6298076923076923 0.16105769230769232 0.19951923076923078
144 0.1466346153846154 0.8605769230769231 0.1971153846153846 0.21153846153846154
225 0.5228365384615384 0.12379807692307693 0.15384615384615385 0.19471153846153846
144 0.3269230769230769 0.12860576923076922 0.18990384615384615 0.18509615384615385
47 0.12259615384615384 0.12980769230769232 0.16346153846153846 0.1875