64 0.8233173076923077 0.06971153846153846 0.15625 0.13942307692307693
211 0.09134615384615384 0.3918269230769231 0.18269230769230768 0.1971153846153846
177 0.7007211538461539 0.5288461538461539 0.19471153846153846 0.18990384615384615
67 0.28846153846153844 0.6033653846153846 0.1778846153846154 0.19951923076923078
210 0.10576923076923077 0.6394230769230769 0.1778846153846154 0.19471153846153846
176 0.49759615384615385 0.5697115384615384 0.19230769230769232 0.19230769230769232
64 0.9026442307692307 0.5288461538461539 0.1658653846153846 0.15625
211 0.16826923076923078 0.8557692307692307 0.18028846153846154 0.19230769230769232
176 0.41466346153846156 0.10817307692307693 0.18990384615384615 0.18028846153846154
177 0.6201923076923077 0.0829326923076923 0.20192307692307693 0.1658653846153846
210 0.06129807692307692 0.17548076923076922 0.12259615384615384 0.19230769230769232
66 0.21754807692307693 0.14903846153846154 0.17548076923076922 0.1875