64 0.8942307692307693 0.125 0.13581730769230768 0.13221153846153846
211 0.11538461538461539 0.32211538461538464 0.15745192307692307 0.171875
177 0.6923076923076923 0.5637019230769231 0.16947115384615385 0.16346153846153846
67 0.27403846153846156 0.5649038461538461 0.14903846153846154 0.17548076923076922
210 0.08774038461538461 0.5685096153846154 0.1502403846153846 0.17067307692307693
176 0.4855769230769231 0.5685096153846154 0.1658653846153846 0.16706730769230768
64 0.8918269230769231 0.5985576923076923 0.14543269230769232 0.13221153846153846
211 0.11177884615384616 0.7932692307692307 0.15384615384615385 0.16826923076923078
176 0.484375 0.09975961538461539 0.1658653846153846 0.15264423076923078
177 0.6935096153846154 0.09975961538461539 0.17668269230769232 0.15985576923076922
210 0.09375 0.09975961538461539 0.15865384615384615 0.16706730769230768
66 0.2824519230769231 0.10576923076923077 0.14903846153846154 0.16346153846153846