64 0.9194711538461539 0.15384615384615385 0.14423076923076922 0.14182692307692307
211 0.12860576923076922 0.2956730769230769 0.16826923076923078 0.18269230769230768
177 0.6875 0.5769230769230769 0.18028846153846154 0.17548076923076922
67 0.2704326923076923 0.5492788461538461 0.16105769230769232 0.18509615384615385
210 0.08413461538461539 0.5396634615384616 0.16105769230769232 0.18028846153846154
176 0.4807692307692308 0.5673076923076923 0.1778846153846154 0.1778846153846154
64 0.8834134615384616 0.6262019230769231 0.15384615384615385 0.14182692307692307
211 0.09254807692307693 0.765625 0.1658653846153846 0.1778846153846154
176 0.5120192307692307 0.09975961538461539 0.17548076923076922 0.16346153846153846
177 0.7211538461538461 0.1141826923076923 0.1875 0.17067307692307693
210 0.12139423076923077 0.08052884615384616 0.17067307692307693 0.16105769230769232
66 0.31009615384615385 0.09134615384615384 0.16105769230769232 0.17307692307692307