208 0.8389423076923077 0.09615384615384616 0.17307692307692307 0.13942307692307693
176 0.125 0.37259615384615385 0.19471153846153846 0.1778846153846154
66 0.6995192307692307 0.5456730769230769 0.1658653846153846 0.18509615384615385
67 0.3004807692307692 0.5901442307692307 0.15625 0.18028846153846154
177 0.5 0.5685096153846154 0.1875 0.18269230769230768
211 0.11057692307692307 0.609375 0.16346153846153846 0.18990384615384615
208 0.890625 0.5564903846153846 0.16346153846153846 0.14423076923076922
176 0.16947115384615385 0.8245192307692307 0.1778846153846154 0.18028846153846154
67 0.6382211538461539 0.0889423076923077 0.1658653846153846 0.1778846153846154
66 0.2668269230769231 0.13221153846153846 0.16105769230769232 0.1778846153846154
210 0.4519230769230769 0.11298076923076923 0.17548076923076922 0.18509615384615385
177 0.08052884615384616 0.15504807692307693 0.16105769230769232 0.18028846153846154