208 0.8798076923076923 0.13341346153846154 0.1622596153846154 0.12259615384615384
176 0.140625 0.33413461538461536 0.17908653846153846 0.15985576923076922
66 0.6935096153846154 0.5661057692307693 0.14903846153846154 0.17067307692307693
67 0.2920673076923077 0.5685096153846154 0.140625 0.1658653846153846
177 0.49278846153846156 0.5685096153846154 0.171875 0.1658653846153846
211 0.10096153846153846 0.5685096153846154 0.1466346153846154 0.17548076923076922
208 0.8822115384615384 0.5973557692307693 0.1502403846153846 0.12980769230769232
176 0.13701923076923078 0.7884615384615384 0.16105769230769232 0.16466346153846154
67 0.6802884615384616 0.1045673076923077 0.1502403846153846 0.16466346153846154
66 0.30649038461538464 0.109375 0.14543269230769232 0.16346153846153846
210 0.49278846153846156 0.11057692307692307 0.15745192307692307 0.17067307692307693
177 0.11177884615384616 0.11298076923076923 0.15985576923076922 0.16346153846153846