208 0.8737980769230769 0.12740384615384615 0.16346153846153846 0.125
176 0.13822115384615385 0.3401442307692308 0.18269230769230768 0.16346153846153846
66 0.6947115384615384 0.5625 0.15144230769230768 0.17307692307692307
67 0.2932692307692308 0.5721153846153846 0.14423076923076922 0.16826923076923078
177 0.49399038461538464 0.5685096153846154 0.17548076923076922 0.16826923076923078
211 0.10216346153846154 0.5757211538461539 0.14903846153846154 0.1778846153846154
208 0.8834134615384616 0.5901442307692307 0.15144230769230768 0.13221153846153846
176 0.14182692307692307 0.7944711538461539 0.16346153846153846 0.16826923076923078
67 0.6730769230769231 0.10096153846153846 0.15384615384615385 0.16826923076923078
66 0.29927884615384615 0.11298076923076923 0.14903846153846154 0.1658653846153846
210 0.4855769230769231 0.11057692307692307 0.16105769230769232 0.17307692307692307
177 0.1045673076923077 0.1201923076923077 0.16346153846153846 0.1658653846153846