208 0.8882211538461539 0.1310096153846154 0.1622596153846154 0.12259615384615384
176 0.13221153846153846 0.3317307692307692 0.18509615384615385 0.16706730769230768
210 0.5144230769230769 0.5625 0.14783653846153846 0.171875
176 0.3137019230769231 0.5673076923076923 0.1778846153846154 0.16826923076923078
67 0.7127403846153846 0.5685096153846154 0.14903846153846154 0.1778846153846154
211 0.10336538461538461 0.5733173076923077 0.15625 0.16826923076923078
177 0.11057692307692307 0.7956730769230769 0.17067307692307693 0.17908653846153846
66 0.30649038461538464 0.8004807692307693 0.1502403846153846 0.17668269230769232
177 0.3173076923076923 0.10336538461538461 0.1658653846153846 0.16706730769230768
67 0.5072115384615384 0.1045673076923077 0.15625 0.15625
211 0.10096153846153846 0.109375 0.15745192307692307 0.16105769230769232
66 0.7055288461538461 0.11177884615384616 0.14182692307692307 0.17307692307692307