64 0.8966346153846154 0.1346153846153846 0.15144230769230768 0.10697115384615384
176 0.12379807692307693 0.328125 0.171875 0.17307692307692307
211 0.09375 0.5769230769230769 0.16105769230769232 0.15865384615384615
66 0.4951923076923077 0.5769230769230769 0.1466346153846154 0.17427884615384615
177 0.3016826923076923 0.5769230769230769 0.17427884615384615 0.17307692307692307
210 0.6935096153846154 0.5793269230769231 0.15985576923076922 0.18870192307692307
64 0.8918269230769231 0.6057692307692307 0.14543269230769232 0.125
176 0.12740384615384615 0.7956730769230769 0.16826923076923078 0.16706730769230768
210 0.49038461538461536 0.1045673076923077 0.1622596153846154 0.1814903846153846
177 0.6995192307692307 0.1045673076923077 0.1658653846153846 0.1622596153846154
67 0.29447115384615385 0.10697115384615384 0.14543269230769232 0.16826923076923078
211 0.09735576923076923 0.11298076923076923 0.14423076923076922 0.16826923076923078