64 0.9266826923076923 0.15384615384615385 0.1466346153846154 0.15865384615384615
176 0.13942307692307693 0.30408653846153844 0.19230769230769232 0.1875
177 0.5012019230769231 0.5661057692307693 0.18509615384615385 0.19230769230769232
210 0.10096153846153846 0.5432692307692307 0.19471153846153846 0.19951923076923078
177 0.7175480769230769 0.5877403846153846 0.16826923076923078 0.19471153846153846
67 0.29927884615384615 0.5576923076923077 0.1658653846153846 0.1778846153846154
66 0.2860576923076923 0.7884615384615384 0.1875 0.18509615384615385
176 0.08774038461538461 0.7860576923076923 0.17548076923076922 0.20192307692307693
66 0.32572115384615385 0.08533653846153846 0.16826923076923078 0.17067307692307693
177 0.7475961538461539 0.11538461538461539 0.18990384615384615 0.17548076923076922
211 0.12860576923076922 0.08173076923076923 0.16105769230769232 0.16346153846153846
210 0.5336538461538461 0.1045673076923077 0.15625 0.17548076923076922