47 0.8810096153846154 0.12139423076923077 0.1622596153846154 0.16947115384615385
225 0.48677884615384615 0.12620192307692307 0.14903846153846154 0.16826923076923078
47 0.0985576923076923 0.12860576923076922 0.15625 0.16706730769230768
144 0.6778846153846154 0.12980769230769232 0.18269230769230768 0.16947115384615385
144 0.2920673076923077 0.1310096153846154 0.18629807692307693 0.16466346153846154
225 0.09254807692307693 0.3233173076923077 0.1466346153846154 0.16466346153846154
144 0.3245192307692308 0.5396634615384616 0.18028846153846154 0.16105769230769232
47 0.8725961538461539 0.5396634615384616 0.15504807692307693 0.18990384615384615
225 0.6899038461538461 0.5408653846153846 0.15384615384615385 0.17668269230769232
144 0.11298076923076923 0.5432692307692307 0.17548076923076922 0.1622596153846154
225 0.5144230769230769 0.546875 0.15985576923076922 0.16826923076923078
47 0.09495192307692307 0.7379807692307693 0.1622596153846154 0.15865384615384615