211 0.12740384615384615 0.30288461538461536 0.18990384615384615 0.1971153846153846
66 0.33413461538461536 0.33653846153846156 0.1971153846153846 0.21153846153846154
176 0.1045673076923077 0.5612980769230769 0.19951923076923078 0.22355769230769232
177 0.7512019230769231 0.6418269230769231 0.22115384615384615 0.21153846153846154
66 0.53125 0.625 0.17548076923076922 0.19230769230769232
210 0.32091346153846156 0.6009615384615384 0.1971153846153846 0.21394230769230768
67 0.27884615384615385 0.8341346153846154 0.18509615384615385 0.20192307692307693
211 0.08173076923076923 0.8112980769230769 0.16346153846153846 0.2091346153846154
176 0.16105769230769232 0.07932692307692307 0.20192307692307693 0.15865384615384615
210 0.8245192307692307 0.14302884615384615 0.18509615384615385 0.1875
177 0.5961538461538461 0.1201923076923077 0.20673076923076922 0.2091346153846154
67 0.3762019230769231 0.10216346153846154 0.19951923076923078 0.20432692307692307