211 0.09375 0.38461538461538464 0.18509615384615385 0.18990384615384615
66 0.30288461538461536 0.375 0.19230769230769232 0.20673076923076922
176 0.12620192307692307 0.6430288461538461 0.19471153846153846 0.21875
177 0.7752403846153846 0.5865384615384616 0.21634615384615385 0.20432692307692307
66 0.5564903846153846 0.6153846153846154 0.17067307692307693 0.1875
210 0.3449519230769231 0.6370192307692307 0.18990384615384615 0.2091346153846154
67 0.35336538461538464 0.8725961538461539 0.18028846153846154 0.1971153846153846
211 0.13942307692307693 0.8954326923076923 0.19471153846153846 0.20432692307692307
176 0.08653846153846154 0.13822115384615385 0.17307692307692307 0.19471153846153846
210 0.7439903846153846 0.08653846153846154 0.18028846153846154 0.17307692307692307
177 0.515625 0.109375 0.20192307692307693 0.20432692307692307
67 0.2956730769230769 0.13341346153846154 0.19471153846153846 0.20673076923076922