64 0.9266826923076923 0.15504807692307693 0.1466346153846154 0.12259615384615384
213 0.10336538461538461 0.10697115384615384 0.15384615384615385 0.1466346153846154
179 0.3161057692307692 0.12620192307692307 0.15865384615384615 0.14182692307692307
68 0.13822115384615385 0.2848557692307692 0.14423076923076922 0.16346153846153846
212 0.07932692307692307 0.49158653846153844 0.15865384615384615 0.18990384615384615
178 0.4795673076923077 0.5228365384615384 0.18269230769230768 0.17548076923076922
64 0.8990384615384616 0.5769230769230769 0.14903846153846154 0.12980769230769232
213 0.25600961538461536 0.5504807692307693 0.15865384615384615 0.14423076923076922
179 0.6887019230769231 0.5841346153846154 0.16346153846153846 0.15865384615384615
68 0.09975961538461539 0.7043269230769231 0.1658653846153846 0.18990384615384615
212 0.5396634615384616 0.10096153846153846 0.15625 0.17307692307692307
178 0.7475961538461539 0.11538461538461539 0.1778846153846154 0.18269230769230768