213 0.46153846153846156 0.12620192307692307 0.15625 0.15625
69 0.6634615384615384 0.11177884615384616 0.14903846153846154 0.1466346153846154
213 0.0889423076923077 0.36899038461538464 0.17067307692307693 0.16105769230769232
68 0.49399038461538464 0.5144230769230769 0.15144230769230768 0.17067307692307693
212 0.10576923076923077 0.5492788461538461 0.14423076923076922 0.17307692307692307
179 0.9074519230769231 0.5084134615384616 0.15865384615384615 0.14903846153846154
69 0.28966346153846156 0.5661057692307693 0.15865384615384615 0.1466346153846154
213 0.6899038461538461 0.5336538461538461 0.15144230769230768 0.15144230769230768
178 0.12860576923076922 0.7427884615384616 0.16826923076923078 0.1658653846153846
178 0.2644230769230769 0.109375 0.16346153846153846 0.16346153846153846
212 0.07211538461538461 0.12980769230769232 0.14423076923076922 0.16346153846153846
68 0.8689903846153846 0.07091346153846154 0.1466346153846154 0.14182692307692307