174 0.921875 0.140625 0.15625 0.11778846153846154
69 0.6995192307692307 0.14543269230769232 0.14903846153846154 0.15144230769230768
213 0.4807692307692308 0.14182692307692307 0.1466346153846154 0.15384615384615385
68 0.11658653846153846 0.29447115384615385 0.17067307692307693 0.15865384615384615
68 0.2692307692307692 0.515625 0.13942307692307693 0.16105769230769232
178 0.46033653846153844 0.5288461538461539 0.16105769230769232 0.18028846153846154
212 0.07211538461538461 0.5168269230769231 0.13942307692307693 0.16346153846153846
69 0.8641826923076923 0.5829326923076923 0.15384615384615385 0.13942307692307693
213 0.65625 0.578125 0.14903846153846154 0.17307692307692307
69 0.0733173076923077 0.7608173076923077 0.1466346153846154 0.1466346153846154
178 0.28966346153846156 0.09375 0.16346153846153846 0.1658653846153846
212 0.08774038461538461 0.09014423076923077 0.14182692307692307 0.18028846153846154