179 0.12379807692307693 0.25961538461538464 0.17548076923076922 0.1658653846153846
212 0.9074519230769231 0.5685096153846154 0.18509615384615385 0.18509615384615385
68 0.5132211538461539 0.5072115384615384 0.17067307692307693 0.18509615384615385
179 0.09134615384615384 0.47716346153846156 0.17548076923076922 0.17307692307692307
69 0.6959134615384616 0.5745192307692307 0.15865384615384615 0.18028846153846154
213 0.3112980769230769 0.5216346153846154 0.17548076923076922 0.1778846153846154
212 0.07572115384615384 0.6538461538461539 0.15144230769230768 0.19230769230769232
178 0.7487980769230769 0.11778846153846154 0.1778846153846154 0.1778846153846154
68 0.5564903846153846 0.08653846153846154 0.16105769230769232 0.16826923076923078
212 0.3713942307692308 0.07572115384615384 0.16105769230769232 0.15144230769230768
69 0.9290865384615384 0.1814903846153846 0.14182692307692307 0.1658653846153846
213 0.15144230769230768 0.0673076923076923 0.16346153846153846 0.1346153846153846