179 0.09134615384615384 0.32091346153846156 0.15504807692307693 0.14423076923076922
212 0.9146634615384616 0.5036057692307693 0.16105769230769232 0.16105769230769232
68 0.5144230769230769 0.5048076923076923 0.14783653846153846 0.16466346153846154
179 0.09254807692307693 0.5408653846153846 0.15504807692307693 0.1502403846153846
69 0.7055288461538461 0.5432692307692307 0.13581730769230768 0.15985576923076922
213 0.3173076923076923 0.5504807692307693 0.15384615384615385 0.15625
212 0.09134615384615384 0.7199519230769231 0.15264423076923078 0.16947115384615385
178 0.6862980769230769 0.0829326923076923 0.15625 0.15504807692307693
68 0.49158653846153844 0.0829326923076923 0.140625 0.14903846153846154
212 0.30408653846153844 0.08653846153846154 0.13822115384615385 0.16105769230769232
69 0.8834134615384616 0.11658653846153846 0.13942307692307693 0.14543269230769232
213 0.08774038461538461 0.11899038461538461 0.14423076923076922 0.13341346153846154