179 0.09495192307692307 0.3137019230769231 0.15865384615384615 0.1466346153846154
212 0.9146634615384616 0.5108173076923077 0.16346153846153846 0.16346153846153846
68 0.5144230769230769 0.5048076923076923 0.15144230769230768 0.16826923076923078
179 0.09134615384615384 0.5336538461538461 0.15865384615384615 0.15384615384615385
69 0.7043269230769231 0.546875 0.13942307692307693 0.16105769230769232
213 0.3161057692307692 0.546875 0.15625 0.15865384615384615
212 0.08774038461538461 0.7127403846153846 0.15625 0.17307692307692307
178 0.6935096153846154 0.08653846153846154 0.15865384615384615 0.15865384615384615
68 0.4987980769230769 0.0829326923076923 0.14423076923076922 0.15144230769230768
212 0.3112980769230769 0.0829326923076923 0.14182692307692307 0.16346153846153846
69 0.890625 0.12379807692307693 0.14182692307692307 0.14903846153846154
213 0.09495192307692307 0.11177884615384616 0.1466346153846154 0.13701923076923078