213 0.11298076923076923 0.10096153846153846 0.15625 0.15144230769230768
69 0.32091346153846156 0.12259615384615384 0.18509615384615385 0.15865384615384615
179 0.0985576923076923 0.3137019230769231 0.17067307692307693 0.15625
68 0.6911057692307693 0.5576923076923077 0.16346153846153846 0.19230769230769232
178 0.49399038461538464 0.5408653846153846 0.17067307692307693 0.18990384615384615
212 0.29086538461538464 0.5204326923076923 0.15865384615384615 0.18269230769230768
213 0.07451923076923077 0.53125 0.14903846153846154 0.16346153846153846
69 0.8762019230769231 0.6225961538461539 0.16346153846153846 0.1658653846153846
179 0.06490384615384616 0.7451923076923077 0.12980769230769232 0.15865384615384615
68 0.7439903846153846 0.12139423076923077 0.15384615384615385 0.18028846153846154
178 0.9314903846153846 0.14783653846153846 0.13701923076923078 0.18028846153846154
212 0.5420673076923077 0.11538461538461539 0.17307692307692307 0.18028846153846154