213 0.04927884615384615 0.22235576923076922 0.0985576923076923 0.16105769230769232
69 0.22355769230769232 0.18629807692307693 0.19230769230769232 0.16826923076923078
179 0.07572115384615384 0.43149038461538464 0.15144230769230768 0.1658653846153846
68 0.6995192307692307 0.5024038461538461 0.17307692307692307 0.19951923076923078
178 0.5060096153846154 0.5408653846153846 0.18269230769230768 0.19951923076923078
212 0.30528846153846156 0.5769230769230769 0.16826923076923078 0.19230769230769232
213 0.09495192307692307 0.6490384615384616 0.1658653846153846 0.17307692307692307
69 0.8954326923076923 0.5144230769230769 0.17067307692307693 0.17307692307692307
179 0.1346153846153846 0.8605769230769231 0.16826923076923078 0.16826923076923078
68 0.6286057692307693 0.08173076923076923 0.1658653846153846 0.16346153846153846
178 0.8353365384615384 0.06610576923076923 0.18028846153846154 0.13221153846153846
212 0.4338942307692308 0.11899038461538461 0.18269230769230768 0.18990384615384615