214 0.125 0.18509615384615385 0.22355769230769232 0.18990384615384615
180 0.8605769230769231 0.1466346153846154 0.23798076923076922 0.19471153846153846
70 0.6153846153846154 0.15985576923076922 0.2091346153846154 0.18990384615384615
214 0.375 0.1778846153846154 0.2283653846153846 0.19230769230769232
180 0.38822115384615385 0.40384615384615385 0.22596153846153846 0.19951923076923078
70 0.13341346153846154 0.4182692307692308 0.21875 0.18509615384615385
180 0.40384615384615385 0.6454326923076923 0.22115384615384615 0.18509615384615385
70 0.8858173076923077 0.6225961538461539 0.22355769230769232 0.21394230769230768
214 0.15264423076923078 0.6622596153846154 0.23076923076923078 0.1971153846153846
70 0.6466346153846154 0.6382211538461539 0.21634615384615385 0.20192307692307693
180 0.1658653846153846 0.8942307692307693 0.23076923076923078 0.19230769230769232
214 0.41586538461538464 0.8810096153846154 0.21394230769230768 0.20192307692307693