214 0.14182692307692307 0.1658653846153846 0.21514423076923078 0.1778846153846154
180 0.8786057692307693 0.1658653846153846 0.2283653846153846 0.18269230769230768
70 0.6334134615384616 0.1658653846153846 0.19951923076923078 0.17908653846153846
214 0.3918269230769231 0.171875 0.21995192307692307 0.18028846153846154
180 0.39302884615384615 0.39783653846153844 0.21634615384615385 0.1875
70 0.13822115384615385 0.39903846153846156 0.2091346153846154 0.17548076923076922
180 0.39663461538461536 0.640625 0.21153846153846154 0.17307692307692307
70 0.8786057692307693 0.6430288461538461 0.21394230769230768 0.20192307692307693
214 0.14423076923076922 0.6442307692307693 0.22115384615384615 0.18629807692307693
70 0.6394230769230769 0.6454326923076923 0.20552884615384615 0.19110576923076922
180 0.14543269230769232 0.8762019230769231 0.22235576923076922 0.18028846153846154
214 0.39663461538461536 0.8762019230769231 0.20432692307692307 0.19110576923076922