214 0.1310096153846154 0.3269230769230769 0.2127403846153846 0.1778846153846154
180 0.3798076923076923 0.3293269230769231 0.21875 0.19951923076923078
180 0.13701923076923078 0.5769230769230769 0.21394230769230768 0.18028846153846154
70 0.8665865384615384 0.578125 0.21153846153846154 0.20793269230769232
214 0.6298076923076923 0.5793269230769231 0.2091346153846154 0.19230769230769232
180 0.38341346153846156 0.5817307692307693 0.21514423076923078 0.1875
214 0.13581730769230768 0.8076923076923077 0.21153846153846154 0.16947115384615385
70 0.3762019230769231 0.8149038461538461 0.20552884615384615 0.18629807692307693
70 0.12740384615384615 0.10096153846153846 0.20192307692307693 0.17548076923076922
70 0.8473557692307693 0.1045673076923077 0.21153846153846154 0.19230769230769232
214 0.36899038461538464 0.10576923076923077 0.21153846153846154 0.18028846153846154
180 0.6129807692307693 0.10697115384615384 0.21153846153846154 0.1971153846153846