214 0.125 0.3401442307692308 0.21875 0.18509615384615385
180 0.3737980769230769 0.33413461538461536 0.22596153846153846 0.20673076923076922
180 0.13942307692307693 0.5901442307692307 0.22115384615384615 0.1875
70 0.8689903846153846 0.5649038461538461 0.21875 0.21634615384615385
214 0.6322115384615384 0.5745192307692307 0.21634615384615385 0.19951923076923078
180 0.3858173076923077 0.5853365384615384 0.22115384615384615 0.19471153846153846
214 0.1466346153846154 0.8197115384615384 0.21634615384615385 0.1778846153846154
70 0.3870192307692308 0.8185096153846154 0.21153846153846154 0.19230769230769232
70 0.1141826923076923 0.1141826923076923 0.20673076923076922 0.18269230769230768
70 0.8329326923076923 0.09615384615384616 0.21875 0.19230769230769232
214 0.3557692307692308 0.11057692307692307 0.21875 0.1875
180 0.5997596153846154 0.10336538461538461 0.21875 0.20432692307692307