214 0.12259615384615384 0.34615384615384615 0.22115384615384615 0.18990384615384615
180 0.3713942307692308 0.33533653846153844 0.2283653846153846 0.21153846153846154
180 0.14182692307692307 0.5961538461538461 0.22355769230769232 0.19230769230769232
70 0.8701923076923077 0.5588942307692307 0.22115384615384615 0.21875
214 0.6334134615384616 0.5721153846153846 0.21875 0.20192307692307693
180 0.38822115384615385 0.5877403846153846 0.22355769230769232 0.19951923076923078
214 0.15264423076923078 0.8269230769230769 0.22115384615384615 0.18028846153846154
70 0.39302884615384615 0.8209134615384616 0.21394230769230768 0.1971153846153846
70 0.10697115384615384 0.12139423076923077 0.21153846153846154 0.18509615384615385
70 0.8245192307692307 0.09375 0.22115384615384615 0.1875
214 0.3485576923076923 0.11298076923076923 0.22115384615384615 0.19230769230769232
180 0.5913461538461539 0.10216346153846154 0.22115384615384615 0.20432692307692307