180 0.4230769230769231 0.32572115384615385 0.2668269230769231 0.2283653846153846
180 0.17307692307692307 0.2824519230769231 0.25961538461538464 0.24519230769230768
70 0.11899038461538461 0.5216346153846154 0.23798076923076922 0.23557692307692307
214 0.6057692307692307 0.6117788461538461 0.25240384615384615 0.23317307692307693
70 0.8509615384615384 0.6550480769230769 0.24759615384615385 0.23317307692307693
180 0.3641826923076923 0.5697115384615384 0.24519230769230768 0.22355769230769232
180 0.10576923076923077 0.7596153846153846 0.21153846153846154 0.21153846153846154
214 0.33533653846153844 0.8064903846153846 0.25961538461538464 0.2283653846153846
214 0.9038461538461539 0.17548076923076922 0.19230769230769232 0.20673076923076922
70 0.44350961538461536 0.10216346153846154 0.24278846153846154 0.20432692307692307
70 0.6850961538461539 0.13581730769230768 0.25 0.2283653846153846
214 0.203125 0.08173076923076923 0.23317307692307693 0.16346153846153846