47 0.13581730769230768 0.25961538461538464 0.18269230769230768 0.18028846153846154
225 0.10216346153846154 0.46875 0.18269230769230768 0.1971153846153846
47 0.4639423076923077 0.5144230769230769 0.18509615384615385 0.18028846153846154
47 0.2824519230769231 0.49399038461538464 0.17548076923076922 0.19951923076923078
144 0.6670673076923077 0.5408653846153846 0.1971153846153846 0.18990384615384615
144 0.8701923076923077 0.5673076923076923 0.20673076923076922 0.19230769230769232
225 0.08173076923076923 0.6682692307692307 0.16346153846153846 0.1875
47 0.16105769230769232 0.0733173076923077 0.18269230769230768 0.1466346153846154
225 0.9194711538461539 0.15504807692307693 0.16105769230769232 0.18028846153846154
225 0.7560096153846154 0.13581730769230768 0.16826923076923078 0.17307692307692307
144 0.5625 0.11298076923076923 0.20192307692307693 0.17548076923076922
144 0.35096153846153844 0.09254807692307693 0.1971153846153846 0.18509615384615385