242 0.3425480769230769 0.3293269230769231 0.18990384615384615 0.15865384615384615
197 0.13822115384615385 0.2932692307692308 0.19230769230769232 0.16826923076923078
86 0.5456730769230769 0.37259615384615385 0.19230769230769232 0.1658653846153846
197 0.8774038461538461 0.7007211538461539 0.19230769230769232 0.16346153846153846
86 0.2956730769230769 0.5985576923076923 0.18509615384615385 0.17067307692307693
242 0.6682692307692307 0.6634615384615384 0.19471153846153846 0.15625
242 0.4807692307692308 0.6322115384615384 0.18990384615384615 0.17307692307692307
86 0.09735576923076923 0.5649038461538461 0.19230769230769232 0.16105769230769232
197 0.0733173076923077 0.8088942307692307 0.1466346153846154 0.1466346153846154
86 0.18389423076923078 0.06129807692307692 0.19471153846153846 0.12259615384615384
242 0.36899038461538464 0.08653846153846154 0.19471153846153846 0.17307692307692307
197 0.5769230769230769 0.12740384615384615 0.19471153846153846 0.17307692307692307