29 0.078125 0.16346153846153846 0.125 0.15625
186 0.421875 0.1658653846153846 0.11538461538461539 0.11057692307692307
186 0.5673076923076923 0.16947115384615385 0.12259615384615384 0.12259615384615384
29 0.7355769230769231 0.171875 0.14423076923076922 0.14182692307692307
119 0.9134615384615384 0.171875 0.15384615384615385 0.11778846153846154
119 0.25841346153846156 0.17307692307692307 0.15865384615384615 0.14423076923076922
194 0.4639423076923077 0.4050480769230769 0.11778846153846154 0.15384615384615385
160 0.2848557692307692 0.40625 0.15144230769230768 0.15865384615384615
37 0.07692307692307693 0.4074519230769231 0.125 0.15865384615384615
29 0.6538461538461539 0.42427884615384615 0.16346153846153846 0.125
194 0.3088942307692308 0.6478365384615384 0.12259615384615384 0.16105769230769232
160 0.11658653846153846 0.6490384615384616 0.17067307692307693 0.1778846153846154