204 0.08774038461538461 0.38461538461538464 0.17548076923076922 0.20673076923076922
249 0.30649038461538464 0.3581730769230769 0.19951923076923078 0.18509615384615385
249 0.11057692307692307 0.6454326923076923 0.1971153846153846 0.19951923076923078
204 0.7800480769230769 0.5709134615384616 0.19471153846153846 0.2091346153846154
207 0.33052884615384615 0.6598557692307693 0.21153846153846154 0.1971153846153846
96 0.5625 0.6334134615384616 0.20673076923076922 0.21153846153846154
93 0.14903846153846154 0.8870192307692307 0.19230769230769232 0.1778846153846154
93 0.2692307692307692 0.11057692307692307 0.18990384615384615 0.18990384615384615
96 0.7175480769230769 0.0985576923076923 0.19951923076923078 0.1971153846153846
252 0.07091346153846154 0.17427884615384615 0.14182692307692307 0.20432692307692307
207 0.4963942307692308 0.12379807692307693 0.1875 0.18990384615384615