204 0.08653846153846154 0.4050480769230769 0.17307692307692307 0.21394230769230768
249 0.29927884615384615 0.36778846153846156 0.20673076923076922 0.19230769230769232
249 0.11899038461538461 0.6658653846153846 0.20432692307692307 0.20673076923076922
204 0.7836538461538461 0.5564903846153846 0.20432692307692307 0.21634615384615385
207 0.3389423076923077 0.6682692307692307 0.21875 0.20673076923076922
96 0.5697115384615384 0.6310096153846154 0.21394230769230768 0.21875
93 0.16947115384615385 0.9050480769230769 0.19951923076923078 0.18509615384615385
93 0.24879807692307693 0.12259615384615384 0.1971153846153846 0.1971153846153846
96 0.6971153846153846 0.09495192307692307 0.20673076923076922 0.18990384615384615
252 0.06610576923076923 0.19831730769230768 0.13221153846153846 0.2091346153846154
207 0.47596153846153844 0.125 0.19471153846153846 0.1971153846153846