204 0.0985576923076923 0.33413461538461536 0.1658653846153846 0.18870192307692307
249 0.32572115384615385 0.33533653846153844 0.18028846153846154 0.16466346153846154
249 0.09615384615384616 0.5973557692307693 0.17548076923076922 0.17908653846153846
204 0.7692307692307693 0.6045673076923077 0.17307692307692307 0.18870192307692307
207 0.3125 0.6382211538461539 0.19110576923076922 0.17548076923076922
96 0.5456730769230769 0.640625 0.18389423076923078 0.18990384615384615
93 0.1045673076923077 0.8413461538461539 0.17427884615384615 0.15745192307692307
93 0.31850961538461536 0.08533653846153846 0.17067307692307693 0.17067307692307693
96 0.7668269230769231 0.12139423076923077 0.17668269230769232 0.1935096153846154
252 0.09615384615384616 0.12259615384615384 0.15985576923076922 0.18509615384615385
207 0.5420673076923077 0.12620192307692307 0.16826923076923078 0.17067307692307693