96 0.546875 0.15504807692307693 0.17548076923076922 0.19471153846153846
252 0.32211538461538464 0.3942307692307692 0.18509615384615385 0.16105769230769232
207 0.10336538461538461 0.38341346153846156 0.17067307692307693 0.17307692307692307
249 0.08774038461538461 0.59375 0.1658653846153846 0.16346153846153846
204 0.5108173076923077 0.6213942307692307 0.18990384615384615 0.1875
252 0.2932692307692308 0.6442307692307693 0.1778846153846154 0.19471153846153846
93 0.515625 0.8569711538461539 0.18509615384615385 0.16826923076923078
96 0.08173076923076923 0.8653846153846154 0.16346153846153846 0.19230769230769232
207 0.29086538461538464 0.890625 0.1658653846153846 0.19230769230769232
93 0.7644230769230769 0.12620192307692307 0.18028846153846154 0.16826923076923078
249 0.109375 0.09375 0.18028846153846154 0.17067307692307693
204 0.33052884615384615 0.10697115384615384 0.16826923076923078 0.17307692307692307