96 0.4675480769230769 0.15264423076923078 0.1971153846153846 0.21153846153846154
252 0.30288461538461536 0.4375 0.19951923076923078 0.18028846153846154
207 0.09014423076923077 0.4735576923076923 0.18028846153846154 0.19230769230769232
249 0.1201923076923077 0.6838942307692307 0.18269230769230768 0.18028846153846154
204 0.5372596153846154 0.6153846153846154 0.2091346153846154 0.20673076923076922
252 0.3317307692307692 0.6875 0.19951923076923078 0.21394230769230768
93 0.5961538461538461 0.84375 0.20192307692307693 0.1875
96 0.16947115384615385 0.9230769230769231 0.19471153846153846 0.15384615384615385
207 0.38341346153846156 0.9110576923076923 0.18509615384615385 0.1778846153846154
93 0.6730769230769231 0.08413461538461539 0.1971153846153846 0.16826923076923078
249 0.0625 0.19110576923076922 0.125 0.18990384615384615
204 0.24639423076923078 0.15504807692307693 0.18509615384615385 0.18990384615384615