96 0.10336538461538461 0.13581730769230768 0.15985576923076922 0.1875
252 0.31490384615384615 0.14302884615384615 0.16947115384615385 0.19230769230769232
204 0.3317307692307692 0.3557692307692308 0.16105769230769232 0.18269230769230768
207 0.10216346153846154 0.39302884615384615 0.1658653846153846 0.17067307692307693
204 0.7524038461538461 0.6033653846153846 0.19230769230769232 0.17427884615384615
93 0.3125 0.6117788461538461 0.1778846153846154 0.15865384615384615
252 0.5336538461538461 0.6478365384615384 0.16105769230769232 0.18028846153846154
96 0.10697115384615384 0.65625 0.16346153846153846 0.16105769230769232
249 0.3016826923076923 0.8545673076923077 0.18629807692307693 0.14783653846153846
96 0.10216346153846154 0.8918269230769231 0.15504807692307693 0.1971153846153846
93 0.5360576923076923 0.1045673076923077 0.17427884615384615 0.15985576923076922
249 0.7536057692307693 0.10576923076923077 0.16105769230769232 0.17307692307692307