96 0.08533653846153846 0.15745192307692307 0.16826923076923078 0.19471153846153846
252 0.296875 0.15264423076923078 0.18028846153846154 0.20192307692307693
204 0.3245192307692308 0.3641826923076923 0.17067307692307693 0.18990384615384615
207 0.09735576923076923 0.41346153846153844 0.17548076923076922 0.18028846153846154
204 0.7572115384615384 0.5901442307692307 0.20192307692307693 0.18509615384615385
93 0.31850961538461536 0.6213942307692307 0.18509615384615385 0.16826923076923078
252 0.5408653846153846 0.6454326923076923 0.17067307692307693 0.1875
96 0.11538461538461539 0.6766826923076923 0.17067307692307693 0.16826923076923078
249 0.32091346153846156 0.8641826923076923 0.19471153846153846 0.15625
96 0.12379807692307693 0.9050480769230769 0.1658653846153846 0.18990384615384615
93 0.515625 0.10336538461538461 0.18269230769230768 0.16826923076923078
249 0.7331730769230769 0.09254807692307693 0.17067307692307693 0.18028846153846154