96 0.3112980769230769 0.14543269230769232 0.16346153846153846 0.15865384615384615
252 0.7211538461538461 0.14783653846153846 0.16105769230769232 0.17427884615384615
93 0.1045673076923077 0.3329326923076923 0.15625 0.16826923076923078
207 0.30288461538461536 0.3713942307692308 0.16346153846153846 0.18389423076923078
204 0.09615384615384616 0.5913461538461539 0.15745192307692307 0.1778846153846154
249 0.30408653846153844 0.5925480769230769 0.1658653846153846 0.16346153846153846
93 0.296875 0.8185096153846154 0.1658653846153846 0.16947115384615385
252 0.5048076923076923 0.8569711538461539 0.16466346153846154 0.17427884615384615
96 0.0985576923076923 0.859375 0.17067307692307693 0.1778846153846154
207 0.7223557692307693 0.8605769230769231 0.1466346153846154 0.1814903846153846
249 0.5108173076923077 0.09495192307692307 0.15384615384615385 0.14903846153846154
204 0.09975961538461539 0.10576923076923077 0.16105769230769232 0.1658653846153846