207 0.07572115384615384 0.1935096153846154 0.15144230769230768 0.19471153846153846
96 0.28846153846153844 0.1622596153846154 0.19471153846153846 0.19471153846153846
249 0.2932692307692308 0.3605769230769231 0.1971153846153846 0.1778846153846154
93 0.09254807692307693 0.39302884615384615 0.18509615384615385 0.18028846153846154
249 0.5132211538461539 0.37740384615384615 0.21153846153846154 0.18990384615384615
249 0.1141826923076923 0.6526442307692307 0.19951923076923078 0.17548076923076922
93 0.5540865384615384 0.5985576923076923 0.21153846153846154 0.19951923076923078
252 0.33774038461538464 0.6670673076923077 0.1875 0.19471153846153846
204 0.5985576923076923 0.8389423076923077 0.19471153846153846 0.19230769230769232
96 0.390625 0.9014423076923077 0.18509615384615385 0.1971153846153846
207 0.16947115384615385 0.9230769230769231 0.18990384615384615 0.15384615384615385
204 0.4951923076923077 0.09735576923076923 0.1875 0.19471153846153846