207 0.10576923076923077 0.1346153846153846 0.16346153846153846 0.17307692307692307
96 0.33774038461538464 0.13581730769230768 0.17307692307692307 0.171875
249 0.31490384615384615 0.3329326923076923 0.17668269230769232 0.15504807692307693
93 0.10697115384615384 0.33653846153846156 0.17427884615384615 0.15865384615384615
249 0.5300480769230769 0.38100961538461536 0.19110576923076922 0.1658653846153846
249 0.09615384615384616 0.5973557692307693 0.18028846153846154 0.15144230769230768
93 0.5396634615384616 0.6045673076923077 0.18990384615384615 0.17548076923076922
252 0.3161057692307692 0.6430288461538461 0.16466346153846154 0.17307692307692307
204 0.5504807692307693 0.8497596153846154 0.17307692307692307 0.17067307692307693
96 0.33653846153846156 0.8858173076923077 0.1622596153846154 0.1814903846153846
207 0.11057692307692307 0.8930288461538461 0.16706730769230768 0.17067307692307693
204 0.5516826923076923 0.09735576923076923 0.16466346153846154 0.18269230769230768