207 0.30649038461538464 0.14783653846153846 0.14543269230769232 0.17307692307692307
252 0.5168269230769231 0.15384615384615385 0.15625 0.16826923076923078
249 0.08774038461538461 0.34615384615384615 0.17067307692307693 0.15985576923076922
96 0.3112980769230769 0.38822115384615385 0.1658653846153846 0.17908653846153846
86 0.3125 0.6141826923076923 0.16706730769230768 0.12379807692307693
207 0.09495192307692307 0.6358173076923077 0.15745192307692307 0.18389423076923078
249 0.5324519230769231 0.8365384615384616 0.16826923076923078 0.14903846153846154
204 0.1201923076923077 0.8365384615384616 0.16826923076923078 0.16706730769230768
96 0.33653846153846156 0.8786057692307693 0.15865384615384615 0.17427884615384615
252 0.7536057692307693 0.8786057692307693 0.16466346153846154 0.16346153846153846
93 0.09615384615384616 0.1045673076923077 0.16706730769230768 0.15865384615384615
204 0.7331730769230769 0.11298076923076923 0.15144230769230768 0.17067307692307693