198 0.08653846153846154 0.17548076923076922 0.17307692307692307 0.1778846153846154
243 0.4879807692307692 0.140625 0.21394230769230768 0.20192307692307693
87 0.6983173076923077 0.12740384615384615 0.20432692307692307 0.17307692307692307
251 0.07451923076923077 0.3701923076923077 0.14903846153846154 0.1971153846153846
206 0.2860576923076923 0.35336538461538464 0.18028846153846154 0.20432692307692307
206 0.5204326923076923 0.5853365384615384 0.17307692307692307 0.2091346153846154
251 0.7379807692307693 0.5673076923076923 0.17548076923076922 0.21394230769230768
243 0.32572115384615385 0.640625 0.19471153846153846 0.1658653846153846
198 0.12259615384615384 0.6706730769230769 0.20192307692307693 0.1778846153846154
95 0.11899038461538461 0.8605769230769231 0.18509615384615385 0.1971153846153846
87 0.3317307692307692 0.8858173076923077 0.21153846153846154 0.1875
95 0.2692307692307692 0.125 0.17307692307692307 0.2091346153846154