198 0.10096153846153846 0.13942307692307693 0.1935096153846154 0.1622596153846154
243 0.5192307692307693 0.140625 0.19831730769230768 0.18629807692307693
87 0.7295673076923077 0.1466346153846154 0.19110576923076922 0.15745192307692307
251 0.07932692307692307 0.33413461538461536 0.15144230769230768 0.18389423076923078
206 0.29927884615384615 0.33533653846153844 0.16466346153846154 0.19110576923076922
206 0.5132211538461539 0.5865384615384616 0.15625 0.19591346153846154
251 0.7307692307692307 0.5877403846153846 0.15745192307692307 0.20072115384615385
243 0.3137019230769231 0.625 0.18269230769230768 0.15144230769230768
198 0.109375 0.6370192307692307 0.18870192307692307 0.16105769230769232
95 0.0889423076923077 0.8257211538461539 0.16947115384615385 0.18269230769230768
87 0.29927884615384615 0.8701923076923077 0.1971153846153846 0.171875
95 0.30288461538461536 0.10576923076923077 0.15745192307692307 0.1971153846153846