194 0.48677884615384615 0.14543269230769232 0.11778846153846154 0.1658653846153846
160 0.08774038461538461 0.16346153846153846 0.17307692307692307 0.17307692307692307
160 0.3076923076923077 0.15985576923076922 0.16346153846153846 0.1875
194 0.06850961538461539 0.39663461538461536 0.125 0.15865384615384615
37 0.4423076923076923 0.38822115384615385 0.15625 0.17548076923076922
37 0.2536057692307692 0.39903846153846156 0.12740384615384615 0.17548076923076922
186 0.08052884615384616 0.6814903846153846 0.11538461538461539 0.13701923076923078
119 0.4014423076923077 0.671875 0.17307692307692307 0.13942307692307693
186 0.23557692307692307 0.6778846153846154 0.1466346153846154 0.12980769230769232
119 0.7548076923076923 0.6598557692307693 0.16346153846153846 0.14182692307692307
29 0.5793269230769231 0.6670673076923077 0.125 0.11538461538461539
29 0.9230769230769231 0.6610576923076923 0.12740384615384615 0.125