194 0.4987980769230769 0.14543269230769232 0.11298076923076923 0.16105769230769232
160 0.09975961538461539 0.14903846153846154 0.16706730769230768 0.16826923076923078
160 0.31971153846153844 0.15384615384615385 0.15625 0.18269230769230768
194 0.07211538461538461 0.38221153846153844 0.1201923076923077 0.15384615384615385
37 0.44591346153846156 0.3858173076923077 0.15144230769230768 0.16947115384615385
37 0.25721153846153844 0.390625 0.12259615384615384 0.17067307692307693
186 0.07451923076923077 0.6670673076923077 0.11177884615384616 0.13341346153846154
119 0.3954326923076923 0.6682692307692307 0.16826923076923078 0.1346153846153846
186 0.22956730769230768 0.6682692307692307 0.14182692307692307 0.125
119 0.7487980769230769 0.6682692307692307 0.15985576923076922 0.13581730769230768
29 0.5733173076923077 0.6694711538461539 0.1201923076923077 0.11057692307692307
29 0.9170673076923077 0.6754807692307693 0.12379807692307693 0.1201923076923077