198 0.7692307692307693 0.140625 0.19230769230769232 0.1466346153846154
87 0.5528846153846154 0.14302884615384615 0.18629807692307693 0.15384615384615385
251 0.10336538461538461 0.33533653846153844 0.17668269230769232 0.17307692307692307
243 0.3329326923076923 0.37259615384615385 0.1971153846153846 0.16826923076923078
251 0.10576923076923077 0.5865384615384616 0.17307692307692307 0.1875
206 0.32572115384615385 0.5901442307692307 0.15985576923076922 0.1814903846153846
198 0.7584134615384616 0.6237980769230769 0.1971153846153846 0.15865384615384615
87 0.5480769230769231 0.6298076923076923 0.18990384615384615 0.16105769230769232
95 0.3233173076923077 0.8233173076923077 0.1622596153846154 0.18269230769230768
243 0.12740384615384615 0.8677884615384616 0.18389423076923078 0.16105769230769232
206 0.3137019230769231 0.1045673076923077 0.171875 0.18629807692307693
95 0.11177884615384616 0.10817307692307693 0.171875 0.18028846153846154