198 0.7091346153846154 0.10336538461538461 0.21394230769230768 0.17548076923076922
87 0.4963942307692308 0.13942307692307693 0.2091346153846154 0.18028846153846154
251 0.09134615384615384 0.39783653846153844 0.18269230769230768 0.19951923076923078
243 0.31490384615384615 0.40024038461538464 0.22115384615384615 0.1971153846153846
251 0.12379807692307693 0.6466346153846154 0.19951923076923078 0.21153846153846154
206 0.3425480769230769 0.6165865384615384 0.18509615384615385 0.20432692307692307
198 0.7740384615384616 0.5817307692307693 0.21875 0.1875
87 0.5673076923076923 0.6201923076923077 0.21394230769230768 0.18990384615384615
95 0.3762019230769231 0.8473557692307693 0.18990384615384615 0.20673076923076922
243 0.18990384615384615 0.9134615384615384 0.20673076923076922 0.17307692307692307
206 0.2536057692307692 0.13822115384615385 0.19951923076923078 0.21153846153846154
95 0.07692307692307693 0.17427884615384615 0.15384615384615385 0.20432692307692307