243 0.7067307692307693 0.10817307692307693 0.24519230769230768 0.21153846153846154
87 0.09014423076923077 0.18028846153846154 0.18028846153846154 0.16346153846153846
251 0.296875 0.36177884615384615 0.18509615384615385 0.21634615384615385
198 0.1045673076923077 0.4206730769230769 0.19951923076923078 0.18028846153846154
95 0.32091346153846156 0.6129807692307693 0.18269230769230768 0.19471153846153846
251 0.5216346153846154 0.5985576923076923 0.1875 0.21394230769230768
243 0.1201923076923077 0.6742788461538461 0.21153846153846154 0.18509615384615385
87 0.765625 0.6081730769230769 0.22115384615384615 0.19471153846153846
206 0.1310096153846154 0.8846153846153846 0.19951923076923078 0.21634615384615385
198 0.3762019230769231 0.8978365384615384 0.22115384615384615 0.18269230769230768
95 0.2692307692307692 0.12139423076923077 0.1778846153846154 0.20432692307692307
206 0.4807692307692308 0.10336538461538461 0.1778846153846154 0.20673076923076922