244 0.3004807692307692 0.3641826923076923 0.19110576923076922 0.1778846153846154
88 0.08774038461538461 0.3762019230769231 0.16346153846153846 0.18389423076923078
88 0.5396634615384616 0.6310096153846154 0.18990384615384615 0.18990384615384615
199 0.09134615384615384 0.6346153846153846 0.17067307692307693 0.1971153846153846
244 0.30649038461538464 0.6358173076923077 0.1658653846153846 0.18389423076923078
200 0.7572115384615384 0.6358173076923077 0.17668269230769232 0.203125
245 0.30408653846153844 0.8774038461538461 0.17908653846153846 0.17427884615384615
89 0.09134615384615384 0.8810096153846154 0.16466346153846154 0.17908653846153846
245 0.30528846153846156 0.109375 0.17307692307692307 0.18870192307692307
200 0.5384615384615384 0.11778846153846154 0.1875 0.19471153846153846
199 0.09375 0.1201923076923077 0.17548076923076922 0.17668269230769232
89 0.7632211538461539 0.125 0.1935096153846154 0.19110576923076922