244 0.3125 0.3473557692307692 0.20673076923076922 0.19471153846153846
88 0.09975961538461539 0.3401442307692308 0.1778846153846154 0.1971153846153846
88 0.5276442307692307 0.6334134615384616 0.20673076923076922 0.20673076923076922
199 0.08774038461538461 0.5985576923076923 0.17548076923076922 0.21153846153846154
244 0.2956730769230769 0.6189903846153846 0.18028846153846154 0.1971153846153846
200 0.7439903846153846 0.6574519230769231 0.19471153846153846 0.21875
245 0.27163461538461536 0.859375 0.19471153846153846 0.18990384615384615
89 0.07451923076923077 0.84375 0.14903846153846154 0.19230769230769232
245 0.3401442307692308 0.09735576923076923 0.18990384615384615 0.19471153846153846
200 0.5721153846153846 0.12259615384615384 0.20432692307692307 0.2091346153846154
199 0.12860576923076922 0.09134615384615384 0.18990384615384615 0.18269230769230768
89 0.7944711538461539 0.14903846153846154 0.2091346153846154 0.20673076923076922