88 0.546875 0.12620192307692307 0.19230769230769232 0.19951923076923078
89 0.7680288461538461 0.10817307692307693 0.21394230769230768 0.21394230769230768
199 0.3125 0.14903846153846154 0.1971153846153846 0.19951923076923078
245 0.34134615384615385 0.390625 0.20673076923076922 0.20192307692307693
200 0.11177884615384616 0.41947115384615385 0.18028846153846154 0.21394230769230768
244 0.5817307692307693 0.6442307692307693 0.19471153846153846 0.19471153846153846
245 0.8040865384615384 0.625 0.18269230769230768 0.19471153846153846
200 0.3605769230769231 0.6658653846153846 0.17548076923076922 0.20192307692307693
89 0.1346153846153846 0.6850961538461539 0.1971153846153846 0.20432692307692307
199 0.15504807692307693 0.9134615384615384 0.18990384615384615 0.17307692307692307
89 0.3894230769230769 0.9098557692307693 0.1971153846153846 0.18028846153846154
244 0.09375 0.16466346153846154 0.1875 0.22355769230769232