88 0.5793269230769231 0.13221153846153846 0.17668269230769232 0.18509615384615385
89 0.8016826923076923 0.13341346153846154 0.1971153846153846 0.1971153846153846
199 0.34375 0.1346153846153846 0.1814903846153846 0.18509615384615385
245 0.35096153846153844 0.37740384615384615 0.19230769230769232 0.18509615384615385
200 0.1201923076923077 0.3858173076923077 0.16466346153846154 0.19951923076923078
244 0.5685096153846154 0.6502403846153846 0.18028846153846154 0.17908653846153846
245 0.7920673076923077 0.6514423076923077 0.16826923076923078 0.18028846153846154
200 0.34615384615384615 0.6526442307692307 0.15985576923076922 0.18870192307692307
89 0.1201923076923077 0.6526442307692307 0.1814903846153846 0.18870192307692307
199 0.11899038461538461 0.8978365384615384 0.17307692307692307 0.1875
89 0.35336538461538464 0.9074519230769231 0.1814903846153846 0.18028846153846154
244 0.12259615384615384 0.1310096153846154 0.1778846153846154 0.20793269230769232