200 0.31490384615384615 0.35216346153846156 0.16706730769230768 0.18028846153846154
88 0.09975961538461539 0.3545673076923077 0.16826923076923078 0.17548076923076922
244 0.7836538461538461 0.6081730769230769 0.17668269230769232 0.16826923076923078
245 0.09495192307692307 0.609375 0.16706730769230768 0.171875
199 0.5396634615384616 0.6201923076923077 0.171875 0.19591346153846154
88 0.31490384615384615 0.6237980769230769 0.16706730769230768 0.18389423076923078
200 0.3161057692307692 0.8557692307692307 0.15985576923076922 0.19831730769230768
89 0.1045673076923077 0.8629807692307693 0.17067307692307693 0.18028846153846154
244 0.7548076923076923 0.10697115384615384 0.17427884615384615 0.17548076923076922
199 0.5372596153846154 0.109375 0.15865384615384615 0.1814903846153846
245 0.3137019230769231 0.11057692307692307 0.17067307692307693 0.17067307692307693
89 0.10096153846153846 0.11057692307692307 0.16346153846153846 0.18389423076923078