200 0.33774038461538464 0.328125 0.18990384615384615 0.20192307692307693
88 0.12379807692307693 0.3004807692307692 0.18990384615384615 0.1971153846153846
244 0.765625 0.6466346153846154 0.19951923076923078 0.19230769230769232
245 0.0889423076923077 0.5504807692307693 0.1778846153846154 0.19230769230769232
199 0.5228365384615384 0.625 0.1971153846153846 0.21875
88 0.29927884615384615 0.5973557692307693 0.18990384615384615 0.20432692307692307
200 0.26802884615384615 0.8269230769230769 0.18509615384615385 0.21875
89 0.07692307692307693 0.8028846153846154 0.15384615384615385 0.20192307692307693
244 0.8064903846153846 0.1466346153846154 0.1971153846153846 0.1971153846153846
199 0.5913461538461539 0.11778846153846154 0.18269230769230768 0.20192307692307693
245 0.3701923076923077 0.09254807692307693 0.19230769230769232 0.18509615384615385
89 0.15865384615384615 0.08052884615384616 0.1875 0.16105769230769232