199 0.37740384615384615 0.11538461538461539 0.19471153846153846 0.20192307692307693
89 0.12379807692307693 0.33533653846153844 0.1875 0.20192307692307693
200 0.34975961538461536 0.36658653846153844 0.19951923076923078 0.21394230769230768
199 0.5492788461538461 0.6526442307692307 0.19951923076923078 0.20432692307692307
200 0.3088942307692308 0.625 0.20192307692307693 0.20192307692307693
89 0.7692307692307693 0.6826923076923077 0.19951923076923078 0.21394230769230768
88 0.09735576923076923 0.6009615384615384 0.19471153846153846 0.21153846153846154
244 0.27283653846153844 0.8762019230769231 0.21394230769230768 0.21153846153846154
245 0.07451923076923077 0.8509615384615384 0.14903846153846154 0.19230769230769232
245 0.14903846153846154 0.08774038461538461 0.1971153846153846 0.17548076923076922
244 0.6021634615384616 0.13581730769230768 0.20432692307692307 0.1971153846153846
88 0.8233173076923077 0.16346153846153846 0.20432692307692307 0.21394230769230768