199 0.3317307692307692 0.13341346153846154 0.17307692307692307 0.18269230769230768
89 0.10697115384615384 0.38221153846153844 0.16706730769230768 0.18389423076923078
200 0.33413461538461536 0.3858173076923077 0.1778846153846154 0.1935096153846154
199 0.5673076923076923 0.6454326923076923 0.1778846153846154 0.18389423076923078
200 0.32572115384615385 0.6478365384615384 0.1814903846153846 0.18028846153846154
89 0.7896634615384616 0.6490384615384616 0.17668269230769232 0.1935096153846154
88 0.11177884615384616 0.6490384615384616 0.17668269230769232 0.19230769230769232
244 0.32091346153846156 0.9014423076923077 0.19230769230769232 0.18870192307692307
245 0.09975961538461539 0.9026442307692307 0.171875 0.17307692307692307
245 0.09975961538461539 0.12379807692307693 0.17668269230769232 0.17668269230769232
244 0.5564903846153846 0.12620192307692307 0.18389423076923078 0.17668269230769232
88 0.7800480769230769 0.12620192307692307 0.18269230769230768 0.19230769230769232