199 0.39783653846153844 0.109375 0.20192307692307693 0.2091346153846154
89 0.13341346153846154 0.3161057692307692 0.1971153846153846 0.2091346153846154
200 0.35697115384615385 0.3581730769230769 0.2091346153846154 0.22115384615384615
199 0.5408653846153846 0.6550480769230769 0.20673076923076922 0.21153846153846154
200 0.30288461538461536 0.6153846153846154 0.2091346153846154 0.2091346153846154
89 0.7596153846153846 0.6971153846153846 0.20673076923076922 0.22115384615384615
88 0.09735576923076923 0.5793269230769231 0.19471153846153846 0.22115384615384615
244 0.2536057692307692 0.8641826923076923 0.22115384615384615 0.21875
245 0.0673076923076923 0.8257211538461539 0.1346153846153846 0.19951923076923078
245 0.16947115384615385 0.08052884615384616 0.20432692307692307 0.16105769230769232
244 0.6201923076923077 0.14182692307692307 0.21153846153846154 0.20673076923076922
88 0.8401442307692307 0.18028846153846154 0.21394230769230768 0.22115384615384615