200 0.3088942307692308 0.33653846153846156 0.18028846153846154 0.18269230769230768
88 0.09615384615384616 0.3425480769230769 0.16346153846153846 0.18509615384615385
245 0.09735576923076923 0.5901442307692307 0.16346153846153846 0.1658653846153846
244 0.7560096153846154 0.5817307692307693 0.18269230769230768 0.16346153846153846
199 0.5204326923076923 0.5865384615384616 0.18028846153846154 0.18990384615384615
88 0.31009615384615385 0.5973557692307693 0.1658653846153846 0.18269230769230768
89 0.1045673076923077 0.8317307692307693 0.16346153846153846 0.17548076923076922
200 0.31850961538461536 0.8305288461538461 0.16346153846153846 0.1778846153846154
244 0.7223557692307693 0.09495192307692307 0.15865384615384615 0.16346153846153846
245 0.2920673076923077 0.1045673076923077 0.17067307692307693 0.16105769230769232
89 0.09615384615384616 0.11057692307692307 0.15384615384615385 0.16826923076923078
199 0.5084134615384616 0.10697115384615384 0.16105769230769232 0.18028846153846154