244 0.3401442307692308 0.3449519230769231 0.19230769230769232 0.1971153846153846
200 0.11658653846153846 0.33653846153846156 0.18269230769230768 0.20673076923076922
89 0.5396634615384616 0.6213942307692307 0.18269230769230768 0.20192307692307693
200 0.3137019230769231 0.6105769230769231 0.1778846153846154 0.20192307692307693
244 0.7536057692307693 0.6418269230769231 0.1971153846153846 0.19230769230769232
244 0.09375 0.5973557692307693 0.18509615384615385 0.1971153846153846
199 0.08533653846153846 0.8365384615384616 0.17067307692307693 0.1971153846153846
88 0.30528846153846156 0.8557692307692307 0.20673076923076922 0.21394230769230768
245 0.34134615384615385 0.0985576923076923 0.1971153846153846 0.18269230769230768
199 0.5673076923076923 0.11658653846153846 0.17548076923076922 0.2091346153846154
88 0.12980769230769232 0.09254807692307693 0.1778846153846154 0.18509615384615385
89 0.7980769230769231 0.13822115384615385 0.20673076923076922 0.20673076923076922