202 0.3112980769230769 0.16346153846153846 0.17307692307692307 0.17067307692307693
91 0.5745192307692307 0.15625 0.1658653846153846 0.16826923076923078
201 0.09735576923076923 0.36658653846153844 0.16826923076923078 0.19471153846153846
247 0.3269230769230769 0.39903846153846156 0.18028846153846154 0.18509615384615385
201 0.11057692307692307 0.6201923076923077 0.1658653846153846 0.1875
246 0.5685096153846154 0.5985576923076923 0.1875 0.18509615384615385
90 0.3449519230769231 0.6153846153846154 0.17548076923076922 0.20192307692307693
91 0.7992788461538461 0.6201923076923077 0.19230769230769232 0.19951923076923078
202 0.12620192307692307 0.8978365384615384 0.17067307692307693 0.18269230769230768
247 0.36899038461538464 0.8894230769230769 0.19471153846153846 0.19471153846153846
246 0.8125 0.0889423076923077 0.17307692307692307 0.1778846153846154
90 0.08653846153846154 0.13341346153846154 0.16346153846153846 0.18990384615384615