194 0.08774038461538461 0.30528846153846156 0.12980769230769232 0.15865384615384615
194 0.4338942307692308 0.33774038461538464 0.14182692307692307 0.15625
37 0.27163461538461536 0.3245192307692308 0.12740384615384615 0.16346153846153846
160 0.8473557692307693 0.375 0.18509615384615385 0.18269230769230768
160 0.6394230769230769 0.3629807692307692 0.17067307692307693 0.18269230769230768
194 0.6682692307692307 0.6081730769230769 0.12980769230769232 0.16826923076923078
160 0.3088942307692308 0.5805288461538461 0.17548076923076922 0.17307692307692307
37 0.49158653846153844 0.5973557692307693 0.14423076923076922 0.17548076923076922
160 0.0985576923076923 0.5649038461538461 0.1875 0.18990384615384615
194 0.056490384615384616 0.7908653846153846 0.11298076923076923 0.1778846153846154
37 0.21514423076923078 0.8149038461538461 0.15144230769230768 0.1778846153846154
37 0.1201923076923077 0.07932692307692307 0.13942307692307693 0.15865384615384615