194 0.07211538461538461 0.3425480769230769 0.11658653846153846 0.14903846153846154
194 0.41947115384615385 0.34375 0.12860576923076922 0.1466346153846154
37 0.25721153846153844 0.3449519230769231 0.11538461538461539 0.15504807692307693
160 0.8353365384615384 0.3449519230769231 0.171875 0.16826923076923078
160 0.6274038461538461 0.35096153846153844 0.15745192307692307 0.17067307692307693
194 0.6766826923076923 0.5925480769230769 0.11658653846153846 0.15985576923076922
160 0.3161057692307692 0.5973557692307693 0.16105769230769232 0.15985576923076922
37 0.5 0.5973557692307693 0.12980769230769232 0.16466346153846154
160 0.10576923076923077 0.5997596153846154 0.17307692307692307 0.17668269230769232
194 0.07692307692307693 0.8305288461538461 0.11298076923076923 0.16826923076923078
37 0.2439903846153846 0.8389423076923077 0.13701923076923078 0.1658653846153846
37 0.08533653846153846 0.10817307692307693 0.12620192307692307 0.1622596153846154