202 0.7752403846153846 0.14783653846153846 0.15865384615384615 0.16826923076923078
91 0.29086538461538464 0.15264423076923078 0.15865384615384615 0.15384615384615385
247 0.5300480769230769 0.15745192307692307 0.15144230769230768 0.1466346153846154
90 0.07451923076923077 0.33653846153846156 0.14423076923076922 0.16826923076923078
246 0.28125 0.33774038461538464 0.16105769230769232 0.16826923076923078
246 0.28725961538461536 0.5733173076923077 0.15384615384615385 0.16826923076923078
201 0.0733173076923077 0.578125 0.13942307692307693 0.17548076923076922
91 0.7524038461538461 0.6189903846153846 0.16346153846153846 0.16346153846153846
202 0.515625 0.625 0.1466346153846154 0.14903846153846154
90 0.07572115384615384 0.8052884615384616 0.14903846153846154 0.16826923076923078
247 0.27403846153846156 0.84375 0.16346153846153846 0.17548076923076922
201 0.07572115384615384 0.10697115384615384 0.1466346153846154 0.17067307692307693