91 0.5925480769230769 0.15264423076923078 0.17668269230769232 0.16706730769230768
202 0.33533653846153844 0.15504807692307693 0.15745192307692307 0.16826923076923078
90 0.109375 0.35096153846153844 0.16706730769230768 0.17908653846153846
247 0.33533653846153844 0.40625 0.16826923076923078 0.16346153846153846
201 0.5889423076923077 0.6045673076923077 0.16105769230769232 0.19471153846153846
246 0.109375 0.6057692307692307 0.17668269230769232 0.1814903846153846
202 0.828125 0.6430288461538461 0.16706730769230768 0.1778846153846154
91 0.3389423076923077 0.65625 0.16706730769230768 0.16466346153846154
90 0.36177884615384615 0.8485576923076923 0.1658653846153846 0.18269230769230768
247 0.10336538461538461 0.8942307692307693 0.16466346153846154 0.15144230769230768
246 0.10576923076923077 0.109375 0.16346153846153846 0.16466346153846154
201 0.8521634615384616 0.11177884615384616 0.16706730769230768 0.1814903846153846