247 0.7764423076923077 0.15745192307692307 0.16826923076923078 0.17548076923076922
202 0.10817307692307693 0.40625 0.16346153846153846 0.16346153846153846
91 0.3605769230769231 0.4110576923076923 0.1778846153846154 0.17548076923076922
201 0.6117788461538461 0.6045673076923077 0.16346153846153846 0.1778846153846154
90 0.8473557692307693 0.6021634615384616 0.16346153846153846 0.20192307692307693
91 0.35697115384615385 0.6550480769230769 0.16826923076923078 0.17548076923076922
247 0.1045673076923077 0.6670673076923077 0.1658653846153846 0.18028846153846154
246 0.36538461538461536 0.8473557692307693 0.17307692307692307 0.1875
202 0.11177884615384616 0.8966346153846154 0.16346153846153846 0.16346153846153846
246 0.09735576923076923 0.1201923076923077 0.16346153846153846 0.18269230769230768
201 0.3293269230769231 0.1201923076923077 0.1658653846153846 0.1778846153846154
90 0.5612980769230769 0.1201923076923077 0.16105769230769232 0.1875