91 0.11298076923076923 0.15144230769230768 0.1658653846153846 0.16346153846153846
246 0.36899038461538464 0.3389423076923077 0.19471153846153846 0.18509615384615385
247 0.109375 0.3954326923076923 0.16826923076923078 0.17307692307692307
246 0.11538461538461539 0.6021634615384616 0.18028846153846154 0.1971153846153846
90 0.35336538461538464 0.6045673076923077 0.16346153846153846 0.19230769230769232
247 0.5733173076923077 0.6394230769230769 0.18269230769230768 0.19230769230769232
91 0.8389423076923077 0.6346153846153846 0.16826923076923078 0.20192307692307693
201 0.12860576923076922 0.8461538461538461 0.17307692307692307 0.1971153846153846
202 0.3641826923076923 0.890625 0.1658653846153846 0.1778846153846154
201 0.3701923076923077 0.10096153846153846 0.16346153846153846 0.18028846153846154
90 0.609375 0.10096153846153846 0.16826923076923078 0.18990384615384615
202 0.8389423076923077 0.12980769230769232 0.16346153846153846 0.17307692307692307