248 0.14423076923076922 0.28846153846153844 0.23557692307692307 0.20432692307692307
92 0.38221153846153844 0.32211538461538464 0.21875 0.20432692307692307
203 0.5829326923076923 0.5817307692307693 0.23076923076923078 0.20432692307692307
248 0.1141826923076923 0.5252403846153846 0.2283653846153846 0.19951923076923078
203 0.8341346153846154 0.6165865384615384 0.23798076923076922 0.20432692307692307
92 0.3473557692307692 0.5588942307692307 0.22596153846153846 0.21875
248 0.32091346153846156 0.7740384615384616 0.24519230769230768 0.2091346153846154
92 0.10216346153846154 0.7584134615384616 0.20432692307692307 0.21875
248 0.8870192307692307 0.15144230769230768 0.22596153846153846 0.19951923076923078
203 0.41346153846153844 0.10096153846153846 0.23076923076923078 0.20192307692307693
203 0.17668269230769232 0.08653846153846154 0.2283653846153846 0.17307692307692307
92 0.6538461538461539 0.13341346153846154 0.22596153846153846 0.21875