29 0.7139423076923077 0.10216346153846154 0.14182692307692307 0.12740384615384615
186 0.07091346153846154 0.3858173076923077 0.11298076923076923 0.125
186 0.20673076923076922 0.375 0.13221153846153846 0.11538461538461539
119 0.6838942307692307 0.3329326923076923 0.1658653846153846 0.13221153846153846
119 0.8665865384615384 0.32091346153846156 0.1658653846153846 0.13942307692307693
29 0.3629807692307692 0.3737980769230769 0.13701923076923078 0.12980769230769232
29 0.5240384615384616 0.3605769230769231 0.14182692307692307 0.13221153846153846
160 0.11778846153846154 0.6033653846153846 0.16105769230769232 0.18509615384615385
160 0.8137019230769231 0.7692307692307693 0.18269230769230768 0.1778846153846154
37 0.11899038461538461 0.8341346153846154 0.13942307692307693 0.1778846153846154
194 0.6213942307692307 0.7908653846153846 0.14423076923076922 0.16826923076923078
194 0.28846153846153844 0.8245192307692307 0.13221153846153846 0.17067307692307693
37 0.4651442307692308 0.8125 0.1466346153846154 0.18269230769230768
186 0.8521634615384616 0.07211538461538461 0.11778846153846154 0.12259615384615384
186 0.5625 0.10096153846153846 0.12980769230769232 0.11778846153846154
119 0.25961538461538464 0.12980769230769232 0.16105769230769232 0.14903846153846154
29 0.4182692307692308 0.11778846153846154 0.13221153846153846 0.12740384615384615
119 0.08173076923076923 0.14903846153846154 0.15625 0.1466346153846154