29 0.7211538461538461 0.10576923076923077 0.13942307692307693 0.125
186 0.0733173076923077 0.3786057692307692 0.11057692307692307 0.12259615384615384
186 0.2091346153846154 0.3701923076923077 0.12980769230769232 0.11298076923076923
119 0.6875 0.33653846153846156 0.16346153846153846 0.12980769230769232
119 0.8701923076923077 0.3269230769230769 0.16346153846153846 0.13701923076923078
29 0.36538461538461536 0.3713942307692308 0.1346153846153846 0.12980769230769232
29 0.5264423076923077 0.3605769230769231 0.13942307692307693 0.12980769230769232
160 0.11658653846153846 0.5961538461538461 0.15865384615384615 0.18269230769230768
160 0.8088942307692307 0.7752403846153846 0.18028846153846154 0.17548076923076922
37 0.11298076923076923 0.8269230769230769 0.13701923076923078 0.17548076923076922
194 0.6165865384615384 0.7932692307692307 0.13942307692307693 0.1658653846153846
194 0.2824519230769231 0.8209134615384616 0.12980769230769232 0.16826923076923078
37 0.45913461538461536 0.8112980769230769 0.14423076923076922 0.18028846153846154
186 0.859375 0.078125 0.11778846153846154 0.12259615384615384
186 0.5697115384615384 0.10216346153846154 0.12980769230769232 0.11538461538461539
119 0.2668269230769231 0.12620192307692307 0.15865384615384615 0.1466346153846154
29 0.4254807692307692 0.11658653846153846 0.12980769230769232 0.125
119 0.08774038461538461 0.14182692307692307 0.15384615384615385 0.14423076923076922