248 0.11298076923076923 0.3786057692307692 0.22596153846153846 0.20432692307692307
248 0.34975961538461536 0.3605769230769231 0.24759615384615385 0.20192307692307693
92 0.13221153846153846 0.6310096153846154 0.23076923076923078 0.20673076923076922
203 0.6201923076923077 0.5901442307692307 0.24759615384615385 0.21394230769230768
203 0.8725961538461539 0.5697115384615384 0.2403846153846154 0.21394230769230768
248 0.3713942307692308 0.6165865384615384 0.2403846153846154 0.19471153846153846
92 0.15865384615384615 0.8629807692307693 0.2403846153846154 0.22355769230769232
248 0.3942307692307692 0.8497596153846154 0.23798076923076922 0.22355769230769232
203 0.34134615384615385 0.12620192307692307 0.24519230769230768 0.2091346153846154
92 0.5913461538461539 0.10697115384615384 0.2283653846153846 0.20673076923076922
203 0.8329326923076923 0.09254807692307693 0.23317307692307693 0.18509615384615385
92 0.10096153846153846 0.1502403846153846 0.20192307692307693 0.21394230769230768