248 0.1201923076923077 0.34615384615384615 0.22355769230769232 0.18629807692307693
248 0.3629807692307692 0.3485576923076923 0.23317307692307693 0.18269230769230768
92 0.12259615384615384 0.5985576923076923 0.21634615384615385 0.1875
203 0.6117788461538461 0.5997596153846154 0.23197115384615385 0.1935096153846154
203 0.8653846153846154 0.6021634615384616 0.22355769230769232 0.19591346153846154
248 0.36177884615384615 0.6045673076923077 0.22596153846153846 0.17548076923076922
92 0.12860576923076922 0.8317307692307693 0.22235576923076922 0.20552884615384615
248 0.3641826923076923 0.8389423076923077 0.22115384615384615 0.20552884615384615
203 0.375 0.1141826923076923 0.22956730769230768 0.18870192307692307
92 0.625 0.11658653846153846 0.2127403846153846 0.18870192307692307
203 0.8677884615384616 0.11658653846153846 0.21875 0.1814903846153846
92 0.12379807692307693 0.11778846153846154 0.20673076923076922 0.1971153846153846