92 0.3629807692307692 0.35336538461538464 0.24759615384615385 0.21634615384615385
203 0.11899038461538461 0.3942307692307692 0.23798076923076922 0.21634615384615385
248 0.8798076923076923 0.5240384615384616 0.2403846153846154 0.21634615384615385
92 0.15144230769230768 0.6418269230769231 0.24519230769230768 0.21634615384615385
248 0.6418269230769231 0.5661057692307693 0.25961538461538464 0.22355769230769232
203 0.40024038461538464 0.6069711538461539 0.24278846153846154 0.21634615384615385
92 0.18870192307692307 0.8762019230769231 0.24519230769230768 0.23317307692307693
203 0.4375 0.8401442307692307 0.25240384615384615 0.22115384615384615
248 0.09495192307692307 0.16346153846153846 0.18990384615384615 0.21634615384615385
203 0.5637019230769231 0.09735576923076923 0.25240384615384615 0.19471153846153846
248 0.3161057692307692 0.12860576923076922 0.25 0.20673076923076922
92 0.8161057692307693 0.08533653846153846 0.24759615384615385 0.17067307692307693