92 0.3870192307692308 0.33413461538461536 0.22235576923076922 0.18389423076923078
203 0.1346153846153846 0.33653846153846156 0.22716346153846154 0.18269230769230768
248 0.8786057692307693 0.5841346153846154 0.22596153846153846 0.18269230769230768
92 0.13341346153846154 0.5853365384615384 0.21995192307692307 0.18389423076923078
248 0.6298076923076923 0.5877403846153846 0.23317307692307693 0.18870192307692307
203 0.38461538461538464 0.5901442307692307 0.21634615384615385 0.18389423076923078
92 0.13341346153846154 0.8233173076923077 0.21514423076923078 0.203125
203 0.38461538461538464 0.8257211538461539 0.22596153846153846 0.1875
248 0.12259615384615384 0.10096153846153846 0.22355769230769232 0.18269230769230768
203 0.6274038461538461 0.10216346153846154 0.22716346153846154 0.18629807692307693
248 0.3762019230769231 0.1045673076923077 0.2247596153846154 0.17427884615384615
92 0.8834134615384616 0.11057692307692307 0.21875 0.20192307692307693