60 0.07932692307692307 0.3329326923076923 0.1346153846153846 0.16826923076923078
134 0.33653846153846156 0.5985576923076923 0.18028846153846154 0.17067307692307693
134 0.10576923076923077 0.5985576923076923 0.19471153846153846 0.17307692307692307
112 0.2548076923076923 0.8317307692307693 0.13942307692307693 0.18028846153846154
112 0.44471153846153844 0.84375 0.14903846153846154 0.17307692307692307
60 0.07211538461538461 0.8389423076923077 0.13942307692307693 0.16826923076923078
60 0.6274038461538461 0.8497596153846154 0.14423076923076922 0.17067307692307693
60 0.6911057692307693 0.09735576923076923 0.13221153846153846 0.17067307692307693
134 0.8954326923076923 0.1045673076923077 0.18509615384615385 0.17548076923076922
134 0.4963942307692308 0.09975961538461539 0.1875 0.17067307692307693
112 0.2776442307692308 0.09735576923076923 0.13221153846153846 0.1658653846153846
112 0.08774038461538461 0.09375 0.12740384615384615 0.1658653846153846