60 0.0673076923076923 0.4074519230769231 0.1346153846153846 0.18509615384615385
134 0.3557692307692308 0.625 0.19951923076923078 0.19230769230769232
134 0.12860576923076922 0.6658653846153846 0.21634615384615385 0.1971153846153846
112 0.3161057692307692 0.8701923076923077 0.16346153846153846 0.1971153846153846
112 0.5048076923076923 0.8485576923076923 0.17067307692307693 0.19230769230769232
60 0.13701923076923078 0.9074519230769231 0.16105769230769232 0.18509615384615385
60 0.6862980769230769 0.8221153846153846 0.1658653846153846 0.1875
60 0.6177884615384616 0.08173076923076923 0.15384615384615385 0.16346153846153846
134 0.8197115384615384 0.06971153846153846 0.20673076923076922 0.13942307692307693
134 0.4266826923076923 0.10697115384615384 0.2091346153846154 0.19471153846153846
112 0.21033653846153846 0.14182692307692307 0.15384615384615385 0.18269230769230768
112 0.04807692307692308 0.171875 0.09615384615384616 0.18028846153846154