60 0.07692307692307693 0.3401442307692308 0.13221153846153846 0.1658653846153846
134 0.33774038461538464 0.6009615384615384 0.17668269230769232 0.16706730769230768
134 0.10697115384615384 0.6057692307692307 0.19110576923076922 0.16947115384615385
112 0.2608173076923077 0.8365384615384616 0.13701923076923078 0.1778846153846154
112 0.45072115384615385 0.8449519230769231 0.1466346153846154 0.17067307692307693
60 0.078125 0.8461538461538461 0.13581730769230768 0.1658653846153846
60 0.6334134615384616 0.8473557692307693 0.140625 0.16826923076923078
60 0.6838942307692307 0.09375 0.12980769230769232 0.16947115384615385
134 0.8882211538461539 0.09735576923076923 0.1814903846153846 0.171875
134 0.4891826923076923 0.09975961538461539 0.18389423076923078 0.16826923076923078
112 0.2704326923076923 0.10096153846153846 0.12980769230769232 0.16346153846153846
112 0.08052884615384616 0.10096153846153846 0.12379807692307693 0.16346153846153846