60 0.07692307692307693 0.3317307692307692 0.12139423076923077 0.15985576923076922
60 0.24278846153846154 0.3389423076923077 0.1310096153846154 0.15504807692307693
112 0.08653846153846154 0.5817307692307693 0.13341346153846154 0.1814903846153846
60 0.07572115384615384 0.8088942307692307 0.125 0.17067307692307693
60 0.4519230769230769 0.8112980769230769 0.1201923076923077 0.16346153846153846
134 0.2764423076923077 0.8173076923076923 0.16346153846153846 0.17548076923076922
112 0.8413461538461539 0.8173076923076923 0.1310096153846154 0.17668269230769232
134 0.6502403846153846 0.8185096153846154 0.17307692307692307 0.15865384615384615
134 0.5024038461538461 0.10096153846153846 0.17668269230769232 0.16706730769230768
112 0.2980769230769231 0.10576923076923077 0.12139423076923077 0.15504807692307693
134 0.11298076923076923 0.10817307692307693 0.17427884615384615 0.14903846153846154
112 0.6875 0.11057692307692307 0.14543269230769232 0.16346153846153846