37 0.25600961538461536 0.14903846153846154 0.14182692307692307 0.18269230769230768
119 0.6177884615384616 0.14182692307692307 0.18509615384615385 0.15144230769230768
160 0.1346153846153846 0.38100961538461536 0.1778846153846154 0.18028846153846154
37 0.3329326923076923 0.3713942307692308 0.1466346153846154 0.17067307692307693
29 0.7764423076923077 0.625 0.13942307692307693 0.13221153846153846
186 0.10576923076923077 0.6610576923076923 0.12980769230769232 0.12740384615384615
186 0.4387019230769231 0.6478365384615384 0.13701923076923078 0.12740384615384615
119 0.2764423076923077 0.6586538461538461 0.17548076923076922 0.14903846153846154
119 0.6057692307692307 0.6418269230769231 0.18269230769230768 0.13942307692307693
29 0.9326923076923077 0.625 0.1346153846153846 0.13942307692307693
194 0.4230769230769231 0.125 0.1346153846153846 0.16346153846153846
194 0.07091346153846154 0.14423076923076922 0.14182692307692307 0.17307692307692307