227 0.5396634615384616 0.1201923076923077 0.14903846153846154 0.1658653846153846
157 0.3401442307692308 0.11658653846153846 0.17307692307692307 0.17307692307692307
227 0.11538461538461539 0.109375 0.13221153846153846 0.17307692307692307
49 0.3076923076923077 0.3317307692307692 0.14423076923076922 0.18028846153846154
49 0.11177884615384616 0.32572115384615385 0.125 0.15865384615384615
41 0.5480769230769231 0.6033653846153846 0.11298076923076923 0.125
138 0.1141826923076923 0.5817307692307693 0.18269230769230768 0.13942307692307693
41 0.4074519230769231 0.6009615384615384 0.11298076923076923 0.11298076923076923
138 0.8581730769230769 0.625 0.15625 0.125
219 0.6947115384615384 0.6201923076923077 0.1201923076923077 0.11298076923076923
219 0.27163461538461536 0.6009615384615384 0.11057692307692307 0.12259615384615384
41 0.08533653846153846 0.8137019230769231 0.1201923076923077 0.125
41 0.7163461538461539 0.8533653846153846 0.11057692307692307 0.12980769230769232
138 0.2536057692307692 0.8317307692307693 0.16346153846153846 0.1346153846153846
138 0.4266826923076923 0.8413461538461539 0.16105769230769232 0.13701923076923078
219 0.5817307692307693 0.8497596153846154 0.10817307692307693 0.125
219 0.8665865384615384 0.8665865384615384 0.10817307692307693 0.10576923076923077
157 0.7788461538461539 0.12980769230769232 0.15865384615384615 0.16105769230769232