52 0.71875 0.33533653846153844 0.12379807692307693 0.11778846153846154
104 0.41586538461538464 0.33653846153846156 0.12620192307692307 0.12860576923076922
52 0.07692307692307693 0.33653846153846156 0.12379807692307693 0.11177884615384616
126 0.9002403846153846 0.3389423076923077 0.1658653846153846 0.13581730769230768
126 0.24759615384615385 0.3389423076923077 0.17668269230769232 0.12980769230769232
104 0.5757211538461539 0.3389423076923077 0.12860576923076922 0.11778846153846154
134 0.27163461538461536 0.5588942307692307 0.18028846153846154 0.16346153846153846
134 0.6730769230769231 0.5588942307692307 0.1658653846153846 0.1778846153846154
112 0.47115384615384615 0.5612980769230769 0.12379807692307693 0.15745192307692307
60 0.07451923076923077 0.5625 0.11538461538461539 0.171875
60 0.8485576923076923 0.5625 0.12259615384615384 0.1622596153846154
112 0.08173076923076923 0.7908653846153846 0.125 0.17307692307692307
52 0.421875 0.08774038461538461 0.11057692307692307 0.10576923076923077
104 0.7596153846153846 0.09134615384615384 0.12980769230769232 0.11298076923076923
52 0.9146634615384616 0.09375 0.11778846153846154 0.11057692307692307
104 0.08653846153846154 0.09495192307692307 0.13341346153846154 0.1310096153846154
126 0.2692307692307692 0.09495192307692307 0.16826923076923078 0.11778846153846154
126 0.5973557692307693 0.09735576923076923 0.16826923076923078 0.125