52 0.6935096153846154 0.30649038461538464 0.13942307692307693 0.1346153846153846
104 0.3942307692307692 0.34975961538461536 0.14182692307692307 0.14423076923076922
52 0.0625 0.3954326923076923 0.125 0.12740384615384615
126 0.8737980769230769 0.2848557692307692 0.18269230769230768 0.15865384615384615
126 0.22716346153846154 0.3762019230769231 0.19230769230769232 0.15384615384615385
104 0.5528846153846154 0.33052884615384615 0.14423076923076922 0.1346153846153846
134 0.2824519230769231 0.5901442307692307 0.20192307692307693 0.1875
134 0.6790865384615384 0.5336538461538461 0.18990384615384615 0.19951923076923078
112 0.4795673076923077 0.5649038461538461 0.14423076923076922 0.17307692307692307
60 0.08774038461538461 0.6213942307692307 0.13701923076923078 0.18509615384615385
60 0.8533653846153846 0.5132211538461539 0.14423076923076922 0.1778846153846154
112 0.12620192307692307 0.8461538461538461 0.14903846153846154 0.18990384615384615
52 0.36538461538461536 0.10216346153846154 0.125 0.1201923076923077
104 0.6995192307692307 0.06129807692307692 0.14423076923076922 0.12259615384615384
52 0.8545673076923077 0.05048076923076923 0.13221153846153846 0.10096153846153846
104 0.054086538461538464 0.15625 0.10817307692307693 0.14903846153846154
126 0.21514423076923078 0.1310096153846154 0.18269230769230768 0.13942307692307693
126 0.5408653846153846 0.08774038461538461 0.18509615384615385 0.1466346153846154