136 0.09134615384615384 0.18870192307692307 0.18269230769230768 0.22355769230769232
133 0.10096153846153846 0.3954326923076923 0.20192307692307693 0.19471153846153846
114 0.30528846153846156 0.41346153846153844 0.15865384615384615 0.18269230769230768
62 0.4987980769230769 0.390625 0.15625 0.19471153846153846
59 0.10817307692307693 0.6598557692307693 0.15384615384615385 0.18990384615384615
126 0.31009615384615385 0.65625 0.21153846153846154 0.17067307692307693
111 0.16105769230769232 0.9014423076923077 0.18028846153846154 0.19471153846153846
133 0.3762019230769231 0.8870192307692307 0.21875 0.1971153846153846
114 0.765625 0.875 0.16826923076923078 0.19230769230769232
62 0.5733173076923077 0.8990384615384616 0.17067307692307693 0.20192307692307693
59 0.26322115384615385 0.11778846153846154 0.13942307692307693 0.17307692307692307
111 0.44591346153846156 0.1045673076923077 0.18269230769230768 0.17548076923076922