62 0.28966346153846156 0.12860576923076922 0.1466346153846154 0.16105769230769232
111 0.5084134615384616 0.33533653846153844 0.15144230769230768 0.16826923076923078
114 0.11298076923076923 0.34615384615384615 0.1466346153846154 0.18028846153846154
136 0.32091346153846156 0.3629807692307692 0.18990384615384615 0.18269230769230768
133 0.1201923076923077 0.5528846153846154 0.2091346153846154 0.18028846153846154
59 0.6935096153846154 0.5949519230769231 0.13221153846153846 0.16826923076923078
136 0.33533653846153844 0.6105769230769231 0.1971153846153846 0.18509615384615385
62 0.5168269230769231 0.6394230769230769 0.1466346153846154 0.17307692307692307
111 0.2668269230769231 0.8076923076923077 0.14423076923076922 0.1658653846153846
114 0.07692307692307693 0.8353365384615384 0.15384615384615385 0.17307692307692307
59 0.12379807692307693 0.07451923076923077 0.13221153846153846 0.14903846153846154
133 0.49399038461538464 0.10096153846153846 0.19471153846153846 0.1778846153846154