62 0.2644230769230769 0.14423076923076922 0.13581730769230768 0.15264423076923078
111 0.4963942307692308 0.33533653846153844 0.140625 0.15865384615384615
114 0.10336538461538461 0.3737980769230769 0.13581730769230768 0.171875
136 0.3112980769230769 0.3762019230769231 0.1778846153846154 0.171875
133 0.125 0.5793269230769231 0.1971153846153846 0.1658653846153846
59 0.6995192307692307 0.5817307692307693 0.12139423076923077 0.16105769230769232
136 0.34375 0.6213942307692307 0.18629807692307693 0.17307692307692307
62 0.5264423076923077 0.6382211538461539 0.13581730769230768 0.16346153846153846
111 0.28846153846153844 0.8233173076923077 0.1346153846153846 0.15745192307692307
114 0.10096153846153846 0.8641826923076923 0.14182692307692307 0.16346153846153846
59 0.09615384615384616 0.0985576923076923 0.12139423076923077 0.14903846153846154
133 0.46634615384615385 0.10216346153846154 0.18389423076923078 0.1658653846153846