136 0.27283653846153844 0.1658653846153846 0.19951923076923078 0.18990384615384615
59 0.25600961538461536 0.37740384615384615 0.15625 0.17548076923076922
133 0.46634615384615385 0.3545673076923077 0.2091346153846154 0.19230769230769232
114 0.08052884615384616 0.43509615384615385 0.14903846153846154 0.18990384615384615
62 0.6658653846153846 0.37740384615384615 0.17067307692307693 0.18028846153846154
111 0.10096153846153846 0.6538461538461539 0.15384615384615385 0.19230769230769232
62 0.28966346153846156 0.6838942307692307 0.15865384615384615 0.19471153846153846
133 0.15144230769230768 0.8942307692307693 0.20432692307692307 0.19230769230769232
59 0.33774038461538464 0.8858173076923077 0.1658653846153846 0.1778846153846154
114 0.7620192307692307 0.875 0.16346153846153846 0.19230769230769232
136 0.5625 0.8990384615384616 0.1971153846153846 0.18269230769230768
111 0.0625 0.14423076923076922 0.125 0.1778846153846154