136 0.328125 0.1346153846153846 0.18990384615384615 0.18028846153846154
59 0.27884615384615385 0.3401442307692308 0.1466346153846154 0.16826923076923078
133 0.4891826923076923 0.35096153846153844 0.20192307692307693 0.18269230769230768
114 0.09615384615384616 0.3701923076923077 0.14182692307692307 0.18509615384615385
62 0.6826923076923077 0.4050480769230769 0.16105769230769232 0.17307692307692307
111 0.08173076923076923 0.5901442307692307 0.14423076923076922 0.18509615384615385
62 0.26322115384615385 0.6490384615384616 0.14903846153846154 0.1875
133 0.09495192307692307 0.8341346153846154 0.18990384615384615 0.18269230769230768
59 0.27884615384615385 0.8557692307692307 0.15865384615384615 0.17067307692307693
114 0.6995192307692307 0.9086538461538461 0.15384615384615385 0.18269230769230768
136 0.4987980769230769 0.9038461538461539 0.18990384615384615 0.17548076923076922
111 0.10817307692307693 0.08173076923076923 0.14903846153846154 0.16346153846153846