133 0.31490384615384615 0.328125 0.1814903846153846 0.1658653846153846
114 0.11057692307692307 0.36899038461538464 0.14302884615384615 0.16346153846153846
62 0.49278846153846156 0.3737980769230769 0.12740384615384615 0.16947115384615385
111 0.09375 0.5721153846153846 0.12379807692307693 0.15865384615384615
133 0.28966346153846156 0.5829326923076923 0.18028846153846154 0.1658653846153846
136 0.6875 0.6165865384615384 0.16826923076923078 0.1875
114 0.4855769230769231 0.6189903846153846 0.12379807692307693 0.17307692307692307
59 0.08413461538461539 0.8076923076923077 0.12259615384615384 0.1622596153846154
62 0.24158653846153846 0.8521634615384616 0.12980769230769232 0.17067307692307693
111 0.08653846153846154 0.09615384615384616 0.12740384615384615 0.15144230769230768
59 0.25841346153846156 0.0985576923076923 0.1466346153846154 0.14903846153846154
126 0.45913461538461536 0.11899038461538461 0.1814903846153846 0.14302884615384615