133 0.3125 0.3317307692307692 0.18509615384615385 0.16826923076923078
114 0.10817307692307693 0.3762019230769231 0.1466346153846154 0.1658653846153846
62 0.49038461538461536 0.3737980769230769 0.12980769230769232 0.17067307692307693
111 0.09495192307692307 0.5793269230769231 0.12740384615384615 0.16105769230769232
133 0.29086538461538464 0.5865384615384616 0.18269230769230768 0.16826923076923078
136 0.6899038461538461 0.6129807692307693 0.17067307692307693 0.18990384615384615
114 0.4879807692307692 0.6189903846153846 0.12740384615384615 0.17548076923076922
59 0.09014423076923077 0.8149038461538461 0.125 0.16346153846153846
62 0.24759615384615385 0.8569711538461539 0.13221153846153846 0.17307692307692307
111 0.07932692307692307 0.10336538461538461 0.12980769230769232 0.15384615384615385
59 0.2512019230769231 0.10336538461538461 0.14903846153846154 0.15144230769230768
126 0.4519230769230769 0.1201923076923077 0.18509615384615385 0.1466346153846154