114 0.234375 0.15985576923076922 0.15144230769230768 0.1778846153846154
62 0.6237980769230769 0.13221153846153846 0.13221153846153846 0.17067307692307693
111 0.29447115384615385 0.34975961538461536 0.14903846153846154 0.17067307692307693
173 0.10576923076923077 0.4014423076923077 0.20192307692307693 0.19471153846153846
59 0.08413461538461539 0.6057692307692307 0.13942307692307693 0.16346153846153846
126 0.2920673076923077 0.6213942307692307 0.18509615384615385 0.14423076923076922
111 0.4831730769230769 0.8233173076923077 0.14903846153846154 0.18269230769230768
133 0.6947115384615384 0.8088942307692307 0.19471153846153846 0.1778846153846154
114 0.30408653846153844 0.8713942307692307 0.1466346153846154 0.18269230769230768
62 0.13581730769230768 0.8858173076923077 0.1346153846153846 0.18269230769230768
59 0.06129807692307692 0.125 0.12259615384615384 0.15865384615384615
133 0.43509615384615385 0.10216346153846154 0.20192307692307693 0.18028846153846154