59 0.671875 0.30649038461538464 0.13942307692307693 0.16346153846153846
111 0.27163461538461536 0.32572115384615385 0.13942307692307693 0.16346153846153846
114 0.08774038461538461 0.3701923076923077 0.1346153846153846 0.17307692307692307
136 0.4891826923076923 0.3581730769230769 0.1875 0.19471153846153846
62 0.09254807692307693 0.6310096153846154 0.14182692307692307 0.16826923076923078
133 0.27524038461538464 0.08774038461538461 0.18509615384615385 0.16346153846153846
59 0.27403846153846156 0.8185096153846154 0.15144230769230768 0.15865384615384615
133 0.49038461538461536 0.8100961538461539 0.18269230769230768 0.17307692307692307
111 0.10216346153846154 0.828125 0.1346153846153846 0.17067307692307693
114 0.9086538461538461 0.8401442307692307 0.13221153846153846 0.17067307692307693
136 0.7067307692307693 0.8533653846153846 0.20192307692307693 0.18509615384615385
62 0.06971153846153846 0.13221153846153846 0.13942307692307693 0.1778846153846154