127 0.3641826923076923 0.109375 0.2091346153846154 0.1778846153846154
105 0.16706730769230768 0.09495192307692307 0.1875 0.1658653846153846
135 0.3269230769230769 0.3016826923076923 0.20432692307692307 0.21875
113 0.1201923076923077 0.2764423076923077 0.1658653846153846 0.19951923076923078
53 0.5228365384615384 0.38221153846153844 0.18269230769230768 0.1658653846153846
61 0.6454326923076923 0.6009615384615384 0.15384615384615385 0.19951923076923078
135 0.4651442307692308 0.5793269230769231 0.19951923076923078 0.20192307692307693
105 0.09615384615384616 0.5649038461538461 0.18269230769230768 0.17548076923076922
53 0.2668269230769231 0.59375 0.17548076923076922 0.17548076923076922
113 0.06610576923076923 0.7596153846153846 0.13221153846153846 0.19230769230769232
127 0.26802884615384615 0.8341346153846154 0.21153846153846154 0.17548076923076922
61 0.5444711538461539 0.09615384615384616 0.1466346153846154 0.19230769230769232