53 0.9014423076923077 0.1346153846153846 0.16826923076923078 0.14302884615384615
105 0.7175480769230769 0.13942307692307693 0.17427884615384615 0.14903846153846154
127 0.5060096153846154 0.14302884615384615 0.2127403846153846 0.14302884615384615
135 0.12980769230769232 0.34615384615384615 0.18509615384615385 0.2091346153846154
61 0.8918269230769231 0.6057692307692307 0.1201923076923077 0.1875
113 0.09735576923076923 0.6069711538461539 0.1466346153846154 0.19230769230769232
127 0.3329326923076923 0.6478365384615384 0.20432692307692307 0.15985576923076922
105 0.71875 0.6526442307692307 0.17307692307692307 0.1466346153846154
53 0.5300480769230769 0.6586538461538461 0.15504807692307693 0.13341346153846154
135 0.12980769230769232 0.8605769230769231 0.18389423076923078 0.19471153846153846
113 0.10216346153846154 0.09134615384615384 0.1466346153846154 0.1778846153846154
61 0.2860576923076923 0.09495192307692307 0.16346153846153846 0.17668269230769232