127 0.7548076923076923 0.16346153846153846 0.2091346153846154 0.17307692307692307
105 0.5540865384615384 0.1466346153846154 0.18269230769230768 0.1778846153846154
53 0.1201923076923077 0.33774038461538464 0.18990384615384615 0.1658653846153846
135 0.1141826923076923 0.5432692307692307 0.19951923076923078 0.19951923076923078
61 0.3004807692307692 0.5673076923076923 0.15384615384615385 0.19471153846153846
113 0.8665865384615384 0.6298076923076923 0.15625 0.19951923076923078
53 0.47475961538461536 0.6262019230769231 0.17307692307692307 0.16826923076923078
127 0.671875 0.6538461538461539 0.21394230769230768 0.18028846153846154
105 0.09134615384615384 0.828125 0.18269230769230768 0.1658653846153846
135 0.16706730769230768 0.07932692307692307 0.18990384615384615 0.15865384615384615
61 0.9350961538461539 0.14302884615384615 0.12980769230769232 0.18990384615384615
113 0.35336538461538464 0.09014423076923077 0.16346153846153846 0.18028846153846154