127 0.5348557692307693 0.15504807692307693 0.20432692307692307 0.16706730769230768
105 0.328125 0.15865384615384615 0.17548076923076922 0.15865384615384615
53 0.09975961538461539 0.4026442307692308 0.15865384615384615 0.15384615384615385
61 0.6923076923076923 0.6201923076923077 0.12860576923076922 0.1814903846153846
113 0.3137019230769231 0.625 0.12980769230769232 0.19951923076923078
127 0.12259615384615384 0.6586538461538461 0.20072115384615385 0.17908653846153846
105 0.5180288461538461 0.6586538461538461 0.17427884615384615 0.16466346153846154
53 0.8737980769230769 0.6682692307692307 0.17067307692307693 0.140625
135 0.11298076923076923 0.8629807692307693 0.1814903846153846 0.1778846153846154
113 0.7259615384615384 0.109375 0.13942307692307693 0.18509615384615385
61 0.9134615384615384 0.11538461538461539 0.12139423076923077 0.20432692307692307
135 0.11899038461538461 0.11538461538461539 0.19591346153846154 0.18028846153846154