127 0.5228365384615384 0.15384615384615385 0.2091346153846154 0.17307692307692307
105 0.3161057692307692 0.16466346153846154 0.18028846153846154 0.1658653846153846
53 0.09615384615384616 0.4170673076923077 0.16346153846153846 0.15865384615384615
61 0.6959134615384616 0.6129807692307693 0.1346153846153846 0.18509615384615385
113 0.31850961538461536 0.6310096153846154 0.13701923076923078 0.20432692307692307
127 0.12860576923076922 0.671875 0.20673076923076922 0.18509615384615385
105 0.5240384615384616 0.6574519230769231 0.18028846153846154 0.17067307692307693
53 0.8798076923076923 0.6550480769230769 0.17548076923076922 0.1466346153846154
135 0.12620192307692307 0.8762019230769231 0.1875 0.18509615384615385
113 0.7127403846153846 0.10216346153846154 0.1466346153846154 0.18990384615384615
61 0.9002403846153846 0.10216346153846154 0.12740384615384615 0.20432692307692307
135 0.10576923076923077 0.12860576923076922 0.20192307692307693 0.1875