127 0.09495192307692307 0.16105769230769232 0.18990384615384615 0.15865384615384615
105 0.875 0.10697115384615384 0.17548076923076922 0.17307692307692307
53 0.08533653846153846 0.4014423076923077 0.16346153846153846 0.1658653846153846
113 0.5216346153846154 0.5721153846153846 0.14182692307692307 0.19230769230769232
61 0.6923076923076923 0.5673076923076923 0.13221153846153846 0.1875
127 0.34375 0.6237980769230769 0.19471153846153846 0.1658653846153846
127 0.1310096153846154 0.6430288461538461 0.20192307692307693 0.17548076923076922
105 0.8918269230769231 0.6033653846153846 0.1658653846153846 0.17548076923076922
135 0.4735576923076923 0.08533653846153846 0.20192307692307693 0.1658653846153846
53 0.11899038461538461 0.8798076923076923 0.15865384615384615 0.1658653846153846
61 0.26802884615384615 0.1045673076923077 0.14182692307692307 0.18028846153846154
113 0.671875 0.09014423076923077 0.15144230769230768 0.18028846153846154