194 0.09375 0.1201923076923077 0.1201923076923077 0.15384615384615385
194 0.421875 0.12379807692307693 0.12139423076923077 0.14903846153846154
37 0.2644230769230769 0.12620192307692307 0.12740384615384615 0.14903846153846154
119 0.6153846153846154 0.14903846153846154 0.15144230769230768 0.1310096153846154
160 0.14903846153846154 0.35336538461538464 0.14903846153846154 0.171875
37 0.33052884615384615 0.3581730769230769 0.13221153846153846 0.17067307692307693
186 0.09254807692307693 0.6057692307692307 0.12259615384615384 0.11778846153846154
186 0.4098557692307692 0.6117788461538461 0.1045673076923077 0.12980769230769232
29 0.8870192307692307 0.6129807692307693 0.12139423076923077 0.1346153846153846
119 0.5637019230769231 0.6129807692307693 0.15865384615384615 0.12259615384615384
119 0.25721153846153844 0.6153846153846154 0.15625 0.13221153846153846
29 0.7319711538461539 0.6201923076923077 0.11899038461538461 0.1346153846153846