127 0.8846153846153846 0.14903846153846154 0.18389423076923078 0.1502403846153846
53 0.09615384615384616 0.15144230769230768 0.15384615384615385 0.15504807692307693
105 0.6766826923076923 0.15264423076923078 0.1658653846153846 0.15264423076923078
61 0.08413461538461539 0.3473557692307692 0.12139423076923077 0.18028846153846154
61 0.65625 0.5985576923076923 0.1310096153846154 0.18629807692307693
135 0.46875 0.6057692307692307 0.171875 0.18629807692307693
127 0.8665865384615384 0.6358173076923077 0.1971153846153846 0.1502403846153846
53 0.09615384615384616 0.6442307692307693 0.15264423076923078 0.15985576923076922
105 0.2764423076923077 0.6442307692307693 0.1622596153846154 0.16346153846153846
113 0.09375 0.8341346153846154 0.12620192307692307 0.18870192307692307
113 0.47596153846153844 0.10697115384615384 0.13581730769230768 0.1778846153846154
135 0.2860576923076923 0.11177884615384616 0.17067307692307693 0.18269230769230768