106 0.09975961538461539 0.35336538461538464 0.15144230769230768 0.18990384615384615
107 0.30649038461538464 0.6081730769230769 0.15144230769230768 0.18269230769230768
128 0.7067307692307693 0.6177884615384616 0.18028846153846154 0.1778846153846154
55 0.49399038461538464 0.6141826923076923 0.14903846153846154 0.17067307692307693
129 0.11177884615384616 0.6081730769230769 0.18269230769230768 0.1778846153846154
54 0.9002403846153846 0.6237980769230769 0.13701923076923078 0.18028846153846154
106 0.08413461538461539 0.8461538461538461 0.13701923076923078 0.18269230769230768
54 0.5048076923076923 0.10817307692307693 0.13701923076923078 0.16826923076923078
128 0.890625 0.11538461538461539 0.18028846153846154 0.1875
129 0.3173076923076923 0.10576923076923077 0.18269230769230768 0.18269230769230768
55 0.6826923076923077 0.1141826923076923 0.13221153846153846 0.17307692307692307
107 0.09975961538461539 0.11177884615384616 0.13221153846153846 0.1875