128 0.11899038461538461 0.3581730769230769 0.18509615384615385 0.1778846153846154
106 0.3173076923076923 0.6165865384615384 0.15384615384615385 0.18269230769230768
55 0.9230769230769231 0.6057692307692307 0.15384615384615385 0.19230769230769232
107 0.7331730769230769 0.6105769230769231 0.14903846153846154 0.16826923076923078
128 0.5348557692307693 0.6153846153846154 0.18509615384615385 0.18990384615384615
129 0.109375 0.6286057692307693 0.1875 0.19951923076923078
54 0.08653846153846154 0.8701923076923077 0.12740384615384615 0.17067307692307693
55 0.8629807692307693 0.0985576923076923 0.14423076923076922 0.18028846153846154
129 0.10096153846153846 0.11177884615384616 0.18269230769230768 0.1875
107 0.47836538461538464 0.1045673076923077 0.15865384615384615 0.20192307692307693
54 0.29927884615384615 0.109375 0.125 0.18028846153846154
106 0.6778846153846154 0.1045673076923077 0.14423076923076922 0.18028846153846154