107 0.09134615384615384 0.3125 0.16346153846153846 0.19951923076923078
55 0.4423076923076923 0.609375 0.14423076923076922 0.19230769230769232
54 0.6262019230769231 0.6298076923076923 0.16105769230769232 0.18509615384615385
106 0.07211538461538461 0.5709134615384616 0.14423076923076922 0.18990384615384615
107 0.25841346153846156 0.5901442307692307 0.16346153846153846 0.19230769230769232
129 0.8389423076923077 0.65625 0.1971153846153846 0.20192307692307693
128 0.08533653846153846 0.8209134615384616 0.17067307692307693 0.19951923076923078
55 0.33413461538461536 0.08653846153846154 0.15384615384615385 0.17307692307692307
54 0.5180288461538461 0.10336538461538461 0.1466346153846154 0.18509615384615385
129 0.14543269230769232 0.08052884615384616 0.19951923076923078 0.16105769230769232
128 0.9098557692307693 0.1466346153846154 0.18028846153846154 0.20192307692307693
106 0.7091346153846154 0.12740384615384615 0.15625 0.1971153846153846