107 0.0889423076923077 0.31971153846153844 0.16105769230769232 0.1971153846153846
55 0.44471153846153844 0.609375 0.14182692307692307 0.18990384615384615
54 0.6286057692307693 0.6274038461538461 0.15625 0.18269230769230768
106 0.07211538461538461 0.5769230769230769 0.14423076923076922 0.1875
107 0.25961538461538464 0.5949519230769231 0.16105769230769232 0.18990384615384615
129 0.8413461538461539 0.6502403846153846 0.19471153846153846 0.19951923076923078
128 0.08774038461538461 0.8269230769230769 0.17548076923076922 0.1971153846153846
55 0.328125 0.08653846153846154 0.15144230769230768 0.17307692307692307
54 0.5108173076923077 0.10336538461538461 0.14423076923076922 0.18269230769230768
129 0.13701923076923078 0.0829326923076923 0.1971153846153846 0.1658653846153846
128 0.9074519230769231 0.140625 0.18509615384615385 0.19951923076923078
106 0.703125 0.12379807692307693 0.15384615384615385 0.19471153846153846