106 0.09254807692307693 0.33533653846153844 0.15264423076923078 0.18389423076923078
55 0.08533653846153846 0.5889423076923077 0.125 0.19471153846153846
128 0.28966346153846156 0.5949519230769231 0.18629807692307693 0.20673076923076922
107 0.6526442307692307 0.5961538461538461 0.14783653846153846 0.19110576923076922
55 0.4831730769230769 0.6009615384615384 0.12980769230769232 0.18509615384615385
54 0.8353365384615384 0.6009615384615384 0.14182692307692307 0.18509615384615385
106 0.09975961538461539 0.8341346153846154 0.14423076923076922 0.17908653846153846
54 0.7055288461538461 0.0889423076923077 0.14302884615384615 0.17067307692307693
55 0.08653846153846154 0.09134615384615384 0.12139423076923077 0.16466346153846154
129 0.3004807692307692 0.09254807692307693 0.19591346153846154 0.17668269230769232
128 0.5120192307692307 0.09975961538461539 0.17668269230769232 0.1814903846153846
107 0.8918269230769231 0.09975961538461539 0.14903846153846154 0.1778846153846154