54 0.10817307692307693 0.3088942307692308 0.1658653846153846 0.19471153846153846
55 0.24879807692307693 0.5853365384615384 0.1658653846153846 0.20432692307692307
54 0.43509615384615385 0.6153846153846154 0.15625 0.18509615384615385
106 0.8473557692307693 0.6802884615384616 0.18269230769230768 0.21634615384615385
107 0.07451923076923077 0.5709134615384616 0.14903846153846154 0.21394230769230768
128 0.6418269230769231 0.6550480769230769 0.2091346153846154 0.21875
129 0.08533653846153846 0.8257211538461539 0.17067307692307693 0.21394230769230768
107 0.1466346153846154 0.07692307692307693 0.16826923076923078 0.15384615384615385
55 0.921875 0.16466346153846154 0.15384615384615385 0.1971153846153846
55 0.5540865384615384 0.1141826923076923 0.15144230769230768 0.19471153846153846
128 0.359375 0.09495192307692307 0.21875 0.18990384615384615
106 0.7403846153846154 0.1466346153846154 0.15865384615384615 0.19471153846153846