54 0.10216346153846154 0.3233173076923077 0.15865384615384615 0.19230769230769232
55 0.25240384615384615 0.59375 0.16105769230769232 0.19951923076923078
54 0.4387019230769231 0.6177884615384616 0.15144230769230768 0.18028846153846154
106 0.8533653846153846 0.6670673076923077 0.1778846153846154 0.21153846153846154
107 0.07451923076923077 0.5853365384615384 0.14903846153846154 0.2091346153846154
128 0.6478365384615384 0.6502403846153846 0.20192307692307693 0.21394230769230768
129 0.0889423076923077 0.8413461538461539 0.1778846153846154 0.20673076923076922
107 0.12980769230769232 0.0829326923076923 0.16346153846153846 0.1658653846153846
55 0.9098557692307693 0.1502403846153846 0.14903846153846154 0.19230769230769232
55 0.5408653846153846 0.11298076923076923 0.14423076923076922 0.18990384615384615
128 0.3473557692307692 0.09615384615384616 0.21394230769230768 0.19230769230769232
106 0.7271634615384616 0.13822115384615385 0.15384615384615385 0.19230769230769232