54 0.08533653846153846 0.36538461538461536 0.14182692307692307 0.1778846153846154
55 0.26322115384615385 0.6189903846153846 0.14182692307692307 0.18629807692307693
54 0.4519230769230769 0.6237980769230769 0.1346153846153846 0.16826923076923078
106 0.8689903846153846 0.6298076923076923 0.15745192307692307 0.19591346153846154
107 0.08533653846153846 0.6310096153846154 0.1310096153846154 0.1971153846153846
128 0.6622596153846154 0.6334134615384616 0.18269230769230768 0.19471153846153846
129 0.11778846153846154 0.8834134615384616 0.18028846153846154 0.18990384615384615
107 0.08774038461538461 0.10817307692307693 0.14543269230769232 0.18269230769230768
55 0.8713942307692307 0.109375 0.12980769230769232 0.18028846153846154
55 0.5 0.11057692307692307 0.12740384615384615 0.1778846153846154
128 0.30528846153846156 0.11298076923076923 0.1971153846153846 0.17668269230769232
106 0.6887019230769231 0.11658653846153846 0.13581730769230768 0.1778846153846154