129 0.09735576923076923 0.40625 0.19471153846153846 0.21153846153846154
128 0.8954326923076923 0.5444711538461539 0.19951923076923078 0.20192307692307693
106 0.6814903846153846 0.5793269230769231 0.15384615384615385 0.20432692307692307
129 0.296875 0.6346153846153846 0.1971153846153846 0.19471153846153846
54 0.09735576923076923 0.6622596153846154 0.14182692307692307 0.1875
107 0.49399038461538464 0.6105769230769231 0.17067307692307693 0.18990384615384615
55 0.12980769230769232 0.8954326923076923 0.15144230769230768 0.18990384615384615
55 0.7860576923076923 0.07692307692307693 0.15865384615384615 0.15384615384615385
54 0.052884615384615384 0.16466346153846154 0.10576923076923077 0.18990384615384615
106 0.3858173076923077 0.11899038461538461 0.17067307692307693 0.19230769230769232
107 0.19951923076923078 0.1466346153846154 0.1658653846153846 0.1875
128 0.5949519230769231 0.0985576923076923 0.2091346153846154 0.1971153846153846