194 0.2668269230769231 0.3581730769230769 0.13221153846153846 0.16826923076923078
37 0.4483173076923077 0.35096153846153844 0.13701923076923078 0.17067307692307693
37 0.09975961538461539 0.37740384615384615 0.15384615384615385 0.17307692307692307
160 0.3425480769230769 0.609375 0.16826923076923078 0.18028846153846154
160 0.12980769230769232 0.6274038461538461 0.1778846153846154 0.1875
194 0.1141826923076923 0.8605769230769231 0.12740384615384615 0.16826923076923078
37 0.6550480769230769 0.8245192307692307 0.14423076923076922 0.17067307692307693
194 0.4699519230769231 0.8377403846153846 0.14182692307692307 0.1658653846153846
37 0.2980769230769231 0.8533653846153846 0.14423076923076922 0.1778846153846154
194 0.06610576923076923 0.13341346153846154 0.13221153846153846 0.16105769230769232
160 0.47836538461538464 0.1141826923076923 0.16105769230769232 0.17067307692307693