107 0.1201923076923077 0.2704326923076923 0.15865384615384615 0.19230769230769232
55 0.8641826923076923 0.6394230769230769 0.15384615384615385 0.18990384615384615
128 0.6814903846153846 0.6117788461538461 0.19951923076923078 0.20192307692307693
129 0.28365384615384615 0.5504807692307693 0.18990384615384615 0.19951923076923078
107 0.47716346153846156 0.5829326923076923 0.16105769230769232 0.19471153846153846
106 0.0829326923076923 0.5204326923076923 0.16346153846153846 0.18509615384615385
54 0.055288461538461536 0.7536057692307693 0.11057692307692307 0.18990384615384615
54 0.4951923076923077 0.09014423076923077 0.15384615384615385 0.18028846153846154
55 0.3245192307692308 0.07572115384615384 0.13942307692307693 0.15144230769230768
106 0.15504807692307693 0.0625 0.15144230769230768 0.125
129 0.6899038461538461 0.125 0.20673076923076922 0.1971153846153846
128 0.90625 0.16346153846153846 0.1875 0.20192307692307693