107 0.10216346153846154 0.30408653846153844 0.14423076923076922 0.18269230769230768
55 0.875 0.6069711538461539 0.13942307692307693 0.18269230769230768
128 0.6911057692307693 0.5949519230769231 0.18509615384615385 0.1875
129 0.28966346153846156 0.5697115384615384 0.17548076923076922 0.1875
107 0.484375 0.5841346153846154 0.1466346153846154 0.18509615384615385
106 0.08653846153846154 0.5564903846153846 0.14903846153846154 0.17548076923076922
54 0.06370192307692307 0.7932692307692307 0.12740384615384615 0.18269230769230768
54 0.46153846153846156 0.09134615384615384 0.14182692307692307 0.17548076923076922
55 0.28725961538461536 0.08173076923076923 0.12740384615384615 0.16346153846153846
106 0.11538461538461539 0.07692307692307693 0.13942307692307693 0.15384615384615385
129 0.65625 0.109375 0.19471153846153846 0.18269230769230768
128 0.8810096153846154 0.12860576923076922 0.18269230769230768 0.1875