131 0.8798076923076923 0.11177884615384616 0.17067307692307693 0.1658653846153846
109 0.6394230769230769 0.12740384615384615 0.15384615384615385 0.16826923076923078
57 0.08413461538461539 0.3762019230769231 0.16826923076923078 0.15625
130 0.1310096153846154 0.5576923076923077 0.18269230769230768 0.1778846153846154
56 0.4987980769230769 0.5384615384615384 0.1346153846153846 0.16346153846153846
108 0.33052884615384615 0.5492788461538461 0.14423076923076922 0.17548076923076922
109 0.6634615384615384 0.5733173076923077 0.15384615384615385 0.16346153846153846
131 0.9002403846153846 0.5685096153846154 0.18028846153846154 0.15144230769230768
57 0.0985576923076923 0.8257211538461539 0.15625 0.16105769230769232
108 0.2512019230769231 0.10336538461538461 0.14423076923076922 0.17067307692307693
56 0.07692307692307693 0.1141826923076923 0.13221153846153846 0.16826923076923078
130 0.4567307692307692 0.09735576923076923 0.18028846153846154 0.19230769230769232