131 0.8990384615384616 0.13221153846153846 0.16346153846153846 0.15865384615384615
109 0.6586538461538461 0.1346153846153846 0.14423076923076922 0.16105769230769232
57 0.09134615384615384 0.3545673076923077 0.16346153846153846 0.14903846153846154
130 0.12860576923076922 0.5384615384615384 0.17307692307692307 0.16826923076923078
56 0.4963942307692308 0.5384615384615384 0.125 0.15865384615384615
108 0.328125 0.5408653846153846 0.1346153846153846 0.16826923076923078
109 0.6598557692307693 0.5817307692307693 0.1466346153846154 0.15384615384615385
131 0.8966346153846154 0.5889423076923077 0.17307692307692307 0.14423076923076922
57 0.08173076923076923 0.8040865384615384 0.14903846153846154 0.15384615384615385
108 0.27283653846153844 0.09134615384615384 0.1346153846153846 0.16346153846153846
56 0.09735576923076923 0.09254807692307693 0.125 0.16105769230769232
130 0.47836538461538464 0.09615384615384616 0.17067307692307693 0.18269230769230768