131 0.4579326923076923 0.12379807692307693 0.18509615384615385 0.18990384615384615
109 0.22956730769230768 0.1778846153846154 0.16105769230769232 0.16346153846153846
56 0.109375 0.36899038461538464 0.15625 0.1778846153846154
108 0.9074519230769231 0.4567307692307692 0.16105769230769232 0.19230769230769232
130 0.125 0.5997596153846154 0.18990384615384615 0.19471153846153846
56 0.7271634615384616 0.49278846153846156 0.1466346153846154 0.17548076923076922
109 0.30649038461538464 0.6117788461538461 0.17067307692307693 0.1778846153846154
131 0.5288461538461539 0.5745192307692307 0.1971153846153846 0.18028846153846154
57 0.1310096153846154 0.8617788461538461 0.1658653846153846 0.15865384615384615
108 0.6622596153846154 0.06971153846153846 0.15144230769230768 0.13942307692307693
130 0.0733173076923077 0.1622596153846154 0.1466346153846154 0.19951923076923078
52 0.8365384615384616 0.056490384615384616 0.125 0.11298076923076923