131 0.5240384615384616 0.12259615384615384 0.15985576923076922 0.16346153846153846
109 0.28966346153846156 0.13581730769230768 0.13942307692307693 0.140625
56 0.13822115384615385 0.30288461538461536 0.1310096153846154 0.15865384615384615
108 0.9086538461538461 0.5276442307692307 0.13341346153846154 0.171875
130 0.11298076923076923 0.5324519230769231 0.16346153846153846 0.16826923076923078
56 0.7247596153846154 0.5324519230769231 0.1201923076923077 0.15745192307692307
109 0.28966346153846156 0.5769230769230769 0.1466346153846154 0.15384615384615385
131 0.515625 0.578125 0.17427884615384615 0.15264423076923078
57 0.0733173076923077 0.7920673076923077 0.14543269230769232 0.1346153846153846
108 0.7367788461538461 0.0889423076923077 0.12740384615384615 0.15384615384615385
130 0.11778846153846154 0.09134615384615384 0.15865384615384615 0.17427884615384615
52 0.9098557692307693 0.11298076923076923 0.10817307692307693 0.11298076923076923