131 0.7776442307692307 0.16466346153846154 0.1875 0.19951923076923078
131 0.3629807692307692 0.1141826923076923 0.1778846153846154 0.17307692307692307
109 0.12980769230769232 0.08533653846153846 0.15625 0.16826923076923078
56 0.16346153846153846 0.25600961538461536 0.16346153846153846 0.17548076923076922
130 0.47836538461538464 0.53125 0.23798076923076922 0.2283653846153846
52 0.8918269230769231 0.609375 0.15865384615384615 0.16105769230769232
57 0.2536057692307692 0.5432692307692307 0.18509615384615385 0.18028846153846154
109 0.0733173076923077 0.5168269230769231 0.1466346153846154 0.17307692307692307
131 0.6923076923076923 0.609375 0.18990384615384615 0.18509615384615385
108 0.09495192307692307 0.6983173076923077 0.15144230769230768 0.1778846153846154
108 0.5853365384615384 0.0985576923076923 0.14903846153846154 0.18990384615384615
52 0.9507211538461539 0.1814903846153846 0.0985576923076923 0.1466346153846154