131 0.765625 0.15625 0.18269230769230768 0.19471153846153846
131 0.3485576923076923 0.11899038461538461 0.17307692307692307 0.16826923076923078
109 0.11538461538461539 0.0985576923076923 0.15144230769230768 0.16346153846153846
56 0.15504807692307693 0.26802884615384615 0.15865384615384615 0.17067307692307693
130 0.4795673076923077 0.53125 0.23076923076923078 0.22115384615384615
52 0.8954326923076923 0.5961538461538461 0.15384615384615385 0.15865384615384615
57 0.2548076923076923 0.5516826923076923 0.18028846153846154 0.17548076923076922
109 0.07211538461538461 0.53125 0.14423076923076922 0.16826923076923078
131 0.6959134615384616 0.6033653846153846 0.18509615384615385 0.18028846153846154
108 0.10216346153846154 0.7115384615384616 0.1466346153846154 0.17307692307692307
108 0.5721153846153846 0.09495192307692307 0.14182692307692307 0.1875
52 0.9459134615384616 0.16466346153846154 0.10817307692307693 0.14182692307692307