119 0.4795673076923077 0.16947115384615385 0.17307692307692307 0.13942307692307693
186 0.9326923076923077 0.21875 0.1346153846153846 0.13942307692307693
29 0.2956730769230769 0.15745192307692307 0.1346153846153846 0.13221153846153846
186 0.7956730769230769 0.21033653846153846 0.12980769230769232 0.13701923076923078
119 0.12259615384615384 0.13942307692307693 0.18269230769230768 0.15625
29 0.6478365384615384 0.20673076923076922 0.15144230769230768 0.1466346153846154
29 0.7235576923076923 0.45552884615384615 0.14903846153846154 0.12740384615384615
186 0.40625 0.4254807692307692 0.15144230769230768 0.12259615384615384
186 0.07091346153846154 0.390625 0.12980769230769232 0.12740384615384615
29 0.5588942307692307 0.44350961538461536 0.15384615384615385 0.13942307692307693
119 0.2439903846153846 0.41225961538461536 0.16826923076923078 0.13942307692307693
119 0.9086538461538461 0.4879807692307692 0.1778846153846154 0.1466346153846154