131 0.9158653846153846 0.16706730769230768 0.16826923076923078 0.17067307692307693
57 0.11298076923076923 0.0985576923076923 0.15384615384615385 0.15144230769230768
109 0.10697115384615384 0.31490384615384615 0.16105769230769232 0.15865384615384615
130 0.75 0.5588942307692307 0.18028846153846154 0.18509615384615385
108 0.10336538461538461 0.5024038461538461 0.13942307692307693 0.17067307692307693
52 0.9314903846153846 0.6009615384615384 0.125 0.13221153846153846
131 0.296875 0.5588942307692307 0.18028846153846154 0.16826923076923078
109 0.5036057692307693 0.578125 0.17307692307692307 0.16826923076923078
56 0.13701923076923078 0.7247596153846154 0.1466346153846154 0.1778846153846154
56 0.7259615384615384 0.10216346153846154 0.13221153846153846 0.17067307692307693
130 0.3581730769230769 0.08052884615384616 0.17307692307692307 0.16105769230769232
108 0.5504807692307693 0.09134615384615384 0.13942307692307693 0.1658653846153846