58 0.10697115384615384 0.265625 0.18269230769230768 0.17067307692307693
132 0.296875 0.48677884615384615 0.1971153846153846 0.18028846153846154
58 0.09615384615384616 0.4735576923076923 0.17548076923076922 0.17307692307692307
110 0.6766826923076923 0.5192307692307693 0.18509615384615385 0.1778846153846154
132 0.8846153846153846 0.5360576923076923 0.19471153846153846 0.16346153846153846
110 0.49158653846153844 0.5132211538461539 0.1778846153846154 0.1778846153846154
58 0.08774038461538461 0.6682692307692307 0.17548076923076922 0.16826923076923078
110 0.5204326923076923 0.09615384615384616 0.17307692307692307 0.16826923076923078
110 0.7091346153846154 0.109375 0.1875 0.17548076923076922
132 0.15384615384615385 0.08173076923076923 0.1971153846153846 0.16346153846153846
132 0.9074519230769231 0.12740384615384615 0.18509615384615385 0.17307692307692307
58 0.34134615384615385 0.09735576923076923 0.1658653846153846 0.17548076923076922