132 0.10576923076923077 0.30528846153846156 0.21153846153846154 0.17307692307692307
110 0.10096153846153846 0.53125 0.18269230769230768 0.16826923076923078
132 0.3137019230769231 0.5240384615384616 0.19951923076923078 0.17548076923076922
132 0.8954326923076923 0.5060096153846154 0.20432692307692307 0.17307692307692307
58 0.5084134615384616 0.5204326923076923 0.18028846153846154 0.1658653846153846
58 0.6935096153846154 0.5168269230769231 0.16105769230769232 0.17548076923076922
110 0.109375 0.7391826923076923 0.19471153846153846 0.17307692307692307
58 0.8786057692307693 0.07572115384615384 0.1658653846153846 0.15144230769230768
58 0.2704326923076923 0.09975961538461539 0.17067307692307693 0.1778846153846154
110 0.6850961538461539 0.0889423076923077 0.1778846153846154 0.17307692307692307
110 0.09014423076923077 0.11298076923076923 0.18028846153846154 0.1875
132 0.48197115384615385 0.10216346153846154 0.20432692307692307 0.18028846153846154