132 0.11298076923076923 0.2920673076923077 0.20552884615384615 0.1658653846153846
110 0.09975961538461539 0.5168269230769231 0.17668269230769232 0.1622596153846154
132 0.3125 0.5180288461538461 0.1935096153846154 0.16826923076923078
132 0.8954326923076923 0.5192307692307693 0.19831730769230768 0.16706730769230768
58 0.5072115384615384 0.5204326923076923 0.17548076923076922 0.15865384615384615
58 0.6923076923076923 0.5240384615384616 0.15625 0.16947115384615385
110 0.10096153846153846 0.7259615384615384 0.18990384615384615 0.1658653846153846
58 0.8930288461538461 0.08533653846153846 0.16105769230769232 0.15264423076923078
58 0.2848557692307692 0.09254807692307693 0.16466346153846154 0.171875
110 0.6995192307692307 0.09615384615384616 0.171875 0.16826923076923078
110 0.0985576923076923 0.0985576923076923 0.18269230769230768 0.1814903846153846
132 0.4963942307692308 0.10216346153846154 0.19831730769230768 0.17307692307692307