110 0.1502403846153846 0.22115384615384615 0.1971153846153846 0.1778846153846154
132 0.12620192307692307 0.42427884615384615 0.21875 0.20432692307692307
132 0.7055288461538461 0.53125 0.23317307692307693 0.20673076923076922
58 0.5048076923076923 0.5 0.19951923076923078 0.18269230769230768
58 0.8966346153846154 0.5697115384615384 0.18509615384615385 0.1778846153846154
110 0.32091346153846156 0.4735576923076923 0.20673076923076922 0.1971153846153846
110 0.08533653846153846 0.6310096153846154 0.17067307692307693 0.18990384615384615
58 0.9350961538461539 0.15504807692307693 0.12980769230769232 0.17548076923076922
132 0.5889423076923077 0.0985576923076923 0.21153846153846154 0.1875
58 0.39302884615384615 0.08173076923076923 0.18990384615384615 0.16346153846153846
110 0.7836538461538461 0.1346153846153846 0.19951923076923078 0.1971153846153846
132 0.19230769230769232 0.06850961538461539 0.21634615384615385 0.13701923076923078