0 0.5961538461538461 0.24879807692307693 0.1466346153846154 0.10697115384615384
0 0.8894230769230769 0.25 0.140625 0.109375
146 0.7463942307692307 0.2548076923076923 0.10576923076923077 0.10817307692307693
64 0.4254807692307692 0.25721153846153844 0.13942307692307693 0.10576923076923077
161 0.10096153846153846 0.2608173076923077 0.17908653846153846 0.12620192307692307
146 0.27403846153846156 0.2620192307692308 0.11538461538461539 0.12259615384615384
154 0.7764423076923077 0.41466346153846156 0.1201923076923077 0.12139423076923077
63 0.29086538461538464 0.41586538461538464 0.140625 0.11899038461538461
72 0.4567307692307692 0.421875 0.15264423076923078 0.12259615384615384
169 0.10697115384615384 0.421875 0.19591346153846154 0.13701923076923078
154 0.9074519230769231 0.4230769230769231 0.1141826923076923 0.1201923076923077
63 0.6310096153846154 0.4254807692307692 0.1466346153846154 0.10576923076923077
0 0.46274038461538464 0.59375 0.13942307692307693 0.10336538461538461
0 0.7608173076923077 0.5973557692307693 0.13942307692307693 0.12259615384615384
146 0.6117788461538461 0.6009615384615384 0.1045673076923077 0.11778846153846154
161 0.2800480769230769 0.6021634615384616 0.17668269230769232 0.12139423076923077
146 0.9122596153846154 0.6021634615384616 0.1141826923076923 0.11899038461538461
161 0.09735576923076923 0.6033653846153846 0.17307692307692307 0.12259615384615384
0 0.7608173076923077 0.07692307692307693 0.140625 0.11298076923076923
146 0.9158653846153846 0.0829326923076923 0.11057692307692307 0.10697115384615384
161 0.10096153846153846 0.08413461538461539 0.18389423076923078 0.14423076923076922
0 0.2860576923076923 0.08653846153846154 0.14423076923076922 0.12620192307692307
64 0.59375 0.08774038461538461 0.14783653846153846 0.13341346153846154
146 0.43990384615384615 0.0889423076923077 0.10216346153846154 0.11177884615384616