0 0.4387019230769231 0.24519230769230768 0.15144230769230768 0.11778846153846154
0 0.07692307692307693 0.2403846153846154 0.14423076923076922 0.11778846153846154
161 0.8798076923076923 0.25600961538461536 0.18028846153846154 0.125
161 0.25721153846153844 0.24879807692307693 0.17548076923076922 0.1201923076923077
146 0.7175480769230769 0.26322115384615385 0.10817307692307693 0.10576923076923077
146 0.5889423076923077 0.265625 0.10096153846153846 0.11298076923076923
0 0.48197115384615385 0.41346153846153844 0.1466346153846154 0.1201923076923077
0 0.07932692307692307 0.40865384615384615 0.14423076923076922 0.12740384615384615
161 0.8810096153846154 0.4266826923076923 0.18028846153846154 0.12740384615384615
161 0.6706730769230769 0.4230769230769231 0.1778846153846154 0.125
146 0.21875 0.42427884615384615 0.11298076923076923 0.11298076923076923
146 0.34375 0.4266826923076923 0.11057692307692307 0.1346153846153846
161 0.5745192307692307 0.5841346153846154 0.17548076923076922 0.125
0 0.07572115384615384 0.5769230769230769 0.1466346153846154 0.10817307692307693
146 0.9122596153846154 0.5949519230769231 0.11298076923076923 0.12740384615384615
0 0.7704326923076923 0.5949519230769231 0.16105769230769232 0.12259615384615384
146 0.4182692307692308 0.5901442307692307 0.11778846153846154 0.125
161 0.2512019230769231 0.5913461538461539 0.18028846153846154 0.125
0 0.36658653846153844 0.07692307692307693 0.1466346153846154 0.12980769230769232
0 0.2091346153846154 0.07451923076923077 0.1466346153846154 0.13221153846153846
161 0.8846153846153846 0.09134615384615384 0.1778846153846154 0.12259615384615384
146 0.5180288461538461 0.09254807692307693 0.10576923076923077 0.10576923076923077
146 0.06971153846153846 0.08533653846153846 0.11538461538461539 0.10336538461538461
161 0.6814903846153846 0.09615384615384616 0.16826923076923078 0.125