168 0.6634615384615384 0.25600961538461536 0.1778846153846154 0.12980769230769232
40 0.8413461538461539 0.26802884615384615 0.15384615384615385 0.12259615384615384
153 0.5024038461538461 0.2548076923076923 0.11298076923076923 0.12259615384615384
156 0.38221153846153844 0.2548076923076923 0.10336538461538461 0.12740384615384615
230 0.09254807692307693 0.23677884615384615 0.1466346153846154 0.14182692307692307
171 0.24879807692307693 0.24879807692307693 0.17307692307692307 0.14423076923076922
168 0.3918269230769231 0.4026442307692308 0.18028846153846154 0.125
40 0.5733173076923077 0.4206730769230769 0.14182692307692307 0.11538461538461539
230 0.0889423076923077 0.39302884615384615 0.14423076923076922 0.14182692307692307
153 0.23197115384615385 0.40384615384615385 0.1201923076923077 0.11057692307692307
171 0.8798076923076923 0.45072115384615385 0.1875 0.14423076923076922
156 0.7115384615384616 0.44350961538461536 0.1201923076923077 0.1346153846153846
40 0.3918269230769231 0.5769230769230769 0.14903846153846154 0.11778846153846154
153 0.5372596153846154 0.5865384615384616 0.11778846153846154 0.11298076923076923
168 0.9002403846153846 0.6141826923076923 0.18028846153846154 0.11778846153846154
230 0.078125 0.5600961538461539 0.14423076923076922 0.13942307692307693
171 0.7067307692307693 0.6057692307692307 0.1778846153846154 0.13942307692307693
156 0.22235576923076922 0.5745192307692307 0.10817307692307693 0.12259615384615384
40 0.06971153846153846 0.71875 0.13942307692307693 0.11538461538461539
156 0.6887019230769231 0.7680288461538461 0.11538461538461539 0.13701923076923078
230 0.4230769230769231 0.7524038461538461 0.14423076923076922 0.13221153846153846
171 0.8485576923076923 0.7824519230769231 0.20192307692307693 0.14423076923076922
153 0.5661057692307693 0.765625 0.10576923076923077 0.125
171 0.23677884615384615 0.7439903846153846 0.19230769230769232 0.15625
40 0.6021634615384616 0.0889423076923077 0.14903846153846154 0.1346153846153846
168 0.41466346153846156 0.078125 0.18509615384615385 0.14182692307692307
171 0.90625 0.11778846153846154 0.1875 0.15865384615384615
153 0.09014423076923077 0.06490384615384616 0.11298076923076923 0.12980769230769232
168 0.484375 0.9122596153846154 0.18028846153846154 0.12980769230769232
40 0.0625 0.8846153846153846 0.125 0.11057692307692307
153 0.32211538461538464 0.9098557692307693 0.10576923076923077 0.10336538461538461
171 0.8425480769230769 0.9362980769230769 0.18990384615384615 0.12740384615384615
156 0.19591346153846154 0.9074519230769231 0.11057692307692307 0.13221153846153846
230 0.6622596153846154 0.9338942307692307 0.1466346153846154 0.13221153846153846
156 0.7379807692307693 0.11298076923076923 0.11538461538461539 0.13701923076923078
230 0.23798076923076922 0.08052884615384616 0.13942307692307693 0.13942307692307693