168 0.6466346153846154 0.24519230769230768 0.17067307692307693 0.11899038461538461
40 0.8245192307692307 0.24519230769230768 0.1466346153846154 0.11298076923076923
153 0.4855769230769231 0.2548076923076923 0.10576923076923077 0.11658653846153846
156 0.36538461538461536 0.26322115384615385 0.09615384615384616 0.1201923076923077
230 0.07572115384615384 0.265625 0.13822115384615385 0.13221153846153846
171 0.23197115384615385 0.2668269230769231 0.16346153846153846 0.13341346153846154
168 0.3858173076923077 0.4098557692307692 0.17307692307692307 0.11298076923076923
40 0.5673076923076923 0.41586538461538464 0.1346153846153846 0.10697115384615384
230 0.0829326923076923 0.421875 0.1346153846153846 0.13221153846153846
153 0.22596153846153846 0.4230769230769231 0.11298076923076923 0.10336538461538461
171 0.875 0.42427884615384615 0.1778846153846154 0.13221153846153846
156 0.7067307692307693 0.42908653846153844 0.11057692307692307 0.12740384615384615
40 0.39783653846153844 0.5841346153846154 0.14302884615384615 0.10817307692307693
153 0.5432692307692307 0.5841346153846154 0.11057692307692307 0.10576923076923077
168 0.9074519230769231 0.5865384615384616 0.17307692307692307 0.10576923076923077
230 0.0829326923076923 0.5889423076923077 0.13581730769230768 0.1310096153846154
171 0.7139423076923077 0.5913461538461539 0.16826923076923078 0.12860576923076922
156 0.2283653846153846 0.59375 0.09975961538461539 0.11538461538461539
40 0.08413461538461539 0.7487980769230769 0.13942307692307693 0.10576923076923077
156 0.7067307692307693 0.7548076923076923 0.10697115384615384 0.1310096153846154
230 0.4411057692307692 0.7572115384615384 0.13701923076923078 0.12379807692307693
171 0.8677884615384616 0.7572115384615384 0.19230769230769232 0.1310096153846154
153 0.5841346153846154 0.7608173076923077 0.09735576923076923 0.11778846153846154
171 0.2548076923076923 0.7620192307692307 0.1814903846153846 0.14423076923076922
40 0.5733173076923077 0.0829326923076923 0.140625 0.125
168 0.3858173076923077 0.08533653846153846 0.17668269230769232 0.1310096153846154
171 0.8810096153846154 0.09134615384615384 0.17908653846153846 0.1466346153846154
153 0.06129807692307692 0.09134615384615384 0.1045673076923077 0.1310096153846154
168 0.5132211538461539 0.9122596153846154 0.17307692307692307 0.11778846153846154
40 0.07932692307692307 0.9158653846153846 0.14302884615384615 0.10096153846153846
153 0.35096153846153844 0.921875 0.0985576923076923 0.09735576923076923
171 0.8737980769230769 0.9230769230769231 0.18028846153846154 0.13822115384615385
156 0.2247596153846154 0.9278846153846154 0.10216346153846154 0.125
230 0.6923076923076923 0.9278846153846154 0.13701923076923078 0.1346153846153846
156 0.7103365384615384 0.09735576923076923 0.10576923076923077 0.1310096153846154
230 0.2091346153846154 0.09975961538461539 0.1310096153846154 0.12980769230769232