168 0.11057692307692307 0.21153846153846154 0.17548076923076922 0.14423076923076922
40 0.6971153846153846 0.25721153846153844 0.13942307692307693 0.12980769230769232
153 0.43028846153846156 0.23918269230769232 0.10576923076923077 0.11538461538461539
156 0.5528846153846154 0.25721153846153844 0.11298076923076923 0.14182692307692307
230 0.2920673076923077 0.23918269230769232 0.14423076923076922 0.15144230769230768
171 0.8774038461538461 0.28365384615384615 0.18509615384615385 0.15625
168 0.4182692307692308 0.39783653846153844 0.20192307692307693 0.13221153846153846
40 0.6141826923076923 0.41225961538461536 0.17067307692307693 0.1346153846153846
153 0.8990384615384616 0.4387019230769231 0.10817307692307693 0.12259615384615384
171 0.1045673076923077 0.38822115384615385 0.18028846153846154 0.15625
230 0.7644230769230769 0.43509615384615385 0.13221153846153846 0.13942307692307693
156 0.2608173076923077 0.4074519230769231 0.10336538461538461 0.13221153846153846
40 0.42788461538461536 0.5612980769230769 0.14903846153846154 0.11538461538461539
168 0.6033653846153846 0.5757211538461539 0.18990384615384615 0.12740384615384615
153 0.7668269230769231 0.5913461538461539 0.10817307692307693 0.11057692307692307
230 0.265625 0.5673076923076923 0.14903846153846154 0.12740384615384615
171 0.08653846153846154 0.5588942307692307 0.17307692307692307 0.13701923076923078
156 0.8954326923076923 0.6165865384615384 0.11298076923076923 0.12740384615384615
153 0.234375 0.7175480769230769 0.11778846153846154 0.12259615384615384
40 0.3786057692307692 0.7283653846153846 0.1466346153846154 0.12740384615384615
168 0.125 0.06129807692307692 0.18269230769230768 0.12259615384615384
168 0.5600961538461539 0.7439903846153846 0.18509615384615385 0.1201923076923077
230 0.8653846153846154 0.7704326923076923 0.14903846153846154 0.14182692307692307
171 0.0829326923076923 0.7223557692307693 0.1658653846153846 0.1466346153846154
156 0.7235576923076923 0.7692307692307693 0.10817307692307693 0.12980769230769232
153 0.5685096153846154 0.08173076923076923 0.10096153846153846 0.12980769230769232
40 0.3016826923076923 0.06971153846153846 0.15144230769230768 0.13942307692307693
230 0.7127403846153846 0.1045673076923077 0.14903846153846154 0.14182692307692307
168 0.22355769230769232 0.8834134615384616 0.18028846153846154 0.125
40 0.05889423076923077 0.8689903846153846 0.11778846153846154 0.12740384615384615
153 0.3858173076923077 0.8942307692307693 0.12980769230769232 0.12980769230769232
171 0.5444711538461539 0.9134615384615384 0.18028846153846154 0.14182692307692307
230 0.8509615384615384 0.9302884615384616 0.14903846153846154 0.13942307692307693
156 0.4411057692307692 0.08653846153846154 0.10576923076923077 0.1466346153846154
156 0.7079326923076923 0.9350961538461539 0.11298076923076923 0.12980769230769232
171 0.8930288461538461 0.12379807692307693 0.17067307692307693 0.15384615384615385