168 0.13221153846153846 0.18509615384615385 0.18509615384615385 0.15625
40 0.7139423076923077 0.27163461538461536 0.1466346153846154 0.13701923076923078
153 0.4483173076923077 0.23557692307692307 0.11057692307692307 0.1201923076923077
156 0.5697115384615384 0.2608173076923077 0.12259615384615384 0.14903846153846154
230 0.31009615384615385 0.22596153846153846 0.15384615384615385 0.16105769230769232
171 0.8918269230769231 0.3112980769230769 0.19471153846153846 0.16826923076923078
168 0.4254807692307692 0.3918269230769231 0.2091346153846154 0.14423076923076922
40 0.6201923076923077 0.4206730769230769 0.1778846153846154 0.14423076923076922
153 0.9026442307692307 0.46634615384615385 0.11538461538461539 0.12740384615384615
171 0.11298076923076923 0.3605769230769231 0.1875 0.1658653846153846
230 0.7692307692307693 0.4543269230769231 0.14182692307692307 0.14903846153846154
156 0.26802884615384615 0.390625 0.11057692307692307 0.13701923076923078
40 0.42427884615384615 0.5564903846153846 0.15384615384615385 0.12259615384615384
168 0.5973557692307693 0.5829326923076923 0.19471153846153846 0.13942307692307693
153 0.7596153846153846 0.609375 0.11538461538461539 0.11778846153846154
230 0.2608173076923077 0.5504807692307693 0.15625 0.13701923076923078
171 0.08653846153846154 0.5300480769230769 0.17307692307692307 0.1466346153846154
156 0.8858173076923077 0.6442307692307693 0.1201923076923077 0.1346153846153846
153 0.21995192307692307 0.6983173076923077 0.125 0.12740384615384615
40 0.3629807692307692 0.7199519230769231 0.15384615384615385 0.13701923076923078
168 0.15865384615384615 0.051682692307692304 0.19230769230769232 0.10336538461538461
168 0.5432692307692307 0.7475961538461539 0.19230769230769232 0.13221153846153846
230 0.8461538461538461 0.7944711538461539 0.15625 0.15144230769230768
171 0.078125 0.6923076923076923 0.15625 0.15865384615384615
156 0.7043269230769231 0.7836538461538461 0.11778846153846154 0.13701923076923078
153 0.5985576923076923 0.08774038461538461 0.11057692307692307 0.1346153846153846
40 0.33052884615384615 0.06490384615384616 0.16105769230769232 0.12980769230769232
230 0.7403846153846154 0.1201923076923077 0.15625 0.15144230769230768
168 0.19831730769230768 0.8629807692307693 0.1875 0.13701923076923078
40 0.04807692307692308 0.8365384615384616 0.09615384615384616 0.1346153846153846
153 0.3581730769230769 0.8858173076923077 0.13701923076923078 0.13701923076923078
171 0.515625 0.9158653846153846 0.1875 0.15384615384615385
230 0.8197115384615384 0.9399038461538461 0.15865384615384615 0.1201923076923077
156 0.4699519230769231 0.0829326923076923 0.11538461538461539 0.15144230769230768
156 0.6754807692307693 0.9399038461538461 0.1201923076923077 0.1201923076923077
171 0.9134615384615384 0.15144230769230768 0.17307692307692307 0.16346153846153846