185 0.5600961538461539 0.23076923076923078 0.16826923076923078 0.1346153846153846
170 0.3858173076923077 0.25961538461538464 0.1875 0.1346153846153846
155 0.7019230769230769 0.22355769230769232 0.11538461538461539 0.125
1 0.8461538461538461 0.21153846153846154 0.15144230769230768 0.1466346153846154
147 0.23317307692307693 0.2980769230769231 0.1201923076923077 0.12740384615384615
162 0.08052884615384616 0.32211538461538464 0.16105769230769232 0.16346153846153846
170 0.7271634615384616 0.37740384615384615 0.18028846153846154 0.1346153846153846
155 0.8858173076923077 0.35697115384615385 0.12980769230769232 0.11778846153846154
185 0.26322115384615385 0.44471153846153844 0.15625 0.13701923076923078
1 0.5528846153846154 0.41346153846153844 0.15144230769230768 0.15144230769230768
147 0.4098557692307692 0.4387019230769231 0.13942307692307693 0.13701923076923078
162 0.09615384615384616 0.484375 0.18269230769230768 0.14903846153846154
170 0.5877403846153846 0.5600961538461539 0.18990384615384615 0.14423076923076922
185 0.8894230769230769 0.5216346153846154 0.15625 0.125
155 0.27283653846153844 0.6153846153846154 0.125 0.1201923076923077
162 0.11778846153846154 0.6418269230769231 0.18269230769230768 0.16105769230769232
1 0.41225961538461536 0.6021634615384616 0.1466346153846154 0.13942307692307693
147 0.7512019230769231 0.5540865384615384 0.11538461538461539 0.12740384615384615
185 0.3125 0.765625 0.14903846153846154 0.14182692307692307
170 0.13581730769230768 0.7944711538461539 0.18509615384615385 0.1346153846153846
155 0.7716346153846154 0.7079326923076923 0.11778846153846154 0.12740384615384615
1 0.9122596153846154 0.6911057692307693 0.15144230769230768 0.15865384615384615
162 0.4879807692307692 0.7512019230769231 0.19230769230769232 0.15625
147 0.6478365384615384 0.7355769230769231 0.11778846153846154 0.13701923076923078
185 0.04927884615384615 0.1466346153846154 0.0985576923076923 0.12980769230769232
170 0.20432692307692307 0.12139423076923077 0.19471153846153846 0.15384615384615385
185 0.46033653846153844 0.9110576923076923 0.14903846153846154 0.1346153846153846
170 0.15504807692307693 0.9423076923076923 0.18990384615384615 0.11538461538461539
162 0.5252403846153846 0.08413461538461539 0.20432692307692307 0.1658653846153846
155 0.8389423076923077 0.054086538461538464 0.11538461538461539 0.10817307692307693
155 0.9483173076923077 0.8473557692307693 0.10336538461538461 0.12259615384615384
1 0.8185096153846154 0.8725961538461539 0.1466346153846154 0.14423076923076922
162 0.6418269230769231 0.8990384615384616 0.18990384615384615 0.1658653846153846
147 0.32211538461538464 0.9375 0.125 0.125
1 0.6995192307692307 0.0673076923076923 0.14903846153846154 0.1346153846153846
147 0.36778846153846156 0.109375 0.11538461538461539 0.1346153846153846