185 0.71875 0.27884615384615385 0.15144230769230768 0.13221153846153846
170 0.5456730769230769 0.25600961538461536 0.18990384615384615 0.13701923076923078
155 0.38100961538461536 0.23557692307692307 0.11778846153846154 0.11778846153846154
162 0.8990384615384616 0.3137019230769231 0.20192307692307693 0.18990384615384615
1 0.11899038461538461 0.20552884615384615 0.15625 0.15625
147 0.25841346153846156 0.23197115384615385 0.1201923076923077 0.12980769230769232
185 0.41947115384615385 0.40384615384615385 0.14182692307692307 0.12259615384615384
162 0.7151442307692307 0.4495192307692308 0.2091346153846154 0.16826923076923078
155 0.5576923076923077 0.43028846153846156 0.125 0.13221153846153846
170 0.26802884615384615 0.3894230769230769 0.17548076923076922 0.125
147 0.8834134615384616 0.4879807692307692 0.1201923076923077 0.13221153846153846
1 0.08774038461538461 0.3786057692307692 0.15384615384615385 0.1466346153846154
185 0.5516826923076923 0.59375 0.15384615384615385 0.13221153846153846
155 0.21033653846153846 0.5480769230769231 0.11778846153846154 0.125
162 0.3641826923076923 0.578125 0.19951923076923078 0.16346153846153846
1 0.0733173076923077 0.5396634615384616 0.1466346153846154 0.15625
170 0.7247596153846154 0.6322115384615384 0.18990384615384615 0.15144230769230768
147 0.8894230769230769 0.6574519230769231 0.12259615384615384 0.14182692307692307
155 0.5084134615384616 0.7536057692307693 0.12980769230769232 0.15144230769230768
185 0.06129807692307692 0.6911057692307693 0.12259615384615384 0.12740384615384615
170 0.3473557692307692 0.7355769230769231 0.18028846153846154 0.12740384615384615
162 0.8305288461538461 0.8088942307692307 0.19471153846153846 0.15865384615384615
1 0.6550480769230769 0.7920673076923077 0.16105769230769232 0.1466346153846154
147 0.18389423076923078 0.7271634615384616 0.125 0.1346153846153846
170 0.7632211538461539 0.1201923076923077 0.19471153846153846 0.1466346153846154
185 0.9314903846153846 0.1466346153846154 0.13701923076923078 0.14423076923076922
155 0.5973557692307693 0.10096153846153846 0.11057692307692307 0.13221153846153846
170 0.8088942307692307 0.9495192307692307 0.18990384615384615 0.10096153846153846
185 0.046875 0.8545673076923077 0.09375 0.11778846153846154
155 0.6394230769230769 0.9399038461538461 0.12980769230769232 0.1201923076923077
147 0.5192307692307693 0.9314903846153846 0.11538461538461539 0.13701923076923078
162 0.19591346153846154 0.8930288461538461 0.19471153846153846 0.15865384615384615
1 0.3786057692307692 0.9194711538461539 0.15384615384615385 0.1466346153846154
162 0.3137019230769231 0.0733173076923077 0.19951923076923078 0.1466346153846154
147 0.4723557692307692 0.0889423076923077 0.11057692307692307 0.13221153846153846
1 0.1346153846153846 0.06009615384615385 0.15384615384615385 0.1201923076923077