185 0.8834134615384616 0.23918269230769232 0.14783653846153846 0.12860576923076922
170 0.22115384615384615 0.25 0.17908653846153846 0.11899038461538461
155 0.06009615384615385 0.25240384615384615 0.0985576923076923 0.10336538461538461
1 0.4050480769230769 0.25841346153846156 0.13822115384615385 0.140625
162 0.7067307692307693 0.2644230769230769 0.17908653846153846 0.15264423076923078
147 0.5444711538461539 0.2668269230769231 0.10576923076923077 0.13701923076923078
170 0.7067307692307693 0.41586538461538464 0.16947115384615385 0.10096153846153846
155 0.3473557692307692 0.41947115384615385 0.10817307692307693 0.13581730769230768
185 0.203125 0.421875 0.13942307692307693 0.12259615384615384
162 0.5120192307692307 0.4254807692307692 0.171875 0.13341346153846154
147 0.06129807692307692 0.43028846153846156 0.09615384615384616 0.14302884615384615
1 0.890625 0.4338942307692308 0.15625 0.12259615384615384
185 0.40024038461538464 0.5793269230769231 0.13701923076923078 0.12620192307692307
170 0.7091346153846154 0.5853365384615384 0.17427884615384615 0.12379807692307693
155 0.5444711538461539 0.5889423076923077 0.10576923076923077 0.12139423076923077
162 0.22596153846153846 0.5901442307692307 0.17548076923076922 0.1466346153846154
1 0.8858173076923077 0.5973557692307693 0.14783653846153846 0.12860576923076922
147 0.06610576923076923 0.5985576923076923 0.11177884615384616 0.13221153846153846
185 0.8870192307692307 0.75 0.1502403846153846 0.140625
170 0.22115384615384615 0.7524038461538461 0.19110576923076922 0.11298076923076923
155 0.7427884615384616 0.7536057692307693 0.09975961538461539 0.11658653846153846
162 0.5865384615384616 0.7548076923076923 0.17908653846153846 0.14182692307692307
1 0.4050480769230769 0.7560096153846154 0.14182692307692307 0.1346153846153846
147 0.06129807692307692 0.7620192307692307 0.10096153846153846 0.12740384615384615
170 0.7427884615384616 0.07932692307692307 0.1814903846153846 0.14543269230769232
155 0.05889423076923077 0.0829326923076923 0.09615384615384616 0.10817307692307693
170 0.09375 0.9110576923076923 0.171875 0.12620192307692307
185 0.8846153846153846 0.9146634615384616 0.15504807692307693 0.1310096153846154
185 0.5637019230769231 0.09254807692307693 0.1310096153846154 0.12860576923076922
155 0.25240384615384615 0.921875 0.1201923076923077 0.11298076923076923
162 0.5841346153846154 0.9230769230769231 0.17427884615384615 0.12379807692307693
1 0.4014423076923077 0.9242788461538461 0.1346153846153846 0.12259615384615384
147 0.7475961538461539 0.9254807692307693 0.09735576923076923 0.125
1 0.20673076923076922 0.09375 0.13221153846153846 0.13581730769230768
162 0.38341346153846156 0.09375 0.18870192307692307 0.1502403846153846
147 0.9098557692307693 0.09735576923076923 0.11057692307692307 0.12980769230769232