164 0.21754807692307693 0.27884615384615385 0.18990384615384615 0.17067307692307693
2 0.057692307692307696 0.30288461538461536 0.11538461538461539 0.14903846153846154
3 0.8497596153846154 0.20793269230769232 0.15144230769230768 0.14423076923076922
163 0.41586538461538464 0.2620192307692308 0.1971153846153846 0.16346153846153846
149 0.578125 0.24278846153846154 0.11057692307692307 0.1346153846153846
148 0.7079326923076923 0.2283653846153846 0.12259615384615384 0.14423076923076922
148 0.203125 0.4519230769230769 0.11778846153846154 0.14423076923076922
164 0.48677884615384615 0.4170673076923077 0.1875 0.15144230769230768
149 0.33533653846153844 0.4362980769230769 0.1346153846153846 0.14423076923076922
3 0.6682692307692307 0.39663461538461536 0.15144230769230768 0.1466346153846154
2 0.07091346153846154 0.4699519230769231 0.14182692307692307 0.1466346153846154
163 0.8461538461538461 0.375 0.18509615384615385 0.15865384615384615
148 0.7067307692307693 0.5564903846153846 0.125 0.14182692307692307
3 0.5661057692307693 0.5745192307692307 0.1466346153846154 0.13701923076923078
2 0.08052884615384616 0.6334134615384616 0.14423076923076922 0.13701923076923078
149 0.22235576923076922 0.6189903846153846 0.125 0.1466346153846154
163 0.38461538461538464 0.5985576923076923 0.19471153846153846 0.16105769230769232
164 0.8713942307692307 0.5408653846153846 0.19230769230769232 0.15144230769230768
163 0.7608173076923077 0.7115384615384616 0.19230769230769232 0.15384615384615385
164 0.2824519230769231 0.7716346153846154 0.18269230769230768 0.15144230769230768
2 0.10336538461538461 0.796875 0.14423076923076922 0.13701923076923078
148 0.9254807692307693 0.6971153846153846 0.11057692307692307 0.1346153846153846
3 0.46274038461538464 0.7548076923076923 0.14423076923076922 0.14182692307692307
149 0.6009615384615384 0.7379807692307693 0.11538461538461539 0.1346153846153846
163 0.32091346153846156 0.09735576923076923 0.19471153846153846 0.14903846153846154
2 0.8305288461538461 0.05889423076923077 0.1466346153846154 0.11778846153846154
164 0.6526442307692307 0.07211538461538461 0.18990384615384615 0.14423076923076922
148 0.03245192307692308 0.14423076923076922 0.06490384615384616 0.14423076923076922
149 0.49038461538461536 0.08413461538461539 0.11778846153846154 0.13942307692307693
3 0.14903846153846154 0.12860576923076922 0.15384615384615385 0.15384615384615385
2 0.9254807692307693 0.8569711538461539 0.14903846153846154 0.1466346153846154
163 0.30288461538461536 0.9290865384615384 0.19230769230769232 0.14182692307692307
149 0.4639423076923077 0.9194711538461539 0.1201923076923077 0.15384615384615385
148 0.59375 0.90625 0.11538461538461539 0.14182692307692307
164 0.7512019230769231 0.8882211538461539 0.1875 0.15865384615384615
3 0.12740384615384615 0.9423076923076923 0.15384615384615385 0.11538461538461539