2 0.5721153846153846 0.23677884615384615 0.13942307692307693 0.12259615384615384
163 0.7524038461538461 0.23677884615384615 0.16105769230769232 0.13221153846153846
3 0.21153846153846154 0.23918269230769232 0.13221153846153846 0.12139423076923077
149 0.06610576923076923 0.2403846153846154 0.1045673076923077 0.13581730769230768
164 0.390625 0.24158653846153846 0.16706730769230768 0.125
148 0.9074519230769231 0.24278846153846154 0.1045673076923077 0.13942307692307693
3 0.5757211538461539 0.39903846153846156 0.1346153846153846 0.12740384615384615
163 0.9086538461538461 0.4014423076923077 0.16706730769230768 0.13341346153846154
2 0.21033653846153846 0.4026442307692308 0.1466346153846154 0.1346153846153846
149 0.06610576923076923 0.4050480769230769 0.11177884615384616 0.12860576923076922
148 0.7487980769230769 0.40625 0.11899038461538461 0.125
164 0.390625 0.41225961538461536 0.1658653846153846 0.14903846153846154
164 0.7487980769230769 0.5685096153846154 0.1778846153846154 0.12740384615384615
163 0.22956730769230768 0.5697115384615384 0.171875 0.12740384615384615
2 0.5769230769230769 0.5697115384615384 0.13701923076923078 0.1346153846153846
149 0.0625 0.5709134615384616 0.1045673076923077 0.1310096153846154
3 0.40865384615384615 0.5721153846153846 0.140625 0.12740384615384615
148 0.9182692307692307 0.5721153846153846 0.10216346153846154 0.1201923076923077
2 0.5721153846153846 0.7319711538461539 0.13942307692307693 0.12980769230769232
149 0.9146634615384616 0.7319711538461539 0.10216346153846154 0.1346153846153846
148 0.06850961538461539 0.7319711538461539 0.11057692307692307 0.1466346153846154
3 0.41225961538461536 0.7367788461538461 0.13942307692307693 0.13341346153846154
163 0.7487980769230769 0.7379807692307693 0.17668269230769232 0.12259615384615384
164 0.23197115384615385 0.7391826923076923 0.16105769230769232 0.13701923076923078
2 0.5745192307692307 0.07451923076923077 0.15144230769230768 0.13822115384615385
3 0.41225961538461536 0.07572115384615384 0.13942307692307693 0.13942307692307693
149 0.06610576923076923 0.078125 0.11177884615384616 0.13942307692307693
163 0.8774038461538461 0.078125 0.17427884615384615 0.15625
164 0.2283653846153846 0.07932692307692307 0.17067307692307693 0.14182692307692307
148 0.71875 0.08533653846153846 0.10216346153846154 0.14783653846153846
163 0.3581730769230769 0.8990384615384616 0.16105769230769232 0.125
149 0.8882211538461539 0.8990384615384616 0.12139423076923077 0.12379807692307693
164 0.5576923076923077 0.9014423076923077 0.16466346153846154 0.13942307692307693
148 0.06490384615384616 0.9014423076923077 0.11298076923076923 0.13581730769230768
3 0.7331730769230769 0.9014423076923077 0.14423076923076922 0.13942307692307693
2 0.2091346153846154 0.9074519230769231 0.1310096153846154 0.13942307692307693