39 0.27163461538461536 0.15144230769230768 0.13701923076923078 0.17427884615384615
29 0.27403846153846156 0.3786057692307692 0.12259615384615384 0.14182692307692307
196 0.0889423076923077 0.39302884615384615 0.12259615384615384 0.171875
173 0.4639423076923077 0.39903846153846156 0.17548076923076922 0.16346153846153846
193 0.08774038461538461 0.59375 0.1346153846153846 0.17427884615384615
137 0.2848557692307692 0.6069711538461539 0.16706730769230768 0.16826923076923078
36 0.484375 0.609375 0.1346153846153846 0.16105769230769232
196 0.6598557692307693 0.6430288461538461 0.12620192307692307 0.18509615384615385
173 0.8581730769230769 0.6454326923076923 0.1658653846153846 0.17908653846153846
39 0.09975961538461539 0.8918269230769231 0.14543269230769232 0.16105769230769232
193 0.09975961538461539 0.11177884615384616 0.12980769230769232 0.16105769230769232
137 0.4807692307692308 0.11899038461538461 0.1622596153846154 0.15625