150 0.9050480769230769 0.2644230769230769 0.11298076923076923 0.13701923076923078
4 0.10336538461538461 0.21514423076923078 0.13942307692307693 0.1346153846153846
165 0.27524038461538464 0.23076923076923078 0.1658653846153846 0.14182692307692307
166 0.5817307692307693 0.26802884615384615 0.1875 0.14182692307692307
5 0.7560096153846154 0.2800480769230769 0.14903846153846154 0.125
151 0.4254807692307692 0.26322115384615385 0.11298076923076923 0.12259615384615384
4 0.09134615384615384 0.37259615384615385 0.13701923076923078 0.1346153846153846
165 0.38221153846153844 0.3954326923076923 0.17307692307692307 0.1346153846153846
150 0.22956730769230768 0.3894230769230769 0.10817307692307693 0.13942307692307693
5 0.8713942307692307 0.44591346153846156 0.15144230769230768 0.13221153846153846
166 0.5721153846153846 0.4254807692307692 0.19951923076923078 0.14182692307692307
151 0.7295673076923077 0.4411057692307692 0.1201923076923077 0.125
4 0.08052884615384616 0.5276442307692307 0.13701923076923078 0.13701923076923078
150 0.8798076923076923 0.5865384615384616 0.11298076923076923 0.1346153846153846
165 0.7271634615384616 0.5829326923076923 0.17307692307692307 0.13701923076923078
166 0.24519230769230768 0.5649038461538461 0.18509615384615385 0.1466346153846154
151 0.39783653846153844 0.5769230769230769 0.11778846153846154 0.1201923076923077
5 0.5420673076923077 0.5877403846153846 0.15384615384615385 0.13221153846153846
4 0.06850961538461539 0.6875 0.13701923076923078 0.12740384615384615
165 0.6442307692307693 0.7331730769230769 0.17307692307692307 0.1466346153846154
150 0.21153846153846154 0.7055288461538461 0.11298076923076923 0.1346153846153846
166 0.8257211538461539 0.7620192307692307 0.18269230769230768 0.13701923076923078
5 0.33653846153846156 0.7307692307692307 0.14903846153846154 0.13701923076923078
151 0.4795673076923077 0.7451923076923077 0.1201923076923077 0.13701923076923078
4 0.78125 0.09615384615384616 0.14182692307692307 0.1346153846153846
165 0.4074519230769231 0.07451923076923077 0.16346153846153846 0.1346153846153846
150 0.9158653846153846 0.11057692307692307 0.10336538461538461 0.1466346153846154
4 0.33052884615384615 0.8689903846153846 0.13701923076923078 0.13221153846153846
150 0.19230769230769232 0.8617788461538461 0.10817307692307693 0.13942307692307693
165 0.6298076923076923 0.8918269230769231 0.17067307692307693 0.15625
166 0.8173076923076923 0.921875 0.18990384615384615 0.1466346153846154
151 0.46875 0.8990384615384616 0.11057692307692307 0.12980769230769232
5 0.06129807692307692 0.8786057692307693 0.12259615384615384 0.14182692307692307
166 0.5913461538461539 0.10817307692307693 0.18509615384615385 0.15384615384615385
151 0.08533653846153846 0.0733173076923077 0.11057692307692307 0.1346153846153846
5 0.23197115384615385 0.08533653846153846 0.14903846153846154 0.13942307692307693