150 0.8882211538461539 0.23677884615384615 0.10576923076923077 0.12980769230769232
4 0.08413461538461539 0.2439903846153846 0.12980769230769232 0.125
165 0.25721153846153844 0.24759615384615385 0.15865384615384615 0.13221153846153846
166 0.5649038461538461 0.26322115384615385 0.1778846153846154 0.12980769230769232
5 0.7403846153846154 0.26322115384615385 0.13942307692307693 0.11538461538461539
151 0.40865384615384615 0.2692307692307692 0.10576923076923077 0.11538461538461539
4 0.0829326923076923 0.4014423076923077 0.12980769230769232 0.125
165 0.375 0.40384615384615385 0.1658653846153846 0.125
150 0.22235576923076922 0.40865384615384615 0.10096153846153846 0.1346153846153846
5 0.8665865384615384 0.4206730769230769 0.14423076923076922 0.1201923076923077
166 0.5673076923076923 0.4206730769230769 0.18990384615384615 0.12980769230769232
151 0.7247596153846154 0.4254807692307692 0.11057692307692307 0.11538461538461539
4 0.0829326923076923 0.5564903846153846 0.12980769230769232 0.12740384615384615
150 0.8846153846153846 0.5600961538461539 0.10576923076923077 0.12980769230769232
165 0.7319711538461539 0.5673076923076923 0.16346153846153846 0.125
166 0.25 0.5829326923076923 0.17548076923076922 0.1346153846153846
151 0.40384615384615385 0.5841346153846154 0.11057692307692307 0.11298076923076923
5 0.5480769230769231 0.5841346153846154 0.14423076923076922 0.1201923076923077
4 0.0829326923076923 0.7175480769230769 0.12980769230769232 0.1201923076923077
165 0.6598557692307693 0.7223557692307693 0.16346153846153846 0.1346153846153846
150 0.22596153846153846 0.7247596153846154 0.10336538461538461 0.12740384615384615
166 0.84375 0.7391826923076923 0.17548076923076922 0.125
5 0.35336538461538464 0.7415865384615384 0.13942307692307693 0.12740384615384615
151 0.4963942307692308 0.7463942307692307 0.11057692307692307 0.12980769230769232
4 0.7524038461538461 0.07692307692307693 0.1346153846153846 0.125
165 0.37740384615384615 0.08173076923076923 0.15625 0.125
150 0.8882211538461539 0.0829326923076923 0.09615384615384616 0.13942307692307693
4 0.35697115384615385 0.8798076923076923 0.12980769230769232 0.125
150 0.21875 0.8822115384615384 0.0985576923076923 0.1346153846153846
165 0.6574519230769231 0.8822115384615384 0.15865384615384615 0.14423076923076922
166 0.8461538461538461 0.8990384615384616 0.18028846153846154 0.1346153846153846
151 0.4963942307692308 0.9002403846153846 0.10336538461538461 0.125
5 0.07692307692307693 0.9098557692307693 0.13701923076923078 0.13221153846153846
166 0.5637019230769231 0.10216346153846154 0.1778846153846154 0.14182692307692307
151 0.056490384615384616 0.10336538461538461 0.10096153846153846 0.12740384615384615
5 0.203125 0.1045673076923077 0.13942307692307693 0.12980769230769232