150 0.06370192307692307 0.24278846153846154 0.10096153846153846 0.140625
165 0.8581730769230769 0.24519230769230768 0.16466346153846154 0.12379807692307693
4 0.2127403846153846 0.24639423076923078 0.13701923076923078 0.13341346153846154
166 0.6550480769230769 0.2608173076923077 0.18269230769230768 0.12740384615384615
151 0.34134615384615385 0.26322115384615385 0.10216346153846154 0.12860576923076922
5 0.4795673076923077 0.2644230769230769 0.14182692307692307 0.12379807692307693
165 0.3870192307692308 0.40384615384615385 0.17427884615384615 0.12259615384615384
4 0.5576923076923077 0.4050480769230769 0.1346153846153846 0.12740384615384615
150 0.06370192307692307 0.4074519230769231 0.09495192307692307 0.1346153846153846
151 0.6935096153846154 0.41947115384615385 0.11778846153846154 0.1346153846153846
5 0.1971153846153846 0.41947115384615385 0.1502403846153846 0.12980769230769232
166 0.8605769230769231 0.42427884615384615 0.19230769230769232 0.125
4 0.6778846153846154 0.5673076923076923 0.14903846153846154 0.11658653846153846
150 0.06850961538461539 0.5673076923076923 0.09735576923076923 0.12740384615384615
165 0.8545673076923077 0.5685096153846154 0.1814903846153846 0.11778846153846154
5 0.5120192307692307 0.5841346153846154 0.14543269230769232 0.1201923076923077
151 0.3762019230769231 0.5877403846153846 0.109375 0.12139423076923077
166 0.22355769230769232 0.5889423076923077 0.17427884615384615 0.11538461538461539
4 0.5588942307692307 0.7259615384615384 0.12980769230769232 0.1310096153846154
165 0.22956730769230768 0.7283653846153846 0.1622596153846154 0.1310096153846154
150 0.6959134615384616 0.7307692307692307 0.10096153846153846 0.13221153846153846
5 0.3942307692307692 0.7451923076923077 0.13822115384615385 0.12740384615384615
151 0.06490384615384616 0.7463942307692307 0.109375 0.13221153846153846
166 0.8521634615384616 0.7475961538461539 0.17908653846153846 0.11177884615384616
150 0.0673076923076923 0.078125 0.10336538461538461 0.13341346153846154
165 0.22716346153846154 0.07932692307692307 0.16947115384615385 0.14182692307692307
4 0.4026442307692308 0.07932692307692307 0.12740384615384615 0.1346153846153846
165 0.7355769230769231 0.8834134615384616 0.16105769230769232 0.13581730769230768
4 0.2091346153846154 0.8870192307692307 0.12980769230769232 0.1201923076923077
150 0.8882211538461539 0.8882211538461539 0.10697115384615384 0.12620192307692307
166 0.3762019230769231 0.9050480769230769 0.18509615384615385 0.12259615384615384
5 0.5552884615384616 0.9086538461538461 0.13822115384615385 0.13341346153846154
151 0.06370192307692307 0.9110576923076923 0.11177884615384616 0.13341346153846154
5 0.5516826923076923 0.09975961538461539 0.13942307692307693 0.1502403846153846
166 0.8509615384615384 0.1045673076923077 0.17307692307692307 0.13942307692307693
151 0.6935096153846154 0.10576923076923077 0.109375 0.1502403846153846