4 0.9194711538461539 0.27163461538461536 0.14423076923076922 0.125
150 0.27163461538461536 0.24879807692307693 0.11298076923076923 0.14423076923076922
165 0.10697115384615384 0.25240384615384615 0.17307692307692307 0.1466346153846154
5 0.41225961538461536 0.27283653846153844 0.16826923076923078 0.1466346153846154
151 0.5625 0.2824519230769231 0.13221153846153846 0.125
166 0.7271634615384616 0.28725961538461536 0.18269230769230768 0.1346153846153846
150 0.9278846153846154 0.43509615384615385 0.11538461538461539 0.14423076923076922
165 0.09975961538461539 0.4074519230769231 0.17548076923076922 0.15384615384615385
4 0.28966346153846156 0.4206730769230769 0.1346153846153846 0.1346153846153846
5 0.7716346153846154 0.4519230769230769 0.16105769230769232 0.14182692307692307
166 0.5901442307692307 0.44711538461538464 0.19471153846153846 0.15144230769230768
151 0.4254807692307692 0.44711538461538464 0.11538461538461539 0.14423076923076922
4 0.9206730769230769 0.10216346153846154 0.14423076923076922 0.14423076923076922
165 0.28125 0.08052884615384616 0.17548076923076922 0.15865384615384615
150 0.4423076923076923 0.08774038461538461 0.11538461538461539 0.14423076923076922
166 0.7307692307692307 0.1141826923076923 0.18990384615384615 0.15865384615384615
151 0.5685096153846154 0.11298076923076923 0.11538461538461539 0.13221153846153846
5 0.09134615384615384 0.09975961538461539 0.1466346153846154 0.14423076923076922