6 0.2956730769230769 0.23918269230769232 0.15384615384615385 0.13701923076923078
6 0.5793269230769231 0.24519230769230768 0.14903846153846154 0.12259615384615384
167 0.8834134615384616 0.2512019230769231 0.19230769230769232 0.14903846153846154
152 0.71875 0.25240384615384615 0.11778846153846154 0.14903846153846154
167 0.11658653846153846 0.2439903846153846 0.18269230769230768 0.14903846153846154
152 0.43509615384615385 0.2512019230769231 0.11778846153846154 0.13942307692307693
167 0.3088942307692308 0.40024038461538464 0.19230769230769232 0.1346153846153846
6 0.484375 0.4050480769230769 0.15384615384615385 0.11778846153846154
167 0.11057692307692307 0.4014423076923077 0.18509615384615385 0.13221153846153846
6 0.7716346153846154 0.41586538461538464 0.14903846153846154 0.13221153846153846
152 0.9122596153846154 0.4182692307692308 0.1201923076923077 0.13701923076923078
152 0.6286057692307693 0.41586538461538464 0.125 0.14182692307692307
6 0.09495192307692307 0.5625 0.15144230769230768 0.13701923076923078
167 0.8737980769230769 0.5769230769230769 0.18990384615384615 0.125
6 0.6995192307692307 0.5745192307692307 0.14903846153846154 0.12740384615384615
152 0.5576923076923077 0.5745192307692307 0.1201923076923077 0.13221153846153846
167 0.3954326923076923 0.5733173076923077 0.1778846153846154 0.1346153846153846
152 0.23677884615384615 0.5721153846153846 0.12259615384615384 0.13701923076923078
6 0.09014423076923077 0.7223557692307693 0.15625 0.13942307692307693
6 0.5697115384615384 0.7331730769230769 0.14903846153846154 0.15384615384615385
167 0.7475961538461539 0.7379807692307693 0.18269230769230768 0.14182692307692307
152 0.9074519230769231 0.7415865384615384 0.125 0.125
167 0.2704326923076923 0.7319711538461539 0.1875 0.14423076923076922
152 0.4266826923076923 0.7391826923076923 0.11778846153846154 0.14182692307692307
167 0.11658653846153846 0.07091346153846154 0.19230769230769232 0.13221153846153846
6 0.5853365384615384 0.08052884615384616 0.14903846153846154 0.13942307692307693
152 0.2800480769230769 0.07572115384615384 0.12259615384615384 0.1346153846153846
152 0.7223557692307693 0.08774038461538461 0.11538461538461539 0.1346153846153846
167 0.8822115384615384 0.09014423076923077 0.1971153846153846 0.1466346153846154
6 0.42427884615384615 0.0829326923076923 0.15625 0.12980769230769232
6 0.09375 0.8834134615384616 0.15384615384615385 0.13221153846153846
6 0.24759615384615385 0.8882211538461539 0.15144230769230768 0.14423076923076922
167 0.8677884615384616 0.9014423076923077 0.18269230769230768 0.1466346153846154
167 0.5480769230769231 0.9014423076923077 0.18269230769230768 0.125
152 0.3918269230769231 0.8990384615384616 0.11298076923076923 0.12740384615384615
152 0.7115384615384616 0.90625 0.1201923076923077 0.12980769230769232