6 0.29086538461538464 0.24278846153846154 0.15144230769230768 0.1346153846153846
6 0.5745192307692307 0.2439903846153846 0.14783653846153846 0.11899038461538461
167 0.8786057692307693 0.2439903846153846 0.18990384615384615 0.1466346153846154
152 0.7139423076923077 0.24879807692307693 0.1141826923076923 0.14783653846153846
167 0.11177884615384616 0.2512019230769231 0.17908653846153846 0.1466346153846154
152 0.43028846153846156 0.25240384615384615 0.11658653846153846 0.13701923076923078
167 0.3076923076923077 0.40384615384615385 0.18990384615384615 0.13221153846153846
6 0.4831730769230769 0.4050480769230769 0.15264423076923078 0.1141826923076923
167 0.109375 0.40865384615384615 0.18269230769230768 0.12980769230769232
6 0.7704326923076923 0.4110576923076923 0.1466346153846154 0.12980769230769232
152 0.9110576923076923 0.4110576923076923 0.11778846153846154 0.1346153846153846
152 0.6274038461538461 0.41346153846153844 0.12259615384615384 0.13942307692307693
6 0.09615384615384616 0.5697115384615384 0.14903846153846154 0.13341346153846154
167 0.875 0.5709134615384616 0.18870192307692307 0.12259615384615384
6 0.7007211538461539 0.5709134615384616 0.1466346153846154 0.12379807692307693
152 0.5588942307692307 0.5733173076923077 0.11899038461538461 0.12980769230769232
167 0.39663461538461536 0.5757211538461539 0.17668269230769232 0.13221153846153846
152 0.23798076923076922 0.5769230769230769 0.1201923076923077 0.13581730769230768
6 0.09375 0.7295673076923077 0.15384615384615385 0.13581730769230768
6 0.5733173076923077 0.7319711538461539 0.14543269230769232 0.15144230769230768
167 0.7512019230769231 0.7331730769230769 0.1814903846153846 0.13822115384615385
152 0.9110576923076923 0.734375 0.12259615384615384 0.12259615384615384
167 0.27403846153846156 0.7355769230769231 0.18389423076923078 0.140625
152 0.43028846153846156 0.7403846153846154 0.1141826923076923 0.140625
167 0.109375 0.078125 0.18990384615384615 0.12860576923076922
6 0.578125 0.07932692307692307 0.1466346153846154 0.13581730769230768
152 0.27283653846153844 0.07932692307692307 0.1201923076923077 0.13221153846153846
152 0.7151442307692307 0.08413461538461539 0.11298076923076923 0.13341346153846154
167 0.875 0.08413461538461539 0.19471153846153846 0.14423076923076922
6 0.4170673076923077 0.08413461538461539 0.15384615384615385 0.12740384615384615
6 0.10096153846153846 0.890625 0.15264423076923078 0.12860576923076922
6 0.2548076923076923 0.8930288461538461 0.14783653846153846 0.140625
167 0.875 0.8954326923076923 0.18028846153846154 0.14423076923076922
167 0.5552884615384616 0.9002403846153846 0.1814903846153846 0.12139423076923077
152 0.39903846153846156 0.9014423076923077 0.11057692307692307 0.12620192307692307
152 0.71875 0.9026442307692307 0.11899038461538461 0.12860576923076922