6 0.5612980769230769 0.25721153846153844 0.16346153846153846 0.14423076923076922
6 0.921875 0.28725961538461536 0.15625 0.15144230769230768
152 0.41466346153846156 0.2536057692307692 0.12740384615384615 0.14423076923076922
167 0.7439903846153846 0.2776442307692308 0.19951923076923078 0.13942307692307693
152 0.0829326923076923 0.23197115384615385 0.12980769230769232 0.14423076923076922
167 0.2512019230769231 0.24879807692307693 0.20432692307692307 0.15384615384615385
167 0.3605769230769231 0.4170673076923077 0.18509615384615385 0.15144230769230768
152 0.07211538461538461 0.39903846153846156 0.125 0.1466346153846154
6 0.8894230769230769 0.4567307692307692 0.18509615384615385 0.13701923076923078
167 0.7019230769230769 0.44471153846153844 0.19951923076923078 0.14182692307692307
152 0.20072115384615385 0.4110576923076923 0.13942307692307693 0.15144230769230768
6 0.5264423076923077 0.4338942307692308 0.14903846153846154 0.14423076923076922
6 0.5709134615384616 0.5973557692307693 0.16346153846153846 0.1466346153846154
167 0.2247596153846154 0.578125 0.19951923076923078 0.15865384615384615
152 0.06129807692307692 0.5673076923076923 0.12259615384615384 0.15384615384615385
6 0.40384615384615385 0.5925480769230769 0.17307692307692307 0.1658653846153846
167 0.7548076923076923 0.6213942307692307 0.20192307692307693 0.15384615384615385
152 0.9242788461538461 0.6370192307692307 0.13221153846153846 0.15625
6 0.9302884615384616 0.11658653846153846 0.13942307692307693 0.1466346153846154
167 0.625 0.09735576923076923 0.2091346153846154 0.1658653846153846
152 0.09254807692307693 0.0673076923076923 0.13221153846153846 0.1346153846153846
152 0.7932692307692307 0.11177884615384616 0.13221153846153846 0.1658653846153846
6 0.2403846153846154 0.07451923076923077 0.15865384615384615 0.13942307692307693
167 0.4230769230769231 0.09254807692307693 0.20673076923076922 0.1658653846153846