6 0.5144230769230769 0.25 0.17067307692307693 0.15144230769230768
6 0.8798076923076923 0.21033653846153846 0.17307692307692307 0.15865384615384615
152 0.36899038461538464 0.27403846153846156 0.1346153846153846 0.14903846153846154
167 0.6971153846153846 0.234375 0.20432692307692307 0.14903846153846154
152 0.054086538461538464 0.3173076923076923 0.10817307692307693 0.14903846153846154
167 0.20793269230769232 0.3004807692307692 0.21153846153846154 0.16346153846153846
167 0.34615384615384615 0.44471153846153844 0.19230769230769232 0.15865384615384615
152 0.06370192307692307 0.48197115384615385 0.12740384615384615 0.15144230769230768
6 0.8737980769230769 0.38221153846153844 0.18990384615384615 0.1466346153846154
167 0.6875 0.40625 0.20432692307692307 0.15144230769230768
152 0.18870192307692307 0.4699519230769231 0.1466346153846154 0.15625
6 0.5132211538461539 0.43028846153846156 0.15384615384615385 0.15144230769230768
6 0.5889423076923077 0.5829326923076923 0.17067307692307693 0.15384615384615385
167 0.24519230769230768 0.6298076923076923 0.20432692307692307 0.16826923076923078
152 0.0829326923076923 0.6490384615384616 0.13221153846153846 0.15865384615384615
6 0.42427884615384615 0.6081730769230769 0.18028846153846154 0.17307692307692307
167 0.7740384615384616 0.5709134615384616 0.2091346153846154 0.16346153846153846
152 0.9362980769230769 0.5516826923076923 0.12740384615384615 0.16105769230769232
6 0.859375 0.05889423076923077 0.16105769230769232 0.11778846153846154
167 0.5456730769230769 0.08413461538461539 0.21634615384615385 0.16826923076923078
152 0.04326923076923077 0.14783653846153846 0.08653846153846154 0.15144230769230768
152 0.7127403846153846 0.07451923076923077 0.14182692307692307 0.14903846153846154
6 0.16466346153846154 0.13221153846153846 0.1658653846153846 0.1466346153846154
167 0.34615384615384615 0.1141826923076923 0.21394230769230768 0.17548076923076922