238 0.24639423076923078 0.2403846153846154 0.15625 0.12379807692307693
239 0.41225961538461536 0.2403846153846154 0.14302884615384615 0.11177884615384616
231 0.7427884615384616 0.24158653846153846 0.1346153846153846 0.11538461538461539
239 0.08413461538461539 0.2439903846153846 0.14182692307692307 0.109375
238 0.5817307692307693 0.24639423076923078 0.13822115384615385 0.09495192307692307
231 0.9050480769230769 0.2512019230769231 0.140625 0.11658653846153846
238 0.7403846153846154 0.4050480769230769 0.14903846153846154 0.12620192307692307
239 0.4098557692307692 0.4074519230769231 0.14423076923076922 0.11538461538461539
239 0.08413461538461539 0.40865384615384615 0.140625 0.12740384615384615
238 0.5805288461538461 0.4110576923076923 0.13221153846153846 0.12139423076923077
231 0.9074519230769231 0.41346153846153844 0.14543269230769232 0.10817307692307693
231 0.2439903846153846 0.41466346153846156 0.14543269230769232 0.12259615384615384
238 0.5757211538461539 0.5793269230769231 0.14302884615384615 0.11057692307692307
238 0.08533653846153846 0.5817307692307693 0.14903846153846154 0.12980769230769232
239 0.41346153846153844 0.5817307692307693 0.13221153846153846 0.11658653846153846
239 0.9050480769230769 0.5829326923076923 0.140625 0.11899038461538461
231 0.7403846153846154 0.5841346153846154 0.13822115384615385 0.12259615384615384
231 0.24759615384615385 0.5841346153846154 0.13942307692307693 0.11658653846153846
239 0.9002403846153846 0.7415865384615384 0.14423076923076922 0.12740384615384615
231 0.7367788461538461 0.7427884615384616 0.14903846153846154 0.11899038461538461
238 0.4110576923076923 0.7439903846153846 0.13942307692307693 0.1141826923076923
231 0.578125 0.7451923076923077 0.13581730769230768 0.12740384615384615
238 0.07932692307692307 0.7487980769230769 0.14903846153846154 0.12259615384615384
239 0.24759615384615385 0.7487980769230769 0.13942307692307693 0.11899038461538461
238 0.24278846153846154 0.07932692307692307 0.14783653846153846 0.11057692307692307
238 0.7451923076923077 0.07932692307692307 0.1346153846153846 0.125
231 0.4098557692307692 0.08173076923076923 0.14903846153846154 0.12259615384615384
239 0.08413461538461539 0.08173076923076923 0.140625 0.11538461538461539
239 0.5697115384615384 0.08173076923076923 0.1466346153846154 0.12379807692307693
231 0.9098557692307693 0.08413461538461539 0.13581730769230768 0.12259615384615384
239 0.8377403846153846 0.90625 0.14302884615384615 0.11177884615384616
239 0.6790865384615384 0.90625 0.12620192307692307 0.11778846153846154
231 0.41225961538461536 0.9098557692307693 0.12860576923076922 0.10576923076923077
238 0.2512019230769231 0.9134615384615384 0.15384615384615385 0.11538461538461539
238 0.08533653846153846 0.9134615384615384 0.14543269230769232 0.13221153846153846
231 0.546875 0.9230769230769231 0.12379807692307693 0.1310096153846154