240 0.8521634615384616 0.1814903846153846 0.14423076923076922 0.1201923076923077
240 0.2091346153846154 0.2824519230769231 0.14903846153846154 0.12980769230769232
241 0.53125 0.2403846153846154 0.16105769230769232 0.16826923076923078
241 0.37259615384615385 0.26802884615384615 0.15384615384615385 0.14423076923076922
232 0.6983173076923077 0.22355769230769232 0.1466346153846154 0.14423076923076922
232 0.06370192307692307 0.3125 0.12740384615384615 0.14903846153846154
240 0.5228365384615384 0.4014423076923077 0.1466346153846154 0.125
240 0.6790865384615384 0.3786057692307692 0.15144230769230768 0.13221153846153846
241 0.22355769230769232 0.44471153846153844 0.16346153846153846 0.15144230769230768
232 0.8401442307692307 0.36538461538461536 0.15625 0.14903846153846154
241 0.3713942307692308 0.4326923076923077 0.14903846153846154 0.13701923076923078
232 0.07692307692307693 0.47475961538461536 0.15384615384615385 0.1466346153846154
240 0.09014423076923077 0.6262019230769231 0.15384615384615385 0.14182692307692307
240 0.8930288461538461 0.5144230769230769 0.16826923076923078 0.13221153846153846
241 0.7379807692307693 0.546875 0.1466346153846154 0.14423076923076922
241 0.5733173076923077 0.5709134615384616 0.15865384615384615 0.14423076923076922
232 0.2608173076923077 0.6189903846153846 0.14903846153846154 0.13942307692307693
232 0.41947115384615385 0.5961538461538461 0.15144230769230768 0.14903846153846154
240 0.5012019230769231 0.06971153846153846 0.15625 0.13942307692307693
240 0.11778846153846154 0.7884615384615384 0.15625 0.1346153846153846
240 0.4375 0.7475961538461539 0.15865384615384615 0.13221153846153846
232 0.9194711538461539 0.6850961538461539 0.15625 0.16826923076923078
232 0.765625 0.7079326923076923 0.1466346153846154 0.1466346153846154
241 0.2800480769230769 0.7788461538461539 0.15625 0.1466346153846154
241 0.6045673076923077 0.7355769230769231 0.15384615384615385 0.15865384615384615
240 0.3485576923076923 0.09495192307692307 0.15384615384615385 0.16105769230769232
232 0.18870192307692307 0.1201923076923077 0.15865384615384615 0.1466346153846154
232 0.05889423076923077 0.14302884615384615 0.11778846153846154 0.1658653846153846
241 0.8269230769230769 0.056490384615384616 0.15865384615384615 0.11298076923076923
240 0.140625 0.9375 0.16105769230769232 0.125
241 0.6730769230769231 0.0673076923076923 0.14423076923076922 0.1346153846153846
241 0.4639423076923077 0.90625 0.1466346153846154 0.15865384615384615
240 0.9326923076923077 0.8389423076923077 0.1346153846153846 0.1346153846153846
241 0.6274038461538461 0.8942307692307693 0.14182692307692307 0.14903846153846154
232 0.3088942307692308 0.9350961538461539 0.16105769230769232 0.12980769230769232
232 0.78125 0.8798076923076923 0.16105769230769232 0.16105769230769232