231 0.09975961538461539 0.2283653846153846 0.13942307692307693 0.14182692307692307
238 0.9014423076923077 0.2848557692307692 0.15865384615384615 0.12740384615384615
238 0.26322115384615385 0.24278846153846154 0.16105769230769232 0.13221153846153846
239 0.7403846153846154 0.2764423076923077 0.13701923076923078 0.11298076923076923
239 0.42908653846153844 0.25600961538461536 0.14423076923076922 0.12740384615384615
231 0.6045673076923077 0.2692307692307692 0.13942307692307693 0.1346153846153846
239 0.2247596153846154 0.40625 0.13942307692307693 0.11778846153846154
231 0.08413461538461539 0.39783653846153844 0.14423076923076922 0.1201923076923077
238 0.6550480769230769 0.4387019230769231 0.14423076923076922 0.12980769230769232
239 0.3557692307692308 0.421875 0.13701923076923078 0.10817307692307693
231 0.8245192307692307 0.4567307692307692 0.14903846153846154 0.12740384615384615
238 0.49038461538461536 0.4338942307692308 0.14182692307692307 0.1201923076923077
231 0.08052884615384616 0.5721153846153846 0.14423076923076922 0.11778846153846154
239 0.9098557692307693 0.6310096153846154 0.15144230769230768 0.125
231 0.24519230769230768 0.5865384615384616 0.14423076923076922 0.13942307692307693
239 0.41225961538461536 0.5985576923076923 0.15144230769230768 0.125
238 0.5793269230769231 0.6105769230769231 0.14903846153846154 0.125
238 0.7463942307692307 0.6237980769230769 0.14903846153846154 0.12980769230769232
239 0.2764423076923077 0.06971153846153846 0.14423076923076922 0.13221153846153846
231 0.10817307692307693 0.0625 0.14903846153846154 0.125
231 0.6141826923076923 0.09495192307692307 0.14182692307692307 0.1201923076923077
238 0.4495192307692308 0.08413461538461539 0.14903846153846154 0.1346153846153846
239 0.7836538461538461 0.11057692307692307 0.15144230769230768 0.14423076923076922
238 0.9362980769230769 0.12860576923076922 0.12740384615384615 0.14182692307692307