231 0.08173076923076923 0.25721153846153844 0.1310096153846154 0.13341346153846154
238 0.8858173076923077 0.25721153846153844 0.1502403846153846 0.11778846153846154
238 0.24639423076923078 0.25961538461538464 0.15384615384615385 0.12139423076923077
239 0.7247596153846154 0.25961538461538464 0.1310096153846154 0.1045673076923077
239 0.41225961538461536 0.2620192307692308 0.13581730769230768 0.11778846153846154
231 0.5877403846153846 0.2620192307692308 0.1310096153846154 0.125
239 0.21875 0.4254807692307692 0.1310096153846154 0.109375
231 0.078125 0.4266826923076923 0.13581730769230768 0.11057692307692307
238 0.6502403846153846 0.42788461538461536 0.13701923076923078 0.12139423076923077
239 0.35096153846153844 0.4326923076923077 0.1310096153846154 0.09975961538461539
231 0.8209134615384616 0.4338942307692308 0.14182692307692307 0.11899038461538461
238 0.4855769230769231 0.43509615384615385 0.1346153846153846 0.11177884615384616
231 0.08653846153846154 0.6009615384615384 0.13581730769230768 0.10817307692307693
239 0.9182692307692307 0.6021634615384616 0.14302884615384615 0.1141826923076923
231 0.25240384615384615 0.6045673076923077 0.1346153846153846 0.12980769230769232
239 0.41947115384615385 0.6045673076923077 0.14423076923076922 0.11538461538461539
238 0.5865384615384616 0.6045673076923077 0.140625 0.11658653846153846
238 0.7548076923076923 0.6057692307692307 0.140625 0.1201923076923077
239 0.24639423076923078 0.08653846153846154 0.13581730769230768 0.12379807692307693
231 0.078125 0.08653846153846154 0.14182692307692307 0.125
231 0.5853365384615384 0.08774038461538461 0.1346153846153846 0.11177884615384616
238 0.4206730769230769 0.0889423076923077 0.14182692307692307 0.125
239 0.7560096153846154 0.09134615384615384 0.14302884615384615 0.13341346153846154
238 0.9206730769230769 0.0985576923076923 0.13701923076923078 0.13221153846153846