235 0.06610576923076923 0.2668269230769231 0.13221153846153846 0.13942307692307693
238 0.8798076923076923 0.2091346153846154 0.14903846153846154 0.15144230769230768
233 0.7163461538461539 0.22235576923076922 0.1466346153846154 0.14182692307692307
235 0.390625 0.24639423076923078 0.1466346153846154 0.13942307692307693
233 0.5516826923076923 0.234375 0.13942307692307693 0.15144230769230768
238 0.22716346153846154 0.25841346153846156 0.15865384615384615 0.13701923076923078
235 0.890625 0.375 0.14423076923076922 0.15144230769230768
233 0.5649038461538461 0.39903846153846156 0.14423076923076922 0.1346153846153846
235 0.7295673076923077 0.38822115384615385 0.14423076923076922 0.12980769230769232
238 0.40384615384615385 0.41466346153846156 0.14903846153846154 0.14423076923076922
233 0.08173076923076923 0.4375 0.14423076923076922 0.13942307692307693
238 0.23798076923076922 0.42908653846153844 0.15384615384615385 0.15144230769230768
238 0.9038461538461539 0.5408653846153846 0.14182692307692307 0.1466346153846154
235 0.5805288461538461 0.5661057692307693 0.15144230769230768 0.13942307692307693
233 0.25 0.5925480769230769 0.15384615384615385 0.13221153846153846
235 0.4182692307692308 0.5817307692307693 0.15144230769230768 0.14182692307692307
238 0.08774038461538461 0.6057692307692307 0.1466346153846154 0.1466346153846154
233 0.7403846153846154 0.5637019230769231 0.15625 0.15625
233 0.0625 0.10096153846153846 0.125 0.13942307692307693
235 0.8725961538461539 0.056490384615384616 0.14903846153846154 0.11298076923076923
238 0.38100961538461536 0.08052884615384616 0.13942307692307693 0.15144230769230768
235 0.21995192307692307 0.09254807692307693 0.1466346153846154 0.1466346153846154
238 0.9098557692307693 0.7151442307692307 0.15144230769230768 0.14182692307692307
233 0.4266826923076923 0.75 0.1346153846153846 0.12980769230769232
238 0.09975961538461539 0.7728365384615384 0.1466346153846154 0.15625
235 0.5901442307692307 0.7403846153846154 0.13942307692307693 0.14182692307692307
233 0.7524038461538461 0.7295673076923077 0.1466346153846154 0.14182692307692307
235 0.2644230769230769 0.765625 0.15384615384615385 0.14182692307692307
238 0.5408653846153846 0.0733173076923077 0.14903846153846154 0.1466346153846154
233 0.7067307692307693 0.06850961538461539 0.14903846153846154 0.13701923076923078
235 0.4375 0.90625 0.13701923076923078 0.1466346153846154
235 0.6009615384615384 0.9014423076923077 0.15625 0.14903846153846154
238 0.9278846153846154 0.8798076923076923 0.14423076923076922 0.14423076923076922
233 0.27524038461538464 0.9266826923076923 0.14903846153846154 0.13701923076923078
233 0.7692307692307693 0.8930288461538461 0.15144230769230768 0.14423076923076922
238 0.11177884615384616 0.9290865384615384 0.1466346153846154 0.14182692307692307