234 0.8942307692307693 0.21875 0.13942307692307693 0.13942307692307693
234 0.2283653846153846 0.25600961538461536 0.15625 0.13221153846153846
233 0.5600961538461539 0.23798076923076922 0.14903846153846154 0.14423076923076922
235 0.06971153846153846 0.26322115384615385 0.13942307692307693 0.13221153846153846
235 0.7295673076923077 0.23317307692307693 0.1466346153846154 0.15625
233 0.39663461538461536 0.25 0.14423076923076922 0.14423076923076922
234 0.5721153846153846 0.4026442307692308 0.15144230769230768 0.15384615384615385
234 0.40625 0.4110576923076923 0.13942307692307693 0.13701923076923078
235 0.07692307692307693 0.42788461538461536 0.14182692307692307 0.13701923076923078
235 0.24278846153846154 0.4206730769230769 0.14903846153846154 0.13942307692307693
233 0.875 0.3894230769230769 0.14903846153846154 0.15144230769230768
233 0.7319711538461539 0.4014423076923077 0.14423076923076922 0.14903846153846154
233 0.2512019230769231 0.5877403846153846 0.1466346153846154 0.13701923076923078
235 0.08774038461538461 0.5961538461538461 0.13942307692307693 0.14903846153846154
234 0.9086538461538461 0.5540865384615384 0.14903846153846154 0.1466346153846154
234 0.7475961538461539 0.5649038461538461 0.1346153846153846 0.1466346153846154
235 0.578125 0.5757211538461539 0.15865384615384615 0.14903846153846154
233 0.41225961538461536 0.5877403846153846 0.15144230769230768 0.15384615384615385
233 0.71875 0.06129807692307692 0.14423076923076922 0.12259615384615384
234 0.5504807692307693 0.06850961538461539 0.14423076923076922 0.13701923076923078
233 0.2283653846153846 0.08653846153846154 0.15384615384615385 0.1346153846153846
235 0.8846153846153846 0.06490384615384616 0.14903846153846154 0.12980769230769232
234 0.3918269230769231 0.0829326923076923 0.14423076923076922 0.13942307692307693
235 0.06490384615384616 0.10216346153846154 0.12980769230769232 0.15144230769230768