234 0.9326923076923077 0.2980769230769231 0.1346153846153846 0.14903846153846154
234 0.2800480769230769 0.20793269230769232 0.1658653846153846 0.14423076923076922
233 0.6081730769230769 0.2548076923076923 0.15865384615384615 0.15625
235 0.12259615384615384 0.18629807692307693 0.14903846153846154 0.14182692307692307
235 0.7764423076923077 0.28125 0.15865384615384615 0.1658653846153846
233 0.44591346153846156 0.23557692307692307 0.15625 0.15625
234 0.5889423076923077 0.4182692307692308 0.16346153846153846 0.1658653846153846
234 0.4254807692307692 0.3942307692307692 0.15144230769230768 0.14903846153846154
235 0.0985576923076923 0.3485576923076923 0.15144230769230768 0.14903846153846154
235 0.26322115384615385 0.3737980769230769 0.16105769230769232 0.15144230769230768
233 0.8894230769230769 0.46274038461538464 0.15865384615384615 0.16346153846153846
233 0.7463942307692307 0.44711538461538464 0.15384615384615385 0.15865384615384615
233 0.23798076923076922 0.5384615384615384 0.15865384615384615 0.14903846153846154
235 0.07692307692307693 0.515625 0.15144230769230768 0.15865384615384615
234 0.890625 0.6310096153846154 0.16105769230769232 0.15865384615384615
234 0.7307692307692307 0.6117788461538461 0.1466346153846154 0.15625
235 0.5625 0.5889423076923077 0.16826923076923078 0.16105769230769232
233 0.39663461538461536 0.5697115384615384 0.16346153846153846 0.1658653846153846
233 0.8004807692307693 0.10697115384615384 0.15384615384615385 0.14423076923076922
234 0.6322115384615384 0.08533653846153846 0.15384615384615385 0.15144230769230768
233 0.31009615384615385 0.057692307692307696 0.16346153846153846 0.11538461538461539
235 0.9411057692307693 0.13581730769230768 0.11778846153846154 0.16105769230769232
234 0.4735576923076923 0.07211538461538461 0.15384615384615385 0.14423076923076922
235 0.14543269230769232 0.052884615384615384 0.15144230769230768 0.10576923076923077