237 0.0889423076923077 0.234375 0.14182692307692307 0.12379807692307693
237 0.39783653846153844 0.234375 0.14543269230769232 0.11298076923076923
237 0.7139423076923077 0.23677884615384615 0.140625 0.12379807692307693
236 0.23557692307692307 0.24879807692307693 0.14423076923076922 0.12980769230769232
236 0.5432692307692307 0.25721153846153844 0.1346153846153846 0.13581730769230768
237 0.09134615384615384 0.38822115384615385 0.14543269230769232 0.125
237 0.24519230769230768 0.3918269230769231 0.14182692307692307 0.13221153846153846
237 0.7127403846153846 0.3918269230769231 0.14423076923076922 0.13221153846153846
236 0.38461538461538464 0.4110576923076923 0.13581730769230768 0.1310096153846154
236 0.8629807692307693 0.41466346153846156 0.14423076923076922 0.13221153846153846
236 0.5456730769230769 0.4170673076923077 0.14543269230769232 0.11899038461538461
237 0.5588942307692307 0.5504807692307693 0.14783653846153846 0.13221153846153846
237 0.7139423076923077 0.5552884615384616 0.140625 0.14182692307692307
237 0.0889423076923077 0.5576923076923077 0.14182692307692307 0.13822115384615385
236 0.8569711538461539 0.5697115384615384 0.14423076923076922 0.1346153846153846
236 0.22956730769230768 0.5709134615384616 0.13701923076923078 0.12740384615384615
236 0.3858173076923077 0.5709134615384616 0.14302884615384615 0.12139423076923077
237 0.3713942307692308 0.7103365384615384 0.14783653846153846 0.12740384615384615
237 0.08533653846153846 0.7127403846153846 0.13221153846153846 0.11177884615384616
237 0.24519230769230768 0.0733173076923077 0.14903846153846154 0.1141826923076923
236 0.5180288461538461 0.7283653846153846 0.140625 0.140625
237 0.7151442307692307 0.07451923076923077 0.1466346153846154 0.13221153846153846
236 0.20072115384615385 0.7475961538461539 0.12860576923076922 0.12620192307692307
237 0.4026442307692308 0.078125 0.14302884615384615 0.12860576923076922
237 0.2776442307692308 0.8737980769230769 0.14423076923076922 0.1201923076923077
237 0.5913461538461539 0.8737980769230769 0.14182692307692307 0.13581730769230768
237 0.8990384615384616 0.8762019230769231 0.1502403846153846 0.13942307692307693
236 0.4206730769230769 0.890625 0.1346153846153846 0.15384615384615385
236 0.7319711538461539 0.8930288461538461 0.13221153846153846 0.15264423076923078
236 0.07572115384615384 0.8990384615384616 0.14302884615384615 0.14423076923076922
236 0.5480769230769231 0.09375 0.13701923076923078 0.14182692307692307
236 0.07572115384615384 0.09735576923076923 0.13822115384615385 0.13221153846153846