196 0.6322115384615384 0.15144230769230768 0.1310096153846154 0.1778846153846154
39 0.0985576923076923 0.38461538461538464 0.13581730769230768 0.16947115384615385
173 0.2980769230769231 0.3858173076923077 0.1622596153846154 0.17067307692307693
193 0.2920673076923077 0.5769230769230769 0.11899038461538461 0.171875
137 0.10817307692307693 0.5865384615384616 0.1658653846153846 0.16706730769230768
36 0.6394230769230769 0.5913461538461539 0.15384615384615385 0.1778846153846154
39 0.4675480769230769 0.6213942307692307 0.12740384615384615 0.18990384615384615
196 0.08533653846153846 0.8533653846153846 0.125 0.17668269230769232
173 0.28125 0.8653846153846154 0.17548076923076922 0.17668269230769232
137 0.296875 0.109375 0.15985576923076922 0.15384615384615385
193 0.4651442307692308 0.109375 0.12259615384615384 0.15384615384615385
36 0.10576923076923077 0.11298076923076923 0.125 0.15384615384615385