196 0.6081730769230769 0.14302884615384615 0.14423076923076922 0.1875
39 0.09134615384615384 0.41346153846153844 0.1466346153846154 0.1778846153846154
173 0.29086538461538464 0.40024038461538464 0.17307692307692307 0.18269230769230768
193 0.2980769230769231 0.5913461538461539 0.12980769230769232 0.18028846153846154
137 0.11538461538461539 0.6141826923076923 0.1778846153846154 0.1778846153846154
36 0.6454326923076923 0.5817307692307693 0.1658653846153846 0.1875
39 0.47596153846153844 0.6237980769230769 0.13942307692307693 0.19951923076923078
196 0.11057692307692307 0.8810096153846154 0.13701923076923078 0.18509615384615385
173 0.3076923076923077 0.8798076923076923 0.1875 0.1875
137 0.2704326923076923 0.125 0.17067307692307693 0.16346153846153846
193 0.4375 0.11298076923076923 0.13221153846153846 0.16105769230769232
36 0.07932692307692307 0.14182692307692307 0.1346153846153846 0.16105769230769232