193 0.6598557692307693 0.3329326923076923 0.1141826923076923 0.15384615384615385
36 0.3076923076923077 0.33653846153846156 0.12620192307692307 0.17427884615384615
173 0.1141826923076923 0.36658653846153844 0.16826923076923078 0.1814903846153846
39 0.4855769230769231 0.3762019230769231 0.125 0.15985576923076922
196 0.8329326923076923 0.3786057692307692 0.11658653846153846 0.17548076923076922
119 0.3173076923076923 0.609375 0.1622596153846154 0.15144230769230768
173 0.109375 0.6225961538461539 0.171875 0.16706730769230768
193 0.10216346153846154 0.8125 0.12740384615384615 0.15264423076923078
36 0.6442307692307693 0.8221153846153846 0.12860576923076922 0.16706730769230768
39 0.2860576923076923 0.8533653846153846 0.12620192307692307 0.18509615384615385
196 0.4519230769230769 0.8605769230769231 0.1346153846153846 0.1622596153846154
137 0.1141826923076923 0.09495192307692307 0.15985576923076922 0.14302884615384615