193 0.6742788461538461 0.3473557692307692 0.12740384615384615 0.16346153846153846
36 0.32211538461538464 0.32091346153846156 0.14182692307692307 0.18509615384615385
173 0.12740384615384615 0.3329326923076923 0.18269230769230768 0.19471153846153846
39 0.4963942307692308 0.375 0.13942307692307693 0.17067307692307693
196 0.8425480769230769 0.40865384615384615 0.13221153846153846 0.18509615384615385
119 0.3088942307692308 0.5925480769230769 0.17548076923076922 0.1658653846153846
173 0.09975961538461539 0.5877403846153846 0.18509615384615385 0.18028846153846154
193 0.07692307692307693 0.7764423076923077 0.13942307692307693 0.16346153846153846
36 0.6153846153846154 0.8329326923076923 0.14182692307692307 0.1778846153846154
39 0.25600961538461536 0.8329326923076923 0.14182692307692307 0.19471153846153846
196 0.4206730769230769 0.8545673076923077 0.14903846153846154 0.17307692307692307
137 0.1502403846153846 0.06971153846153846 0.17067307692307693 0.13942307692307693