85 0.25721153846153844 0.1502403846153846 0.13701923076923078 0.18509615384615385
85 0.0733173076923077 0.41947115384615385 0.1466346153846154 0.16826923076923078
83 0.8870192307692307 0.6165865384615384 0.14182692307692307 0.20192307692307693
75 0.6826923076923077 0.6370192307692307 0.12740384615384615 0.13942307692307693
75 0.0829326923076923 0.6634615384615384 0.13701923076923078 0.1346153846153846
85 0.2776442307692308 0.6790865384615384 0.13701923076923078 0.1778846153846154
85 0.49759615384615385 0.671875 0.13221153846153846 0.18509615384615385
83 0.09014423076923077 0.890625 0.1466346153846154 0.17548076923076922
83 0.4807692307692308 0.0985576923076923 0.14423076923076922 0.18269230769230768
83 0.90625 0.0889423076923077 0.12980769230769232 0.1778846153846154
75 0.7103365384615384 0.11177884615384616 0.12740384615384615 0.13942307692307693
75 0.06370192307692307 0.14182692307692307 0.12259615384615384 0.1346153846153846