85 0.2692307692307692 0.14182692307692307 0.12980769230769232 0.1814903846153846
85 0.07692307692307693 0.4050480769230769 0.140625 0.16346153846153846
83 0.8822115384615384 0.6298076923076923 0.13581730769230768 0.1971153846153846
75 0.6778846153846154 0.6430288461538461 0.12379807692307693 0.1346153846153846
75 0.07692307692307693 0.6490384615384616 0.13221153846153846 0.12980769230769232
85 0.27163461538461536 0.6706730769230769 0.1310096153846154 0.17307692307692307
85 0.49158653846153844 0.671875 0.125 0.1814903846153846
83 0.07692307692307693 0.8762019230769231 0.14182692307692307 0.17067307692307693
83 0.4951923076923077 0.0985576923076923 0.13701923076923078 0.17908653846153846
83 0.921875 0.10216346153846154 0.12379807692307693 0.17668269230769232
75 0.7235576923076923 0.11899038461538461 0.12379807692307693 0.13581730769230768
75 0.07692307692307693 0.12740384615384615 0.11899038461538461 0.1310096153846154