137 0.8497596153846154 0.2848557692307692 0.19951923076923078 0.18990384615384615
193 0.45072115384615385 0.3293269230769231 0.1466346153846154 0.18269230769230768
36 0.6370192307692307 0.3088942307692308 0.15384615384615385 0.1971153846153846
39 0.109375 0.39663461538461536 0.15384615384615385 0.18269230769230768
196 0.2824519230769231 0.38221153846153844 0.14423076923076922 0.18028846153846154
137 0.33653846153846156 0.5949519230769231 0.1875 0.1778846153846154
39 0.14182692307692307 0.671875 0.18269230769230768 0.1875
193 0.5432692307692307 0.8137019230769231 0.13942307692307693 0.16826923076923078
36 0.37259615384615385 0.8377403846153846 0.13942307692307693 0.18028846153846154
196 0.71875 0.8365384615384616 0.15625 0.19230769230769232
173 0.17668269230769232 0.8990384615384616 0.18990384615384615 0.20192307692307693
173 0.10817307692307693 0.15144230769230768 0.18990384615384615 0.19471153846153846