75 0.4483173076923077 0.1346153846153846 0.1201923076923077 0.16105769230769232
85 0.6237980769230769 0.12980769230769232 0.13942307692307693 0.19471153846153846
85 0.8233173076923077 0.11177884615384616 0.15144230769230768 0.1875
75 0.07091346153846154 0.40865384615384615 0.13221153846153846 0.15625
83 0.09735576923076923 0.6310096153846154 0.1346153846153846 0.17067307692307693
75 0.30649038461538464 0.6298076923076923 0.125 0.12740384615384615
75 0.8930288461538461 0.5697115384615384 0.13221153846153846 0.1466346153846154
85 0.4807692307692308 0.6334134615384616 0.14423076923076922 0.1778846153846154
85 0.6814903846153846 0.609375 0.1466346153846154 0.1658653846153846
83 0.13341346153846154 0.8605769230769231 0.1346153846153846 0.18269230769230768
83 0.05889423076923077 0.16346153846153846 0.11778846153846154 0.18269230769230768
83 0.23798076923076922 0.14302884615384615 0.1466346153846154 0.17067307692307693