75 0.875 0.0889423076923077 0.14182692307692307 0.15144230769230768
85 0.6646634615384616 0.13221153846153846 0.15865384615384615 0.21634615384615385
85 0.4579326923076923 0.1622596153846154 0.15144230769230768 0.1875
75 0.06971153846153846 0.43509615384615385 0.12980769230769232 0.1346153846153846
83 0.8293269230769231 0.5528846153846154 0.1658653846153846 0.20673076923076922
83 0.4855769230769231 0.6117788461538461 0.1466346153846154 0.1875
75 0.6646634615384616 0.6105769230769231 0.13942307692307693 0.14903846153846154
85 0.10817307692307693 0.7091346153846154 0.14423076923076922 0.1875
85 0.2776442307692308 0.6899038461538461 0.14903846153846154 0.18990384615384615
75 0.140625 0.9254807692307693 0.12980769230769232 0.14182692307692307
83 0.051682692307692304 0.16826923076923078 0.10336538461538461 0.1875
83 0.24278846153846154 0.14182692307692307 0.14182692307692307 0.18509615384615385