82 0.13701923076923078 0.08533653846153846 0.14903846153846154 0.17067307692307693
76 0.3605769230769231 0.13341346153846154 0.18028846153846154 0.16346153846153846
76 0.9375 0.21875 0.125 0.16826923076923078
84 0.11658653846153846 0.28846153846153844 0.14903846153846154 0.20192307692307693
84 0.8557692307692307 0.6370192307692307 0.18028846153846154 0.2091346153846154
84 0.2824519230769231 0.5649038461538461 0.14903846153846154 0.20192307692307693
82 0.44591346153846156 0.5889423076923077 0.14182692307692307 0.1875
82 0.6514423076923077 0.6310096153846154 0.1466346153846154 0.18028846153846154
76 0.08533653846153846 0.5817307692307693 0.16346153846153846 0.14903846153846154
76 0.07211538461538461 0.8064903846153846 0.14423076923076922 0.17067307692307693
84 0.5444711538461539 0.11778846153846154 0.15384615384615385 0.20192307692307693
82 0.7439903846153846 0.14903846153846154 0.15625 0.1778846153846154