82 0.08173076923076923 0.13221153846153846 0.12620192307692307 0.16947115384615385
76 0.3112980769230769 0.15625 0.16105769230769232 0.14302884615384615
76 0.9170673076923077 0.15745192307692307 0.15144230769230768 0.14903846153846154
84 0.09134615384615384 0.34375 0.125 0.18629807692307693
84 0.8713942307692307 0.5865384615384616 0.15625 0.18870192307692307
84 0.2932692307692308 0.5949519230769231 0.125 0.18629807692307693
82 0.45913461538461536 0.5961538461538461 0.11899038461538461 0.17307692307692307
82 0.6682692307692307 0.6081730769230769 0.12379807692307693 0.1658653846153846
76 0.10096153846153846 0.6382211538461539 0.14783653846153846 0.12980769230769232
76 0.1045673076923077 0.8653846153846154 0.15625 0.1502403846153846
84 0.49038461538461536 0.11538461538461539 0.12980769230769232 0.18509615384615385
82 0.6923076923076923 0.11899038461538461 0.13581730769230768 0.16105769230769232