82 0.05048076923076923 0.21033653846153846 0.10096153846153846 0.18990384615384615
76 0.2548076923076923 0.19471153846153846 0.18269230769230768 0.16826923076923078
76 0.8509615384615384 0.09014423076923077 0.17548076923076922 0.17307692307692307
84 0.07451923076923077 0.4170673076923077 0.14903846153846154 0.20432692307692307
84 0.8810096153846154 0.5204326923076923 0.1875 0.21394230769230768
84 0.3125 0.6298076923076923 0.15625 0.20432692307692307
82 0.47596153846153844 0.6021634615384616 0.1466346153846154 0.19230769230769232
82 0.6850961538461539 0.5769230769230769 0.15144230769230768 0.18509615384615385
76 0.1310096153846154 0.7055288461538461 0.16826923076923078 0.15384615384615385
76 0.17427884615384615 0.9206730769230769 0.18028846153846154 0.15865384615384615
84 0.42427884615384615 0.12259615384615384 0.16105769230769232 0.20432692307692307
82 0.6237980769230769 0.09134615384615384 0.16105769230769232 0.18269230769230768