76 0.0889423076923077 0.14423076923076922 0.1466346153846154 0.171875
76 0.08533653846153846 0.375 0.15865384615384615 0.1622596153846154
84 0.4855769230769231 0.5733173076923077 0.12139423076923077 0.20192307692307693
84 0.6935096153846154 0.5901442307692307 0.140625 0.20552884615384615
82 0.9050480769230769 0.59375 0.11899038461538461 0.1778846153846154
76 0.2956730769230769 0.6262019230769231 0.14903846153846154 0.15264423076923078
76 0.08533653846153846 0.6322115384615384 0.14182692307692307 0.13822115384615385
82 0.07211538461538461 0.8353365384615384 0.10817307692307693 0.171875
84 0.6911057692307693 0.10216346153846154 0.13341346153846154 0.19591346153846154
84 0.4807692307692308 0.10336538461538461 0.13581730769230768 0.18389423076923078
82 0.27283653846153844 0.10336538461538461 0.13341346153846154 0.17067307692307693
82 0.8762019230769231 0.10576923076923077 0.12379807692307693 0.17067307692307693