78 0.2776442307692308 0.34975961538461536 0.12860576923076922 0.17908653846153846
77 0.07091346153846154 0.36177884615384615 0.11899038461538461 0.18509615384615385
78 0.29447115384615385 0.609375 0.12860576923076922 0.20432692307692307
79 0.07091346153846154 0.609375 0.12620192307692307 0.18990384615384615
78 0.9290865384615384 0.609375 0.13221153846153846 0.171875
77 0.4963942307692308 0.6129807692307693 0.15865384615384615 0.18629807692307693
77 0.734375 0.6129807692307693 0.12620192307692307 0.16947115384615385
79 0.07211538461538461 0.8509615384615384 0.12259615384615384 0.20793269230769232
79 0.28846153846153844 0.1045673076923077 0.12259615384615384 0.18269230769230768
77 0.07091346153846154 0.11057692307692307 0.11778846153846154 0.18269230769230768
79 0.5108173076923077 0.11177884615384616 0.12980769230769232 0.18028846153846154
78 0.7548076923076923 0.12139423076923077 0.11057692307692307 0.18509615384615385