78 0.26802884615384615 0.36538461538461536 0.14182692307692307 0.1875
77 0.06370192307692307 0.3918269230769231 0.12740384615384615 0.19230769230769232
78 0.30288461538461536 0.6237980769230769 0.14182692307692307 0.21394230769230768
79 0.07932692307692307 0.6394230769230769 0.13942307692307693 0.1971153846153846
78 0.9314903846153846 0.578125 0.13701923076923078 0.18028846153846154
77 0.5048076923076923 0.6129807692307693 0.17067307692307693 0.1971153846153846
77 0.7415865384615384 0.5961538461538461 0.13701923076923078 0.1778846153846154
79 0.09735576923076923 0.8798076923076923 0.13701923076923078 0.21634615384615385
79 0.2608173076923077 0.1201923076923077 0.1346153846153846 0.18990384615384615
77 0.054086538461538464 0.140625 0.10817307692307693 0.18990384615384615
79 0.4831730769230769 0.11177884615384616 0.14182692307692307 0.18990384615384615
78 0.7283653846153846 0.1045673076923077 0.12259615384615384 0.19230769230769232