196 0.09975961538461539 0.15625 0.12860576923076922 0.1875
39 0.6478365384615384 0.16346153846153846 0.140625 0.16947115384615385
173 0.12980769230769232 0.4014423076923077 0.17067307692307693 0.17307692307692307
193 0.4807692307692308 0.6141826923076923 0.12740384615384615 0.15865384615384615
137 0.6887019230769231 0.6225961538461539 0.1658653846153846 0.19110576923076922
173 0.30288461538461536 0.6598557692307693 0.17067307692307693 0.16346153846153846
196 0.09735576923076923 0.6610576923076923 0.12259615384615384 0.16105769230769232
39 0.8894230769230769 0.6622596153846154 0.12740384615384615 0.16826923076923078
36 0.10336538461538461 0.8605769230769231 0.13701923076923078 0.171875
193 0.45552884615384615 0.11177884615384616 0.12860576923076922 0.16105769230769232
36 0.28846153846153844 0.11778846153846154 0.1346153846153846 0.1622596153846154
137 0.8533653846153846 0.12139423076923077 0.1778846153846154 0.17427884615384615