81 0.6754807692307693 0.14783653846153846 0.21153846153846154 0.22115384615384615
81 0.1310096153846154 0.30649038461538464 0.21153846153846154 0.22355769230769232
77 0.8665865384615384 0.6742788461538461 0.1466346153846154 0.19471153846153846
77 0.4735576923076923 0.625 0.1466346153846154 0.19471153846153846
75 0.6682692307692307 0.6742788461538461 0.14182692307692307 0.15384615384615385
75 0.0673076923076923 0.5973557692307693 0.12980769230769232 0.14903846153846154
76 0.26802884615384615 0.6370192307692307 0.16826923076923078 0.1875
76 0.06610576923076923 0.8473557692307693 0.13221153846153846 0.1658653846153846
81 0.16826923076923078 0.09254807692307693 0.20673076923076922 0.18509615384615385
81 0.42908653846153844 0.1141826923076923 0.2091346153846154 0.2283653846153846
81 0.9170673076923077 0.18389423076923078 0.1658653846153846 0.2283653846153846