81 0.625 0.12620192307692307 0.18509615384615385 0.19831730769230768
81 0.10817307692307693 0.359375 0.18629807692307693 0.19951923076923078
77 0.8870192307692307 0.6213942307692307 0.12259615384615384 0.17908653846153846
77 0.49158653846153844 0.6274038461538461 0.12259615384615384 0.18028846153846154
75 0.6911057692307693 0.6490384615384616 0.125 0.13822115384615385
75 0.08533653846153846 0.65625 0.11298076923076923 0.13581730769230768
76 0.28966346153846156 0.6682692307692307 0.14543269230769232 0.16826923076923078
76 0.09975961538461539 0.9086538461538461 0.15144230769230768 0.1466346153846154
81 0.11298076923076923 0.12139423076923077 0.18028846153846154 0.20552884615384615
81 0.3762019230769231 0.12379807692307693 0.1814903846153846 0.21394230769230768
81 0.8870192307692307 0.12620192307692307 0.17427884615384615 0.20673076923076922