75 0.9314903846153846 0.15745192307692307 0.13221153846153846 0.15865384615384615
76 0.7355769230769231 0.15745192307692307 0.15384615384615385 0.18028846153846154
76 0.3233173076923077 0.14783653846153846 0.15384615384615385 0.18028846153846154
75 0.09254807692307693 0.3557692307692308 0.13701923076923078 0.14423076923076922
77 0.8846153846153846 0.5973557692307693 0.14423076923076922 0.19471153846153846
77 0.3016826923076923 0.5865384615384616 0.1466346153846154 0.20673076923076922
75 0.6995192307692307 0.6358173076923077 0.13942307692307693 0.16346153846153846
76 0.515625 0.6310096153846154 0.15144230769230768 0.1875
76 0.09254807692307693 0.6177884615384616 0.17067307692307693 0.20192307692307693
75 0.08173076923076923 0.8413461538461539 0.12259615384615384 0.16826923076923078
77 0.109375 0.09495192307692307 0.1346153846153846 0.18028846153846154
77 0.5192307692307693 0.11177884615384616 0.11538461538461539 0.18509615384615385