75 0.9194711538461539 0.14302884615384615 0.12740384615384615 0.15504807692307693
76 0.7235576923076923 0.14903846153846154 0.14783653846153846 0.17548076923076922
76 0.3112980769230769 0.15384615384615385 0.14903846153846154 0.17427884615384615
75 0.08774038461538461 0.3701923076923077 0.1310096153846154 0.140625
77 0.8882211538461539 0.5841346153846154 0.13822115384615385 0.19110576923076922
77 0.30528846153846156 0.59375 0.13942307692307693 0.20192307692307693
75 0.7043269230769231 0.6286057692307693 0.13341346153846154 0.15865384615384615
76 0.5204326923076923 0.6298076923076923 0.14543269230769232 0.18269230769230768
76 0.09735576923076923 0.6322115384615384 0.16346153846153846 0.19591346153846154
75 0.09375 0.8557692307692307 0.11658653846153846 0.16346153846153846
77 0.09495192307692307 0.109375 0.12860576923076922 0.17668269230769232
77 0.5060096153846154 0.11177884615384616 0.10817307692307693 0.1814903846153846