79 0.0733173076923077 0.36538461538461536 0.1466346153846154 0.21634615384615385
78 0.27403846153846156 0.36658653846153844 0.14903846153846154 0.21875
79 0.48677884615384615 0.5733173076923077 0.1466346153846154 0.20432692307692307
78 0.9026442307692307 0.5360576923076923 0.14903846153846154 0.18509615384615385
82 0.7007211538461539 0.5588942307692307 0.1346153846153846 0.18509615384615385
82 0.29086538461538464 0.6033653846153846 0.15144230769230768 0.18990384615384615
78 0.09134615384615384 0.6237980769230769 0.15144230769230768 0.19471153846153846
79 0.1141826923076923 0.8449519230769231 0.14423076923076922 0.21634615384615385
79 0.23197115384615385 0.12620192307692307 0.14182692307692307 0.18269230769230768
82 0.44711538461538464 0.11298076923076923 0.15625 0.20432692307692307
82 0.6526442307692307 0.09375 0.15144230769230768 0.1875
78 0.057692307692307696 0.15745192307692307 0.11538461538461539 0.19471153846153846