78 0.4411057692307692 0.13221153846153846 0.14903846153846154 0.21394230769230768
79 0.06610576923076923 0.41947115384615385 0.13221153846153846 0.21875
79 0.10336538461538461 0.6550480769230769 0.15625 0.20432692307692307
79 0.7319711538461539 0.5492788461538461 0.15384615384615385 0.21153846153846154
78 0.5168269230769231 0.5889423076923077 0.15144230769230768 0.21153846153846154
78 0.3173076923076923 0.6286057692307693 0.15865384615384615 0.2283653846153846
82 0.3473557692307692 0.859375 0.14423076923076922 0.18509615384615385
82 0.1502403846153846 0.9002403846153846 0.15384615384615385 0.18990384615384615
79 0.04567307692307692 0.18629807692307693 0.09134615384615384 0.20432692307692307
82 0.6310096153846154 0.09375 0.16105769230769232 0.1875
82 0.24278846153846154 0.15985576923076922 0.17307692307692307 0.20192307692307693
78 0.8377403846153846 0.07932692307692307 0.15625 0.15865384615384615