78 0.5637019230769231 0.13341346153846154 0.1466346153846154 0.21153846153846154
79 0.109375 0.28125 0.14182692307692307 0.21875
79 0.07572115384615384 0.5168269230769231 0.15144230769230768 0.20192307692307693
79 0.703125 0.6225961538461539 0.14903846153846154 0.2091346153846154
78 0.48677884615384615 0.5889423076923077 0.14903846153846154 0.2091346153846154
78 0.2860576923076923 0.5625 0.15384615384615385 0.22596153846153846
82 0.23918269230769232 0.7896634615384616 0.14182692307692307 0.18509615384615385
82 0.057692307692307696 0.7644230769230769 0.11538461538461539 0.1875
79 0.14543269230769232 0.0733173076923077 0.1466346153846154 0.1466346153846154
82 0.7596153846153846 0.15384615384615385 0.15865384615384615 0.1971153846153846
82 0.36658653846153844 0.09735576923076923 0.17067307692307693 0.19471153846153846
78 0.9447115384615384 0.18870192307692307 0.11057692307692307 0.2091346153846154