79 0.3173076923076923 0.12860576923076922 0.13221153846153846 0.18509615384615385
79 0.7512019230769231 0.13822115384615385 0.12259615384615384 0.1971153846153846
82 0.10096153846153846 0.13341346153846154 0.12980769230769232 0.19230769230769232
82 0.5384615384615384 0.14302884615384615 0.12980769230769232 0.1778846153846154
78 0.3016826923076923 0.37259615384615385 0.1466346153846154 0.18509615384615385
78 0.08533653846153846 0.3713942307692308 0.1201923076923077 0.1875
79 0.5216346153846154 0.6286057692307693 0.11538461538461539 0.19951923076923078
78 0.7439903846153846 0.6382211538461539 0.11778846153846154 0.19230769230769232
82 0.0889423076923077 0.6346153846153846 0.13221153846153846 0.17307692307692307
82 0.30528846153846156 0.6394230769230769 0.14423076923076922 0.17548076923076922
78 0.3173076923076923 0.8677884615384616 0.13942307692307693 0.19471153846153846
79 0.08533653846153846 0.8689903846153846 0.1201923076923077 0.20192307692307693