80 0.27884615384615385 0.1502403846153846 0.1622596153846154 0.16346153846153846
80 0.07932692307692307 0.3870192307692308 0.15144230769230768 0.17307692307692307
83 0.5024038461538461 0.5961538461538461 0.1310096153846154 0.17668269230769232
84 0.0889423076923077 0.5973557692307693 0.1310096153846154 0.18389423076923078
83 0.296875 0.6033653846153846 0.109375 0.17668269230769232
80 0.6935096153846154 0.6334134615384616 0.16466346153846154 0.16947115384615385
84 0.33774038461538464 0.8341346153846154 0.1346153846153846 0.18509615384615385
80 0.0733173076923077 0.8798076923076923 0.14182692307692307 0.17307692307692307
84 0.7175480769230769 0.10697115384615384 0.13822115384615385 0.1814903846153846
84 0.09134615384615384 0.11057692307692307 0.12860576923076922 0.19831730769230768
83 0.9266826923076923 0.11298076923076923 0.13341346153846154 0.16346153846153846
83 0.5144230769230769 0.11899038461538461 0.13341346153846154 0.17427884615384615