84 0.29447115384615385 0.1346153846153846 0.1466346153846154 0.20192307692307693
83 0.9122596153846154 0.140625 0.125 0.17307692307692307
83 0.7091346153846154 0.14783653846153846 0.12980769230769232 0.17307692307692307
80 0.0829326923076923 0.18028846153846154 0.14423076923076922 0.14903846153846154
80 0.4951923076923077 0.18269230769230768 0.16826923076923078 0.15865384615384615
84 0.10096153846153846 0.37259615384615385 0.13701923076923078 0.18269230769230768
83 0.2980769230769231 0.6189903846153846 0.1201923076923077 0.1778846153846154
83 0.5060096153846154 0.6262019230769231 0.1346153846153846 0.17307692307692307
80 0.08173076923076923 0.6634615384615384 0.15865384615384615 0.16346153846153846
84 0.30408653846153844 0.8497596153846154 0.10096153846153846 0.18269230769230768
84 0.47115384615384615 0.8521634615384616 0.1346153846153846 0.1875
80 0.08173076923076923 0.8966346153846154 0.14423076923076922 0.15865384615384615