84 0.29447115384615385 0.1346153846153846 0.1466346153846154 0.203125
83 0.9122596153846154 0.140625 0.12379807692307693 0.171875
83 0.7091346153846154 0.14783653846153846 0.1310096153846154 0.17307692307692307
80 0.0829326923076923 0.18028846153846154 0.14423076923076922 0.14903846153846154
80 0.4951923076923077 0.18269230769230768 0.16947115384615385 0.15985576923076922
84 0.10096153846153846 0.37259615384615385 0.13701923076923078 0.1814903846153846
83 0.2980769230769231 0.6189903846153846 0.1201923076923077 0.17908653846153846
83 0.5060096153846154 0.6262019230769231 0.13581730769230768 0.17427884615384615
80 0.08173076923076923 0.6634615384615384 0.15865384615384615 0.16466346153846154
84 0.30408653846153844 0.8497596153846154 0.10096153846153846 0.18389423076923078
84 0.47115384615384615 0.8521634615384616 0.13341346153846154 0.18870192307692307
80 0.08173076923076923 0.8966346153846154 0.14543269230769232 0.15745192307692307