85 0.9086538461538461 0.1346153846153846 0.140625 0.15625
85 0.296875 0.1346153846153846 0.12139423076923077 0.15745192307692307
85 0.09495192307692307 0.140625 0.1346153846153846 0.1502403846153846
85 0.7055288461538461 0.1466346153846154 0.12620192307692307 0.16346153846153846
85 0.49278846153846156 0.14783653846153846 0.1310096153846154 0.15865384615384615
85 0.08052884615384616 0.3701923076923077 0.13341346153846154 0.15264423076923078
85 0.4951923076923077 0.6213942307692307 0.1346153846153846 0.19591346153846154
85 0.2764423076923077 0.6237980769230769 0.15865384615384615 0.17548076923076922
85 0.08774038461538461 0.6237980769230769 0.12139423076923077 0.15865384615384615
85 0.7043269230769231 0.6237980769230769 0.1346153846153846 0.18389423076923078
85 0.9098557692307693 0.625 0.13701923076923078 0.15144230769230768
85 0.09735576923076923 0.8533653846153846 0.1658653846153846 0.16706730769230768