161 0.09975961538461539 0.23918269230769232 0.1778846153846154 0.11778846153846154
234 0.24158653846153846 0.4026442307692308 0.15144230769230768 0.16346153846153846
67 0.7548076923076923 0.43028846153846156 0.15144230769230768 0.13221153846153846
234 0.9254807692307693 0.43990384615384615 0.14903846153846154 0.1346153846153846
67 0.41466346153846156 0.41586538461538464 0.14903846153846154 0.13942307692307693
234 0.5853365384615384 0.42908653846153844 0.13942307692307693 0.14903846153846154
67 0.07572115384615384 0.4050480769230769 0.14423076923076922 0.1346153846153846
234 0.25600961538461536 0.078125 0.1466346153846154 0.15625
67 0.7704326923076923 0.10336538461538461 0.15144230769230768 0.1466346153846154
234 0.09014423076923077 0.0733173076923077 0.14182692307692307 0.1466346153846154
234 0.421875 0.0889423076923077 0.1466346153846154 0.1346153846153846
67 0.5913461538461539 0.10216346153846154 0.16346153846153846 0.15625
67 0.9338942307692307 0.12139423076923077 0.13221153846153846 0.1466346153846154