161 0.1141826923076923 0.21875 0.18269230769230768 0.125
234 0.24759615384615385 0.38822115384615385 0.15865384615384615 0.16826923076923078
67 0.7584134615384616 0.44350961538461536 0.15865384615384615 0.13942307692307693
234 0.9254807692307693 0.46274038461538464 0.14903846153846154 0.14182692307692307
67 0.4182692307692308 0.41225961538461536 0.15384615384615385 0.1466346153846154
234 0.5889423076923077 0.4326923076923077 0.14423076923076922 0.15625
67 0.08052884615384616 0.38341346153846156 0.14903846153846154 0.14182692307692307
234 0.27884615384615385 0.0733173076923077 0.15384615384615385 0.1466346153846154
67 0.7908653846153846 0.11899038461538461 0.15865384615384615 0.15384615384615385
234 0.11298076923076923 0.06370192307692307 0.14903846153846154 0.12740384615384615
234 0.44350961538461536 0.08533653846153846 0.15384615384615385 0.14182692307692307
67 0.6129807692307693 0.10697115384615384 0.17067307692307693 0.16346153846153846
67 0.9423076923076923 0.14543269230769232 0.11538461538461539 0.15144230769230768