187 0.8557692307692307 0.14302884615384615 0.14783653846153846 0.15384615384615385
30 0.6778846153846154 0.14783653846153846 0.1622596153846154 0.15144230769230768
120 0.1310096153846154 0.38100961538461536 0.19831730769230768 0.14903846153846154
189 0.2764423076923077 0.59375 0.11177884615384616 0.17427884615384615
32 0.4579326923076923 0.5985576923076923 0.11899038461538461 0.18389423076923078
120 0.6694711538461539 0.6286057692307693 0.18629807692307693 0.17548076923076922
187 0.8521634615384616 0.6334134615384616 0.14783653846153846 0.16706730769230768
30 0.1141826923076923 0.6358173076923077 0.17668269230769232 0.14783653846153846
122 0.12740384615384615 0.8341346153846154 0.15384615384615385 0.17908653846153846
189 0.4879807692307692 0.10817307692307693 0.109375 0.1622596153846154
32 0.1141826923076923 0.11538461538461539 0.125 0.16947115384615385
122 0.3004807692307692 0.12139423076923077 0.16105769230769232 0.18389423076923078