187 0.8161057692307693 0.10817307692307693 0.16346153846153846 0.16826923076923078
30 0.640625 0.1310096153846154 0.1778846153846154 0.16826923076923078
120 0.1201923076923077 0.4206730769230769 0.21394230769230768 0.16826923076923078
189 0.28725961538461536 0.6165865384615384 0.12980769230769232 0.18509615384615385
32 0.46875 0.6021634615384616 0.13701923076923078 0.19471153846153846
120 0.6814903846153846 0.6105769230769231 0.20432692307692307 0.19471153846153846
187 0.8641826923076923 0.5961538461538461 0.16346153846153846 0.18269230769230768
30 0.1310096153846154 0.6754807692307693 0.19230769230769232 0.1658653846153846
122 0.16466346153846154 0.8713942307692307 0.17067307692307693 0.19471153846153846
189 0.44711538461538464 0.11177884615384616 0.125 0.17307692307692307
32 0.07572115384615384 0.15745192307692307 0.14182692307692307 0.18269230769230768
122 0.2620192307692308 0.14423076923076922 0.18028846153846154 0.19951923076923078