187 0.8677884615384616 0.15625 0.15384615384615385 0.15865384615384615
30 0.6899038461538461 0.15384615384615385 0.16826923076923078 0.15625
120 0.13581730769230768 0.36778846153846156 0.20432692307692307 0.15625
189 0.27283653846153844 0.5853365384615384 0.11778846153846154 0.1778846153846154
32 0.4543269230769231 0.5973557692307693 0.125 0.1875
120 0.6646634615384616 0.6346153846153846 0.19230769230769232 0.18269230769230768
187 0.8473557692307693 0.6454326923076923 0.15384615384615385 0.17307692307692307
30 0.109375 0.6225961538461539 0.18269230769230768 0.15384615384615385
122 0.11538461538461539 0.8209134615384616 0.16105769230769232 0.18509615384615385
189 0.5012019230769231 0.10817307692307693 0.11538461538461539 0.1658653846153846
32 0.12740384615384615 0.10216346153846154 0.12980769230769232 0.17307692307692307
122 0.3137019230769231 0.1141826923076923 0.16826923076923078 0.18990384615384615