122 0.8100961538461539 0.09375 0.1778846153846154 0.1778846153846154
32 0.078125 0.15865384615384615 0.14423076923076922 0.19230769230769232
189 0.6201923076923077 0.12139423076923077 0.12740384615384615 0.19230769230769232
187 0.47115384615384615 0.15745192307692307 0.15865384615384615 0.15144230769230768
120 0.27403846153846156 0.17668269230769232 0.20432692307692307 0.17307692307692307
30 0.10697115384615384 0.41346153846153844 0.17307692307692307 0.16826923076923078
189 0.30408653846153844 0.6117788461538461 0.13221153846153846 0.18509615384615385
122 0.12139423076923077 0.6298076923076923 0.18269230769230768 0.1875
120 0.49399038461538464 0.5985576923076923 0.1875 0.19471153846153846
32 0.6850961538461539 0.5973557692307693 0.13701923076923078 0.20192307692307693
187 0.875 0.5985576923076923 0.16105769230769232 0.16346153846153846
30 0.1466346153846154 0.9002403846153846 0.16346153846153846 0.15625