189 0.48677884615384615 0.12860576923076922 0.1201923076923077 0.17427884615384615
30 0.3233173076923077 0.16706730769230768 0.15985576923076922 0.14543269230769232
187 0.8701923076923077 0.16947115384615385 0.15865384615384615 0.14423076923076922
120 0.11778846153846154 0.171875 0.19110576923076922 0.14423076923076922
122 0.11057692307692307 0.3581730769230769 0.16947115384615385 0.17908653846153846
189 0.6634615384615384 0.6225961538461539 0.11778846153846154 0.16826923076923078
122 0.11658653846153846 0.6237980769230769 0.18509615384615385 0.17427884615384615
32 0.3076923076923077 0.6286057692307693 0.12740384615384615 0.1971153846153846
187 0.5036057692307693 0.6646634615384616 0.15264423076923078 0.16947115384615385
30 0.8641826923076923 0.6658653846153846 0.15625 0.17067307692307693
120 0.12379807692307693 0.9074519230769231 0.18389423076923078 0.14302884615384615
32 0.6778846153846154 0.11778846153846154 0.12980769230769232 0.18629807692307693