138 0.14423076923076922 0.1045673076923077 0.19230769230769232 0.15865384615384615
49 0.3161057692307692 0.3317307692307692 0.13701923076923078 0.1778846153846154
227 0.11658653846153846 0.32091346153846156 0.13701923076923078 0.1778846153846154
157 0.7764423076923077 0.35697115384615385 0.19230769230769232 0.1971153846153846
49 0.5288461538461539 0.35096153846153844 0.13701923076923078 0.1778846153846154
157 0.13581730769230768 0.5540865384615384 0.18990384615384615 0.18509615384615385
227 0.3545673076923077 0.5697115384615384 0.13701923076923078 0.18509615384615385
138 0.7391826923076923 0.8521634615384616 0.18509615384615385 0.16105769230769232
219 0.5745192307692307 0.8485576923076923 0.11778846153846154 0.12740384615384615
41 0.2403846153846154 0.8317307692307693 0.125 0.12980769230769232
219 0.9074519230769231 0.8665865384615384 0.13701923076923078 0.13701923076923078
41 0.08774038461538461 0.8245192307692307 0.125 0.12980769230769232
138 0.4230769230769231 0.8461538461538461 0.17067307692307693 0.15865384615384615
219 0.6045673076923077 0.11778846153846154 0.12740384615384615 0.12980769230769232
138 0.9122596153846154 0.1346153846153846 0.17548076923076922 0.15384615384615385
41 0.3161057692307692 0.10576923076923077 0.12740384615384615 0.15144230769230768
41 0.7463942307692307 0.12980769230769232 0.11778846153846154 0.1201923076923077
219 0.4699519230769231 0.11778846153846154 0.1201923076923077 0.15865384615384615