138 0.12379807692307693 0.12379807692307693 0.18389423076923078 0.1502403846153846
49 0.3076923076923077 0.34134615384615385 0.12740384615384615 0.171875
227 0.10817307692307693 0.34134615384615385 0.12860576923076922 0.171875
157 0.7680288461538461 0.3425480769230769 0.18389423076923078 0.1875
49 0.5204326923076923 0.34975961538461536 0.12740384615384615 0.171875
157 0.13942307692307693 0.5733173076923077 0.18028846153846154 0.17548076923076922
227 0.3581730769230769 0.5769230769230769 0.12740384615384615 0.1778846153846154
138 0.7572115384615384 0.8389423076923077 0.17668269230769232 0.15264423076923078
219 0.5925480769230769 0.84375 0.11057692307692307 0.12259615384615384
41 0.25841346153846156 0.8449519230769231 0.11899038461538461 0.12379807692307693
219 0.9266826923076923 0.8449519230769231 0.1310096153846154 0.12980769230769232
41 0.10576923076923077 0.8461538461538461 0.11778846153846154 0.12379807692307693
138 0.4411057692307692 0.8497596153846154 0.1622596153846154 0.15144230769230768
219 0.5841346153846154 0.11298076923076923 0.12139423076923077 0.12379807692307693
138 0.9002403846153846 0.1141826923076923 0.17908653846153846 0.14423076923076922
41 0.2956730769230769 0.11538461538461539 0.11899038461538461 0.14423076923076922
41 0.7271634615384616 0.11778846153846154 0.11177884615384616 0.1141826923076923
219 0.4495192307692308 0.1201923076923077 0.11177884615384616 0.15384615384615385