120 0.6141826923076923 0.13221153846153846 0.21153846153846154 0.1875
30 0.8293269230769231 0.11778846153846154 0.19230769230769232 0.17548076923076922
122 0.09615384615384616 0.4074519230769231 0.18990384615384615 0.20432692307692307
122 0.12620192307692307 0.6682692307692307 0.18990384615384615 0.20673076923076922
32 0.5444711538461539 0.6225961538461539 0.15144230769230768 0.19230769230769232
189 0.9050480769230769 0.5805288461538461 0.14903846153846154 0.1875
120 0.359375 0.6766826923076923 0.20673076923076922 0.19230769230769232
187 0.7331730769230769 0.6346153846153846 0.18509615384615385 0.17307692307692307
30 0.16706730769230768 0.9278846153846154 0.18990384615384615 0.14423076923076922
188 0.051682692307692304 0.1622596153846154 0.10336538461538461 0.18028846153846154
189 0.2091346153846154 0.14302884615384615 0.15144230769230768 0.20192307692307693
32 0.39663461538461536 0.12379807692307693 0.16105769230769232 0.20432692307692307