120 0.640625 0.140625 0.20192307692307693 0.17548076923076922
30 0.8557692307692307 0.14182692307692307 0.18269230769230768 0.16346153846153846
122 0.10336538461538461 0.3798076923076923 0.1778846153846154 0.19471153846153846
122 0.11538461538461539 0.6418269230769231 0.1778846153846154 0.19471153846153846
32 0.5360576923076923 0.6262019230769231 0.13942307692307693 0.18509615384615385
189 0.8978365384615384 0.609375 0.13701923076923078 0.18028846153846154
120 0.3473557692307692 0.6670673076923077 0.19471153846153846 0.18028846153846154
187 0.7235576923076923 0.6502403846153846 0.17548076923076922 0.16346153846153846
30 0.13581730769230768 0.9182692307692307 0.18028846153846154 0.16346153846153846
188 0.06129807692307692 0.13221153846153846 0.12259615384615384 0.17307692307692307
189 0.234375 0.12379807692307693 0.13942307692307693 0.19471153846153846
32 0.4230769230769231 0.11778846153846154 0.14903846153846154 0.19471153846153846