187 0.546875 0.15144230769230768 0.16826923076923078 0.17067307692307693
120 0.7367788461538461 0.19110576923076922 0.1971153846153846 0.1778846153846154
30 0.36658653846153844 0.13942307692307693 0.18028846153846154 0.1658653846153846
122 0.15384615384615385 0.2956730769230769 0.20673076923076922 0.20673076923076922
122 0.8257211538461539 0.6574519230769231 0.1875 0.19951923076923078
32 0.2608173076923077 0.5697115384615384 0.16105769230769232 0.18509615384615385
187 0.09495192307692307 0.5769230769230769 0.17548076923076922 0.1875
187 0.45072115384615385 0.6358173076923077 0.17548076923076922 0.18028846153846154
30 0.6322115384615384 0.6682692307692307 0.16826923076923078 0.1658653846153846
120 0.09735576923076923 0.8197115384615384 0.19471153846153846 0.21153846153846154
32 0.18269230769230768 0.07451923076923077 0.15384615384615385 0.14903846153846154
32 0.9206730769230769 0.17908653846153846 0.15865384615384615 0.19471153846153846