187 0.5048076923076923 0.14302884615384615 0.18509615384615385 0.17307692307692307
30 0.14903846153846154 0.09615384615384616 0.18269230769230768 0.18509615384615385
120 0.703125 0.17908653846153846 0.20432692307692307 0.1875
189 0.0985576923076923 0.2980769230769231 0.14423076923076922 0.18990384615384615
189 0.8581730769230769 0.6550480769230769 0.15384615384615385 0.18028846153846154
122 0.4831730769230769 0.6033653846153846 0.1778846153846154 0.1875
32 0.078125 0.5504807692307693 0.15625 0.1875
30 0.6790865384615384 0.6646634615384616 0.18990384615384615 0.18028846153846154
120 0.27283653846153844 0.6117788461538461 0.20673076923076922 0.18269230769230768
187 0.06490384615384616 0.8209134615384616 0.12980769230769232 0.18028846153846154
32 0.3293269230769231 0.09254807692307693 0.16826923076923078 0.18509615384615385
122 0.9122596153846154 0.16706730769230768 0.17548076923076922 0.18990384615384615