187 0.45552884615384615 0.14543269230769232 0.16346153846153846 0.15384615384615385
30 0.09615384615384616 0.14903846153846154 0.16346153846153846 0.16346153846153846
120 0.65625 0.15384615384615385 0.18269230769230768 0.16346153846153846
189 0.07451923076923077 0.3557692307692308 0.1201923076923077 0.17548076923076922
189 0.8762019230769231 0.6033653846153846 0.12980769230769232 0.16346153846153846
122 0.49759615384615385 0.6045673076923077 0.15625 0.16826923076923078
32 0.08653846153846154 0.6105769230769231 0.13942307692307693 0.17067307692307693
30 0.7007211538461539 0.6382211538461539 0.17067307692307693 0.15865384615384615
120 0.29086538461538464 0.6418269230769231 0.1875 0.15865384615384615
187 0.08774038461538461 0.8822115384615384 0.16105769230769232 0.15865384615384615
32 0.27403846153846156 0.11298076923076923 0.14423076923076922 0.18269230769230768
122 0.8617788461538461 0.11298076923076923 0.15384615384615385 0.17067307692307693