120 0.484375 0.14903846153846154 0.171875 0.15504807692307693
30 0.8930288461538461 0.15625 0.15625 0.14903846153846154
187 0.10817307692307693 0.38100961538461536 0.16466346153846154 0.1658653846153846
189 0.4807692307692308 0.5913461538461539 0.12259615384615384 0.18028846153846154
122 0.30528846153846156 0.5973557692307693 0.15504807692307693 0.17668269230769232
32 0.6598557692307693 0.6009615384615384 0.13701923076923078 0.19110576923076922
120 0.8774038461538461 0.6286057692307693 0.18269230769230768 0.15865384615384615
30 0.11899038461538461 0.6382211538461539 0.15504807692307693 0.13701923076923078
187 0.109375 0.8629807692307693 0.16826923076923078 0.1502403846153846
189 0.2776442307692308 0.1141826923076923 0.12980769230769232 0.16947115384615385
32 0.10216346153846154 0.11658653846153846 0.1466346153846154 0.17908653846153846
122 0.6802884615384616 0.11899038461538461 0.15865384615384615 0.16826923076923078