120 0.5024038461538461 0.14903846153846154 0.18028846153846154 0.16346153846153846
30 0.9110576923076923 0.1778846153846154 0.16346153846153846 0.15625
187 0.11538461538461539 0.3605769230769231 0.17307692307692307 0.17307692307692307
189 0.47596153846153844 0.5901442307692307 0.13221153846153846 0.1875
122 0.3004807692307692 0.5865384615384616 0.16346153846153846 0.18509615384615385
32 0.6538461538461539 0.609375 0.1466346153846154 0.1971153846153846
120 0.8701923076923077 0.6478365384615384 0.18990384615384615 0.16826923076923078
30 0.11177884615384616 0.6177884615384616 0.16105769230769232 0.14423076923076922
187 0.09134615384615384 0.8425480769230769 0.17548076923076922 0.15865384615384615
189 0.2980769230769231 0.10336538461538461 0.13942307692307693 0.17548076923076922
32 0.12259615384615384 0.09615384615384616 0.15625 0.1875
122 0.6995192307692307 0.12860576923076922 0.16826923076923078 0.17548076923076922