195 0.8581730769230769 0.2536057692307692 0.1201923076923077 0.16105769230769232
188 0.24639423076923078 0.31850961538461536 0.1346153846153846 0.15384615384615385
172 0.5697115384615384 0.2848557692307692 0.15144230769230768 0.16826923076923078
38 0.109375 0.33413461538461536 0.13221153846153846 0.16826923076923078
121 0.4014423076923077 0.3076923076923077 0.14423076923076922 0.16826923076923078
31 0.7235576923076923 0.2764423076923077 0.13221153846153846 0.16346153846153846
172 0.4375 0.5024038461538461 0.1466346153846154 0.1658653846153846
38 0.27884615384615385 0.5192307692307693 0.13221153846153846 0.16826923076923078
188 0.8822115384615384 0.45913461538461536 0.1346153846153846 0.15384615384615385
195 0.7415865384615384 0.47475961538461536 0.12740384615384615 0.15384615384615385
121 0.6081730769230769 0.4963942307692308 0.14182692307692307 0.15144230769230768
31 0.1310096153846154 0.546875 0.125 0.16346153846153846
38 0.6322115384615384 0.6850961538461539 0.125 0.17067307692307693
172 0.31009615384615385 0.7235576923076923 0.16105769230769232 0.17067307692307693
188 0.7692307692307693 0.6778846153846154 0.12259615384615384 0.14903846153846154
195 0.9026442307692307 0.6658653846153846 0.12259615384615384 0.16826923076923078
121 0.48197115384615385 0.7127403846153846 0.13701923076923078 0.16105769230769232
31 0.15384615384615385 0.7548076923076923 0.14182692307692307 0.17548076923076922
195 0.3870192307692308 0.09735576923076923 0.11298076923076923 0.15625
188 0.5252403846153846 0.0829326923076923 0.12259615384615384 0.14903846153846154
188 0.7584134615384616 0.8870192307692307 0.125 0.15625
38 0.07572115384615384 0.13341346153846154 0.1346153846153846 0.1658653846153846
31 0.6237980769230769 0.9050480769230769 0.12259615384615384 0.1658653846153846
195 0.15504807692307693 0.9350961538461539 0.12740384615384615 0.12980769230769232
172 0.9254807692307693 0.8737980769230769 0.14903846153846154 0.16346153846153846
38 0.30649038461538464 0.9254807692307693 0.12740384615384615 0.14903846153846154
121 0.4699519230769231 0.921875 0.15144230769230768 0.15625
172 0.24158653846153846 0.11778846153846154 0.16105769230769232 0.17067307692307693
31 0.8461538461538461 0.06850961538461539 0.1201923076923077 0.13701923076923078
121 0.6862980769230769 0.07932692307692307 0.15144230769230768 0.15865384615384615