188 0.22716346153846154 0.22355769230769232 0.11298076923076923 0.15865384615384615
38 0.5420673076923077 0.22355769230769232 0.11658653846153846 0.17427884615384615
172 0.07572115384615384 0.2247596153846154 0.14182692307692307 0.16826923076923078
195 0.37740384615384615 0.22596153846153846 0.11057692307692307 0.1658653846153846
121 0.8834134615384616 0.22956730769230768 0.15384615384615385 0.1658653846153846
31 0.703125 0.23317307692307693 0.125 0.16466346153846154
188 0.23557692307692307 0.44591346153846156 0.11658653846153846 0.16466346153846154
38 0.3870192307692308 0.44591346153846156 0.11298076923076923 0.16466346153846154
172 0.5625 0.44711538461538464 0.14783653846153846 0.17427884615384615
172 0.9098557692307693 0.4483173076923077 0.1466346153846154 0.18870192307692307
31 0.7379807692307693 0.4495192307692308 0.13341346153846154 0.1814903846153846
121 0.07451923076923077 0.4519230769230769 0.140625 0.15745192307692307
195 0.7331730769230769 0.6670673076923077 0.12139423076923077 0.17548076923076922
188 0.890625 0.6742788461538461 0.10336538461538461 0.15625
121 0.07451923076923077 0.6766826923076923 0.13341346153846154 0.1658653846153846
38 0.5841346153846154 0.6778846153846154 0.11538461538461539 0.17908653846153846
172 0.41947115384615385 0.6790865384615384 0.1502403846153846 0.17668269230769232
31 0.24519230769230768 0.6790865384615384 0.13341346153846154 0.16947115384615385
195 0.5348557692307693 0.8930288461538461 0.12259615384615384 0.15745192307692307
121 0.7151442307692307 0.8942307692307693 0.15384615384615385 0.16947115384615385
188 0.3942307692307692 0.8990384615384616 0.11057692307692307 0.15745192307692307
172 0.22956730769230768 0.8990384615384616 0.16346153846153846 0.17427884615384615
38 0.06129807692307692 0.9002403846153846 0.11298076923076923 0.15985576923076922
31 0.8930288461538461 0.9050480769230769 0.13822115384615385 0.16346153846153846