157 0.11298076923076923 0.11538461538461539 0.16706730769230768 0.15144230769230768
227 0.32211538461538464 0.11778846153846154 0.12259615384615384 0.18509615384615385
157 0.11658653846153846 0.33413461538461536 0.16105769230769232 0.17307692307692307
227 0.32091346153846156 0.34134615384615385 0.12139423076923077 0.15625
41 0.6814903846153846 0.5841346153846154 0.11538461538461539 0.12379807692307693
138 0.11298076923076923 0.5853365384615384 0.15384615384615385 0.13701923076923078
138 0.3245192307692308 0.5865384615384616 0.16947115384615385 0.13221153846153846
219 0.5108173076923077 0.5889423076923077 0.0985576923076923 0.12620192307692307
219 0.8653846153846154 0.5961538461538461 0.12980769230769232 0.14783653846153846
41 0.08533653846153846 0.8040865384615384 0.11658653846153846 0.13701923076923078
49 0.7572115384615384 0.10096153846153846 0.13581730769230768 0.15865384615384615
157 0.5408653846153846 0.109375 0.15745192307692307 0.16346153846153846