123 0.5264423076923077 0.12740384615384615 0.15625 0.16706730769230768
190 0.8870192307692307 0.12980769230769232 0.12259615384615384 0.16466346153846154
191 0.07932692307692307 0.17427884615384615 0.13822115384615385 0.15384615384615385
34 0.27884615384615385 0.1814903846153846 0.15625 0.15144230769230768
124 0.12139423076923077 0.39302884615384615 0.15384615384615385 0.15144230769230768
123 0.5444711538461539 0.5817307692307693 0.1778846153846154 0.17668269230769232
33 0.7439903846153846 0.5901442307692307 0.14543269230769232 0.19230769230769232
29 0.9206730769230769 0.6117788461538461 0.12740384615384615 0.12379807692307693
124 0.3076923076923077 0.6237980769230769 0.18269230769230768 0.15144230769230768
191 0.0829326923076923 0.6274038461538461 0.14543269230769232 0.15504807692307693
190 0.15504807692307693 0.8004807692307693 0.14182692307692307 0.16346153846153846
33 0.7199519230769231 0.12259615384615384 0.12259615384615384 0.16466346153846154