123 0.49399038461538464 0.12620192307692307 0.17067307692307693 0.18028846153846154
190 0.8533653846153846 0.09735576923076923 0.13701923076923078 0.17548076923076922
191 0.06370192307692307 0.2127403846153846 0.12740384615384615 0.1658653846153846
34 0.25240384615384615 0.20192307692307693 0.16826923076923078 0.16346153846153846
124 0.11298076923076923 0.4266826923076923 0.1658653846153846 0.16346153846153846
123 0.5516826923076923 0.578125 0.19230769230769232 0.19230769230769232
33 0.7512019230769231 0.5685096153846154 0.16105769230769232 0.20432692307692307
29 0.9290865384615384 0.5745192307692307 0.13701923076923078 0.1346153846153846
124 0.31971153846153844 0.640625 0.19471153846153846 0.1658653846153846
191 0.09615384615384616 0.6634615384615384 0.15865384615384615 0.16826923076923078
190 0.18269230769230768 0.8293269230769231 0.15625 0.17548076923076922
33 0.6862980769230769 0.1045673076923077 0.13701923076923078 0.17548076923076922