191 0.23918269230769232 0.14903846153846154 0.1466346153846154 0.15384615384615385
34 0.6706730769230769 0.15384615384615385 0.15384615384615385 0.14423076923076922
124 0.4699519230769231 0.15985576923076922 0.1778846153846154 0.14423076923076922
33 0.10096153846153846 0.3269230769230769 0.13942307692307693 0.17307692307692307
190 0.7043269230769231 0.5504807692307693 0.11538461538461539 0.17307692307692307
123 0.34615384615384615 0.5552884615384616 0.16346153846153846 0.19230769230769232
33 0.5396634615384616 0.5612980769230769 0.1346153846153846 0.17067307692307693
191 0.8629807692307693 0.5901442307692307 0.14423076923076922 0.16826923076923078
124 0.11899038461538461 0.6033653846153846 0.15384615384615385 0.15865384615384615
34 0.08533653846153846 0.8209134615384616 0.14903846153846154 0.15384615384615385
190 0.08413461538461539 0.1045673076923077 0.1346153846153846 0.16826923076923078
123 0.9038461538461539 0.1045673076923077 0.18269230769230768 0.16826923076923078